ingestion_duration: 108.70108842849731
ingestion_success: 1
end_time: 1567506301.1254237
