score: 0.40144897270150787
Duration: 90.3950743675232
timestamps: [60.586243629455566, 68.38539385795593, 80.37992453575134, 90.3950743675232]
nauc_scores: [0.2649568957455142, 0.4850453573969866, 0.6399394803553133, 0.704909743974323]
accuracy: [0.011573541825975956, 0.021094631158016304, 0.031705078092264194, 0.04785122673602313]
