ingestion_duration: 305.4168002605438
ingestion_success: 1
end_time: 1566081480.3811429
