ingestion_duration: 302.3495047092438
ingestion_success: 1
end_time: 1567602698.4870608
