score: 0.03884315271728676
Duration: 304.1914849281311
