score: 0.6930844858604464
Duration: 296.9081301689148
timestamps: [11.312714099884033, 15.557903528213501, 25.123788118362427, 35.08071160316467, 46.927985191345215, 60.64078998565674, 76.28528809547424, 93.68757629394531, 113.05801939964294, 117.97794389724731, 123.46848773956299, 128.52931594848633, 133.6942892074585, 138.95687079429626, 143.9341459274292, 148.93055129051208, 154.03465056419373, 159.094877243042, 164.21777415275574, 169.357976436615, 174.39396262168884, 179.47085285186768, 184.48436832427979, 189.55209875106812, 194.64155316352844, 199.76609563827515, 204.81659245491028, 209.9431028366089, 215.03161549568176, 220.2123086452484, 225.36013007164001, 230.4822392463684, 235.54018759727478, 240.7260627746582, 245.9492928981781, 251.07890796661377, 256.349894285202, 261.5301253795624, 266.5218315124512, 271.54381489753723, 276.5698049068451, 281.69184827804565, 286.79735708236694, 291.83041882514954, 296.9081301689148]
nauc_scores: [0.0983314142247862, 0.4029848303874235, 0.6327338214560734, 0.7330888278070462, 0.7931316596136841, 0.8202934615324811, 0.8339421983655853, 0.7676695677751291, 0.8736734186239707, 0.8759839608008411, 0.875330794188447, 0.8750419842154273, 0.8771204985488938, 0.8786451703057057, 0.8772391777078596, 0.8785372844532688, 0.8788838516548707, 0.8761732601646837, 0.8786822901799698, 0.8807761640310876, 0.8802290393379708, 0.8784057614200633, 0.8788158091299723, 0.8782434452750407, 0.8794762589827949, 0.8805625774920693, 0.883647351242389, 0.8837643230714338, 0.8832976863755149, 0.8829178195994785, 0.8819876500299177, 0.8809081330821813, 0.883975670842613, 0.8833583216489391, 0.8813609454202076, 0.8802939751046839, 0.8840795358511218, 0.88428259451071, 0.8842717951899801, 0.8855010022475789, 0.888114847504758, 0.8887352355813556, 0.8895224231982042, 0.891267590002079, 0.8904436589664495]
