score: 0.6884109899624921
Duration: 305.1265323162079
