ingestion_duration: 300.4508879184723
ingestion_success: 1
end_time: 1567601790.354367
