ingestion_duration: 304.04141545295715
ingestion_success: 1
end_time: 1566080529.2128394
