score: 0.8114355538885385
Duration: 303.546434879303
