score: 0.5615154535552124
Duration: 304.99241971969604
