score: 0.23536146010941145
Duration: 278.1239287853241
