score: 0.4344965377366869
Duration: 304.48716735839844
