ingestion_duration: 304.2176661491394
ingestion_success: 1
end_time: 1566069846.0907655
