score: 0.8107460962991295
Duration: 303.498904466629
