score: 0.44835349974051997
Duration: 305.0233883857727
