ingestion_duration: 305.10428833961487
ingestion_success: 1
end_time: 1566070175.5295126
