score: 0.6466219294622525
Duration: 305.06585144996643
