score: 0.6264077493228773
Duration: 303.1969258785248
