ingestion_duration: 305.0194718837738
ingestion_success: 1
end_time: 1566080863.591745
