score: 0.7020344509182553
Duration: 304.99083161354065
