score: 0.5992712623380508
Duration: 279.66411328315735
timestamps: [6.7770256996154785, 11.23408317565918, 15.889341115951538, 20.9571795463562, 26.26077389717102, 31.931414127349854, 37.920971393585205, 44.307347536087036, 51.087623596191406, 58.304521799087524, 65.95393824577332, 74.11055183410645, 82.75630736351013, 91.94111013412476, 101.71903467178345, 112.09883260726929, 123.10549092292786, 134.840980052948, 147.2872531414032, 160.52463841438293, 174.57266330718994, 189.5361511707306, 205.45512557029724, 222.32189798355103, 240.28946709632874, 259.3686845302582, 279.66411328315735]
nauc_scores: [0.45165802289415447, 0.5858292940628826, 0.6100024278888716, 0.6389680712367112, 0.6461978938549393, 0.6470495325939507, 0.6580429740213116, 0.6433392197296559, 0.6562639671559942, 0.644795168162783, 0.6880355333767323, 0.7036679898300466, 0.6629127688427916, 0.6642403947235878, 0.684641361929726, 0.638405319101256, 0.6187226508885506, 0.6354387073713301, 0.6728401496160861, 0.6285427097658265, 0.6559585562642307, 0.6593367026462382, 0.6199965520317052, 0.6432055111135959, 0.5888305629773405, 0.6370605504501663, 0.6306377387895545]
accuracy: [0.14604445340476413, 0.22341959282755444, 0.22787311425324355, 0.22796999155025569, 0.24293333607407175, 0.23739604712318607, 0.24408727492806312, 0.2386114676276562, 0.2420443842727462, 0.2372879560384952, 0.2554022158920052, 0.25780478113742744, 0.24006745673533858, 0.23747408905131626, 0.24506428289861007, 0.23331030382346782, 0.22236757430538506, 0.22064953020220404, 0.23103981570785587, 0.21206541299608597, 0.2182921880284304, 0.2113154878626488, 0.19561460633254565, 0.20243035121824635, 0.18876042272768245, 0.19191339147480937, 0.1823527707239741]
