score: 0.6721032731662812
Duration: 286.086012840271
