0.296604 0.175747 0.504297 0.0233531
0.218206 0.0239017 0.745809 0.0120837
0.064889 0.0124663 0.912064 0.0105804
4.79328e-05 7.48229e-05 8.00584e-05 0.999797
0.230132 0.0252785 0.696713 0.0478763
0.0474826 0.00783865 0.939743 0.00493566
0.262241 0.053582 0.642684 0.0414938
0.0152286 0.00276639 0.976234 0.00577142
0.413451 0.092838 0.447531 0.0461796
0.00064164 0.000723609 0.000539659 0.998095
0.000110549 0.000142287 0.000104524 0.999643
0.295179 0.505902 0.169171 0.0297478
0.325478 0.318909 0.309506 0.0461066
0.000375763 0.000384281 0.000318371 0.998922
0.00628694 0.00922822 0.00802282 0.976462
6.37546e-05 7.19699e-05 9.44948e-05 0.99977
0.18064 0.0574312 0.747965 0.0139633
0.190001 0.021451 0.772347 0.0162011
0.426623 0.0678124 0.474443 0.0311217
0.119325 0.0122183 0.848274 0.0201831
0.132666 0.0575738 0.789854 0.0199058
3.15712e-05 3.67605e-05 2.68855e-05 0.999905
0.473613 0.0483832 0.451054 0.0269495
0.000258418 0.000401246 0.000403854 0.998936
0.157608 0.365315 0.435044 0.0420328
0.340777 0.0567139 0.571768 0.0307421
0.000533181 0.000577569 0.000392191 0.998497
0.327853 0.237155 0.399923 0.0350694
0.08369 0.0110194 0.894963 0.0103281
0.430662 0.176708 0.366771 0.0258586
0.000441773 0.000484265 0.000337467 0.998737
0.163077 0.0159044 0.802772 0.0182462
0.096375 0.0130921 0.880435 0.0100976
0.272969 0.0107897 0.64641 0.0698307
0.476143 0.095459 0.368263 0.060135
0.321709 0.101105 0.546129 0.0310565
0.349171 0.38806 0.222833 0.0399355
9.69704e-05 0.000135253 0.000127619 0.99964
0.358096 0.162132 0.409553 0.0702194
0.00112198 0.0013957 0.00110646 0.996376
0.00435325 0.00550246 0.00312891 0.987015
0.0390515 0.0236839 0.92541 0.0118549
0.000196119 0.000286248 0.000175007 0.999343
0.000197674 0.000223206 0.000268268 0.999311
0.122382 0.00426945 0.854809 0.0185396
0.2278 0.3083 0.414457 0.0494431
0.150845 0.233235 0.58641 0.0295104
0.404518 0.0723269 0.411397 0.111757
0.0819211 0.0104722 0.897359 0.0102478
0.0589207 0.0145116 0.919821 0.00674643
0.299817 0.203085 0.453958 0.04314
0.390207 0.0177084 0.537385 0.0547
0.159252 0.215076 0.59286 0.0328126
0.099386 0.00425704 0.882948 0.0134087
0.191624 0.0266062 0.757042 0.024728
0.493766 0.0445944 0.372158 0.089481
0.0383234 0.0155012 0.938039 0.00813676
0.00187393 0.00271798 0.00235329 0.993055
0.0209079 0.00229683 0.972257 0.00453815
0.165228 0.733361 0.0814341 0.019977
0.220884 0.615156 0.1381 0.0258595
0.355896 0.374932 0.243212 0.0259601
0.00100551 0.00117901 0.000776918 0.997039
0.171876 0.00466342 0.816843 0.00661732
0.000180277 0.00020661 0.000189888 0.999423
0.355468 0.0537807 0.52384 0.0669113
0.2107 0.643832 0.118488 0.0269797
0.318611 0.0289148 0.637276 0.0151985
0.189993 0.684933 0.100132 0.0249419
0.00965066 0.00115049 0.986361 0.00283817
0.244644 0.596844 0.13691 0.021602
0.00859294 0.000271922 0.989963 0.00117216
0.407531 0.209557 0.286782 0.0961301
0.000516066 0.000576546 0.000374724 0.998533
0.460928 0.09997 0.390135 0.0489672
0.0761489 0.0137905 0.893989 0.0160716
0.000857564 0.00109492 0.000921398 0.997126
0.00027199 0.000349412 0.000294211 0.999084
0.525205 0.0761354 0.327123 0.0715364
0.336238 0.0431058 0.580111 0.0405454
0.301414 0.454102 0.201671 0.0428126
0.253764 0.194594 0.506253 0.0453885
0.333726 0.174419 0.455483 0.0363728
0.349332 0.235089 0.381174 0.0344059
0.15079 0.556725 0.262697 0.029787
0.000141862 0.000152651 0.000158624 0.999547
0.00140327 0.00161872 0.00175358 0.995224
0.00994339 0.0115005 0.018643 0.959913
0.419069 0.120903 0.433413 0.0266145
0.0481307 0.00940027 0.936473 0.00599554
0.000628723 0.000768778 0.000493337 0.998109
0.0752533 0.0134805 0.895511 0.015755
0.31655 0.151408 0.411493 0.120548
0.260532 0.190101 0.497512 0.0518545
0.00023512 0.000295767 0.000250404 0.999219
5.5047e-05 7.53349e-05 7.09038e-05 0.999799
0.000430189 0.000538527 0.000522799 0.998509
0.173687 0.0262671 0.772712 0.0273333
0.000732401 0.00101955 0.00111985 0.997128
0.214919 0.467527 0.279327 0.0382266
0.303111 0.474051 0.188136 0.0347022
0.0478912 0.0108589 0.923629 0.0176213
0.210237 0.648353 0.114106 0.0273029
6.16902e-05 7.14241e-05 7.09325e-05 0.999796
0.000520586 0.000673386 0.000487438 0.998319
0.0013525 0.0014646 0.00125374 0.995929
0.000311474 0.000364321 0.000271085 0.999053
0.000186348 0.000223066 0.000181221 0.999409
0.00727949 0.0060852 0.00594484 0.980691
0.0424029 0.00534808 0.948607 0.00364155
0.0034342 0.00424155 0.00268515 0.989639
0.212788 0.0191319 0.754213 0.0138663
0.01026 0.000884673 0.9854 0.00345544
0.155293 0.0331977 0.79432 0.0171889
0.290553 0.308807 0.35927 0.0413708
0.337085 0.179642 0.446803 0.0364703
0.0395851 0.00219016 0.954927 0.00329765
0.0784226 0.0381863 0.866781 0.0166101
0.00870654 0.00052546 0.989089 0.00167893
0.0346114 0.00122211 0.956757 0.00740934
0.410767 0.155573 0.404603 0.029057
0.000334158 0.000373784 0.000231892 0.99906
0.000233135 0.000272532 0.000203635 0.999291
0.492849 0.0711664 0.386882 0.0491026
0.00534198 0.0045085 0.00318244 0.986967
9.1045e-05 0.000126807 9.66179e-05 0.999686
0.000102933 0.000123404 0.000169666 0.999604
0.278087 0.224722 0.450819 0.0463715
0.229904 0.0228683 0.72652 0.0207078
0.010361 0.00471241 0.9818 0.00312675
0.16183 0.0554699 0.759366 0.0233335
0.143587 0.0182295 0.826722 0.0114611
0.130466 0.0107514 0.846186 0.0125972
0.000106237 0.000136491 0.000183895 0.999573
0.40798 0.317361 0.235104 0.0395545
0.000315327 0.000458434 0.00034766 0.998879
0.000118759 0.000122316 0.000166928 0.999592
0.110186 0.0195468 0.848405 0.0218613
0.393028 0.0505716 0.531516 0.0248837
0.466668 0.129218 0.377674 0.02644
0.182951 0.0207831 0.776735 0.019531
0.215361 0.0474876 0.713401 0.0237503
0.0606026 0.00798636 0.925852 0.00555947
0.0082194 0.00125205 0.98713 0.00339904
0.0308479 0.0229105 0.936634 0.00960799
0.304741 0.102117 0.568403 0.0247392
0.411689 0.0430637 0.50341 0.041837
0.000234036 0.000209874 0.000251537 0.999305
0.25846 0.525299 0.192835 0.0234051
0.429606 0.0799688 0.46312 0.0273054
0.427557 0.0219535 0.486608 0.063881
0.386479 0.0800649 0.487903 0.0455522
2.29732e-05 3.18345e-05 2.21471e-05 0.999923
0.256811 0.051342 0.671051 0.0207966
0.0424816 0.00500869 0.944845 0.00766489
0.0939289 0.0130412 0.884353 0.00867727
0.1664 0.0683699 0.734524 0.0307062
0.485343 0.0872288 0.396005 0.0314229
0.334984 0.128433 0.42403 0.112553
0.360603 0.0356787 0.584611 0.0191069
0.125 0.0518365 0.800074 0.0230891
0.0166299 0.000488454 0.979868 0.00301349
0.386822 0.0350976 0.55383 0.0242502
0.223461 0.614525 0.132629 0.0293849
0.0595976 0.0268867 0.900386 0.0131292
0.301783 0.0397223 0.615364 0.0431305
0.427999 0.0836513 0.458083 0.0302667
0.045646 0.0118663 0.930555 0.0119327
0.0313128 0.00194482 0.963514 0.00322854
0.000131493 0.000161756 0.000123075 0.999584
0.033612 0.00424196 0.958728 0.00341819
0.180285 0.00786871 0.801088 0.0107581
0.363856 0.0687146 0.541552 0.0258781
0.35926 0.0945359 0.50155 0.0446543
0.00239064 0.00126696 0.0014238 0.994919
0.38204 0.275327 0.308053 0.0345806
0.0681781 0.00846023 0.911585 0.0117769
0.209599 0.0308491 0.73515 0.024402
0.000785556 0.000936765 0.000776357 0.997501
0.000254223 0.000380011 0.000205677 0.99916
0.498086 0.120021 0.357546 0.0243467
5.82897e-05 9.98783e-05 8.82719e-05 0.999754
0.395669 0.044899 0.507089 0.0523432
0.000144398 0.000153499 0.000116206 0.999586
0.0262598 0.00424131 0.964689 0.00481002
0.222504 0.0674441 0.692536 0.0175164
0.392369 0.0422989 0.538142 0.02719
0.0305727 0.00333762 0.963402 0.0026878
0.145461 0.0857437 0.746512 0.022283
0.374603 0.101865 0.492671 0.0308616
0.00292378 0.00236791 0.00183247 0.992876
0.000154695 0.000195142 0.000159535 0.999491
0.150346 0.661047 0.167425 0.0211821
0.223744 0.0093348 0.756887 0.0100336
0.163972 0.0210708 0.805506 0.00945075
0.112751 0.00805124 0.865466 0.0137313
0.0471063 0.0102703 0.931292 0.0113315
0.355499 0.0312487 0.592037 0.0212153
2.93192e-05 4.06355e-05 2.57782e-05 0.999904
0.106593 0.0144367 0.858456 0.0205143
0.00189098 0.00240705 0.00235092 0.993351
0.421426 0.346643 0.197972 0.033959
0.0530044 0.0102332 0.927253 0.00950896
0.0165401 0.0013281 0.979266 0.00286577
0.26486 0.198126 0.501893 0.0351212
0.000279296 0.000380384 0.000265831 0.999074
0.0216841 0.00153207 0.974254 0.00253
0.277512 0.160884 0.530084 0.031519
0.337517 0.0294016 0.579337 0.0537445
0.189375 0.0150634 0.783093 0.012469
0.0530518 0.0179929 0.918097 0.0108583
0.0585494 0.0197979 0.90818 0.0134726
0.000101201 0.000156029 0.000150958 0.999592
0.217052 0.648707 0.109806 0.0244342
0.062343 0.0338917 0.889161 0.0146039
0.253571 0.0404665 0.678858 0.0271046
0.29788 0.0183786 0.674213 0.00952868
0.3003 0.0135559 0.667006 0.0191382
0.234581 0.0174524 0.726391 0.0215753
0.0934969 0.00971354 0.879414 0.0173759
0.00455658 0.0062443 0.00390595 0.985293
0.0437415 0.00735619 0.938418 0.0104842
5.14672e-05 7.18937e-05 5.53321e-05 0.999821
0.254822 0.0222265 0.697345 0.0256064
0.0108846 0.00183307 0.984806 0.00247672
3.08824e-05 5.10333e-05 4.90904e-05 0.999869
0.000121942 0.000194023 0.000230836 0.999453
0.0783302 0.00588136 0.910357 0.00543101
0.273096 0.255978 0.432076 0.0388491
0.00950691 0.00145228 0.98624 0.00280112
0.174553 0.0115246 0.769955 0.0439678
0.0567575 0.00571718 0.926744 0.0107809
0.000339292 0.00046411 0.000403802 0.998793
0.12894 0.0218894 0.836247 0.012924
0.141861 0.097428 0.733919 0.0267924
6.5779e-05 8.5284e-05 9.26537e-05 0.999756
0.352353 0.292496 0.30833 0.0468209
0.134111 0.0146135 0.830871 0.0204045
0.263703 0.505442 0.20007 0.0307849
0.115924 0.0125222 0.848587 0.0229671
0.0012083 0.00134987 0.00117795 0.996264
0.459367 0.125876 0.350894 0.0638625
0.120362 0.0307371 0.826243 0.0226571
0.000815132 0.00110511 0.000888722 0.997191
5.62686e-05 5.72648e-05 4.96743e-05 0.999837
3.76414e-05 4.74078e-05 3.61506e-05 0.999879
0.309793 0.0518396 0.60981 0.0285576
0.304167 0.391587 0.269306 0.0349398
0.578654 0.0709409 0.266379 0.0840257
0.0692983 0.0797446 0.82766 0.0232971
0.432358 0.0725958 0.455819 0.0392276
0.0890293 0.0286794 0.859098 0.0231929
0.000862896 0.000989972 0.000782529 0.997365
0.100556 0.0680011 0.816969 0.0144744
0.00673286 0.00966928 0.00810829 0.975489
6.7291e-05 8.22273e-05 8.0639e-05 0.99977
0.372737 0.127657 0.474885 0.0247211
0.274206 0.090687 0.594109 0.0409982
0.05543 0.00681148 0.923958 0.0138002
0.391092 0.444842 0.137681 0.0263848
0.0252467 0.00321413 0.960059 0.0114802
4.07317e-05 5.54852e-05 3.50811e-05 0.999869
0.0844517 0.0204719 0.880494 0.0145824
0.291589 0.307987 0.371966 0.028458
0.0611768 0.00998807 0.909756 0.0190789
0.17058 0.0426554 0.763862 0.0229032
0.0804939 0.00249152 0.902626 0.0143887
0.211686 0.653895 0.108994 0.0254259
0.000364533 0.000432692 0.000280582 0.998922
0.297832 0.0278786 0.643466 0.0308235
0.250897 0.00998509 0.727878 0.01124
0.661649 0.0225997 0.271846 0.0439046
0.186803 0.0285496 0.765898 0.0187494
0.000150124 0.000186301 0.000151964 0.999512
0.16419 0.0460075 0.771455 0.0183481
0.083346 0.0152105 0.888629 0.0128148
0.0476082 0.0176237 0.920999 0.0137695
0.131724 0.018554 0.825101 0.0246215
0.00167208 0.0015794 0.00104116 0.995707
0.0217581 0.00287871 0.969371 0.00599211
0.218044 0.0518552 0.710812 0.0192891
0.0914163 0.0319694 0.865622 0.0109927
0.0316452 0.00152534 0.962493 0.00433673
0.345393 0.261405 0.355928 0.0372745
0.219989 0.0656308 0.678593 0.0357871
3.22875e-05 4.28892e-05 5.26342e-05 0.999872
0.240738 0.0363778 0.698539 0.0243457
7.89376e-05 9.57244e-05 8.4338e-05 0.999741
0.176644 0.712131 0.0891711 0.0220542
8.06629e-05 8.56983e-05 8.30972e-05 0.999751
0.0201652 0.00414177 0.969467 0.0062262
0.295726 0.199447 0.472621 0.0322063
0.356974 0.297829 0.301457 0.0437396
0.188905 0.0655394 0.728383 0.0171728
0.353094 0.0759427 0.482912 0.0880518
0.000358182 0.000427329 0.000350436 0.998864
0.207908 0.00782269 0.771184 0.0130855
0.0354036 0.00383059 0.955224 0.00554179
0.0422318 0.00254227 0.950074 0.00515182
0.000262669 0.000283446 0.000258088 0.999196
0.0380327 0.00336677 0.954675 0.0039252
0.1835 0.705528 0.090558 0.0204148
0.364378 0.0933675 0.500063 0.0421911
0.217629 0.0579044 0.700414 0.0240528
0.581536 0.0512006 0.315367 0.051897
0.0532752 0.0505057 0.8804 0.0158191
0.250513 0.384842 0.320935 0.0437102
0.0995008 0.0106826 0.875085 0.0147319
5.68817e-05 8.36183e-05 8.26537e-05 0.999777
0.0129614 0.000463443 0.985263 0.00131226
0.227392 0.40691 0.321017 0.0446817
0.112727 0.0337341 0.835275 0.0182639
0.126731 0.120194 0.73324 0.0198352
0.47342 0.0556673 0.397204 0.0737086
0.128699 0.0269761 0.81708 0.0272453
0.171262 0.0558845 0.75847 0.0143832
0.0410458 0.0117696 0.936453 0.0107311
0.584827 0.100959 0.253453 0.0607606
0.247282 0.0196892 0.70667 0.0263589
0.0675757 0.00847704 0.916051 0.00789641
0.358554 0.013106 0.614112 0.0142277
0.00028177 0.000280857 0.000328138 0.999109
0.0263399 0.00158503 0.969037 0.00303805
0.000982182 0.00127037 0.00122697 0.996521
0.582413 0.0200864 0.35096 0.0465412
0.0575553 0.00807949 0.923463 0.0109028
0.000996997 0.00121736 0.00101902 0.996767
0.0221651 0.00864322 0.961363 0.00782886
0.519808 0.112892 0.312165 0.0551343
0.000662174 0.000762139 0.000578521 0.997997
0.360108 0.426584 0.184703 0.0286054
0.19937 0.69092 0.0886014 0.0211085
0.252358 0.102753 0.626125 0.0187648
0.000247382 0.000252831 0.00022565 0.999274
0.00382555 0.0017234 0.992308 0.00214273
0.180223 0.697104 0.0986019 0.024072
0.0073027 0.00660982 0.00558706 0.9805
0.00850523 0.00976155 0.013861 0.967872
0.34188 0.203531 0.423045 0.0315447
0.00281039 0.00359937 0.00338996 0.9902
0.248533 0.0841057 0.640878 0.0264831
0.00890383 0.0103939 0.0123083 0.968394
0.000324156 0.000314407 0.000343194 0.999018
0.15824 0.0188764 0.807934 0.0149504
0.0759574 0.0130254 0.890822 0.0201953
0.025633 0.0137478 0.952447 0.0081725
0.00118966 0.00136649 0.00105697 0.996387
0.329252 0.339938 0.287842 0.0429683
0.489944 0.145255 0.334674 0.030128
0.0401218 0.0265294 0.925205 0.00814425
2.93486e-05 4.00689e-05 4.0518e-05 0.99989
0.336402 0.0310382 0.611354 0.0212058
0.53885 0.0647178 0.315248 0.081185
0.305602 0.452975 0.203964 0.0374582
0.000568787 0.000716574 0.000487129 0.998228
0.370274 0.219531 0.377239 0.0329562
0.347676 0.0831401 0.439269 0.129915
0.309102 0.00454162 0.656129 0.0302273
0.00100135 0.00106884 0.000645867 0.997284
0.185934 0.0426434 0.742303 0.0291196
0.00044902 0.000540688 0.000449294 0.998561
0.0183396 0.00600933 0.970014 0.00563681
0.135658 0.0111237 0.829464 0.0237546
0.289516 0.292492 0.380099 0.0378923
4.0141e-05 5.3453e-05 3.48182e-05 0.999872
0.326434 0.00578487 0.660142 0.00763924
0.321577 0.017408 0.603408 0.0576065
0.346719 0.420587 0.189744 0.0429492
0.00198365 0.00311686 0.00273206 0.992167
0.131263 0.0964837 0.746063 0.0261899
0.0693508 0.0104146 0.912613 0.00762137
0.00286212 0.00247073 0.992263 0.00240435
0.0514773 0.0171147 0.921319 0.0100888
0.0794057 0.00961878 0.900052 0.0109239
0.358471 0.230826 0.378085 0.0326182
0.10114 0.00275271 0.890496 0.00561186
0.429162 0.137857 0.406374 0.0266063
0.301097 0.0106326 0.679543 0.00872738
0.0113576 0.00339476 0.980098 0.00514988
0.11759 0.00250947 0.866062 0.0138382
0.0492769 0.0174413 0.925927 0.00735468
0.208922 0.210416 0.537863 0.0427996
0.0020716 0.00137566 0.0019798 0.994573
0.263752 0.189836 0.498623 0.0477893
0.11413 0.0249504 0.845541 0.015379
0.246305 0.589816 0.13344 0.0304399
0.0073969 0.00172561 0.9884 0.00247728
0.0950372 0.0735971 0.805786 0.0255798
0.068627 0.00883195 0.908962 0.0135787
0.000121799 0.00011541 0.000110026 0.999653
0.204083 0.0792001 0.690824 0.0258927
0.007743 0.00101848 0.989381 0.0018579
0.00442792 0.00291165 0.989862 0.00279879
0.313164 0.429498 0.221147 0.0361909
0.16931 0.0355543 0.766187 0.0289493
0.201518 0.0349034 0.711193 0.0523858
8.25245e-05 0.000107539 0.000104919 0.999705
0.000399643 0.000406651 0.000341198 0.998852
0.309394 0.257174 0.392202 0.0412295
0.0912026 0.00632537 0.87387 0.028602
0.081324 0.011075 0.892656 0.0149448
0.393497 0.367972 0.195617 0.0429147
0.402804 0.107044 0.425914 0.0642386
0.000119819 0.00012946 0.000213308 0.999537
0.230714 0.0806629 0.66096 0.0276626
0.0124787 0.00188176 0.982803 0.00283639
0.0276368 0.00577519 0.958109 0.00847865
0.330498 0.0611548 0.560102 0.048245
0.2323 0.0111604 0.719943 0.0365963
0.306519 0.0946222 0.577651 0.0212081
0.306087 0.430813 0.224384 0.0387166
0.133865 0.0722926 0.774877 0.0189654
0.000622174 0.00068385 0.000642029 0.998052
0.00039413 0.000539917 0.00049378 0.998572
0.22781 0.146353 0.603124 0.0227125
0.31318 0.451896 0.1989 0.0360243
0.293543 0.510173 0.165431 0.0308533
0.112484 0.0122069 0.868977 0.00633231
0.142139 0.00146833 0.836733 0.0196605
0.00886093 0.00812014 0.0086461 0.974373
0.00750717 0.00979374 0.00539962 0.977299
0.383796 0.115997 0.476668 0.0235392
0.0809378 0.0118914 0.894322 0.0128487
0.167651 0.00516885 0.813522 0.0136579
0.238115 0.0216227 0.699801 0.0404612
0.00104854 0.0010396 0.000859362 0.997052
0.00045798 0.000606733 0.000386396 0.998549
0.00612627 0.00926368 0.00714327 0.977467
0.000426818 0.00057557 0.000334976 0.998663
0.0852223 0.0132034 0.879792 0.0217821
0.229901 0.626566 0.12028 0.0232541
0.10028 0.0112958 0.871503 0.0169215
0.150882 0.014188 0.7988 0.0361302
0.40541 0.0378531 0.521152 0.0355851
0.333947 0.0306469 0.612382 0.0230241
0.0121845 0.00227341 0.980596 0.00494597
0.132799 0.0448355 0.798659 0.0237058
0.0542995 0.00601262 0.934394 0.00529369
0.259953 0.590943 0.123841 0.0252633
0.230217 0.161216 0.567339 0.0412281
0.00530932 0.00803262 0.00438118 0.982277
0.398327 0.363026 0.19371 0.0449368
0.214428 0.646111 0.114905 0.0245559
0.314608 0.300477 0.342056 0.042859
0.0460374 0.00745494 0.933238 0.0132701
5.28244e-05 6.42345e-05 5.77701e-05 0.999825
0.191941 0.00437036 0.795099 0.00858994
0.000277173 0.000354347 0.000312789 0.999056
0.273811 0.125141 0.578198 0.0228506
0.507467 0.148933 0.307487 0.0361122
0.0921943 0.00885922 0.884968 0.013978
0.0741791 0.141203 0.762621 0.0219972
0.000358432 0.000450401 0.000315264 0.998876
0.0818005 0.0275144 0.872514 0.0181714
0.199618 0.0296024 0.754616 0.0161633
0.116999 0.0227039 0.835099 0.0251981
0.380215 0.0525376 0.513435 0.0538125
0.486505 0.100539 0.369784 0.0431718
0.0902135 0.0100744 0.885721 0.0139915
0.261653 0.244312 0.46297 0.0310651
0.146633 0.00614617 0.841253 0.00596852
0.238679 0.0196821 0.703767 0.0378725
0.367774 0.167148 0.378282 0.0867958
0.190432 0.692694 0.0932556 0.0236189
0.195474 0.697098 0.0869408 0.0204875
0.268433 0.19803 0.498584 0.0349526
0.00031763 0.000439477 0.000308163 0.998935
0.0176982 0.00128703 0.977765 0.00325001
0.209019 0.115157 0.630581 0.0452428
5.95981e-05 8.55358e-05 7.25342e-05 0.999782
0.278608 0.0341118 0.645591 0.0416892
0.101487 0.0231252 0.868685 0.00670193
0.542655 0.050787 0.361053 0.0455045
0.29733 0.339035 0.327955 0.0356797
0.0654734 0.014073 0.90831 0.0121439
0.431867 0.0917414 0.425782 0.0506094
0.00219948 0.00259717 0.00226247 0.992941
0.0426922 0.0253542 0.923711 0.00824257
0.213618 0.0573909 0.718296 0.0106956
0.000128654 0.000144655 0.000150389 0.999576
0.402106 0.112027 0.386158 0.0997095
0.00780921 0.000489791 0.989829 0.00187192
0.449076 0.103122 0.393712 0.0540901
0.261645 0.241243 0.458424 0.0386888
0.000827779 0.000965987 0.000709492 0.997497
0.222586 0.616817 0.134998 0.0255992
0.101013 0.0434087 0.835923 0.0196551
0.000323421 0.000437866 0.000349266 0.99889
0.274293 0.0077962 0.704723 0.0131881
0.0475131 0.0021504 0.945496 0.00484053
0.393748 0.02896 0.557602 0.0196907
0.192011 0.676379 0.106067 0.0255428
0.200627 0.0436674 0.738371 0.0173344
0.337128 0.318023 0.312155 0.0326947
0.000117307 0.000123616 0.000134162 0.999625
0.168777 0.0023563 0.82473 0.00413645
0.000684936 0.000787738 0.000527331 0.998
3.20426e-05 4.4546e-05 4.43138e-05 0.999879
0.126536 0.00136224 0.868143 0.0039581
0.226783 0.0236246 0.706315 0.0432779
0.110239 0.0182931 0.847714 0.0237536
0.404792 0.335486 0.222799 0.0369226
0.055563 0.0125968 0.912933 0.0189077
0.0684388 0.0323788 0.884529 0.0146538
0.0155135 0.00233106 0.976768 0.00538709
6.44837e-05 8.24613e-05 0.000105507 0.999748
0.196221 0.684205 0.0982193 0.0213542
9.27036e-05 0.000119785 0.000113049 0.999674
0.217494 0.0235373 0.743391 0.0155772
0.376646 0.0570495 0.49912 0.0671846
0.3783 0.39911 0.181422 0.0411668
0.178234 0.024408 0.783527 0.0138309
0.00299627 0.00321202 0.00422352 0.989568
0.132041 0.0268327 0.813428 0.0276987
0.337891 0.37045 0.255976 0.0356832
6.60454e-05 8.70772e-05 8.31838e-05 0.999764
0.278525 0.474988 0.211891 0.0345964
0.0608093 0.00338339 0.929435 0.00637223
0.0464995 0.00750388 0.936442 0.00955418
0.210007 0.649065 0.115905 0.0250234
0.442279 0.34242 0.179542 0.0357594
0.00418409 0.00188637 0.991789 0.00214035
0.042207 0.00926596 0.937992 0.0105351
0.480964 0.146085 0.284297 0.0886546
0.144882 0.0152955 0.822422 0.0174007
0.186912 0.0375025 0.738342 0.0372432
0.00551757 0.00456279 0.0034901 0.98643
0.488713 0.166917 0.320205 0.0241648
0.359719 0.0494419 0.56413 0.0267089
0.369665 0.0243887 0.584758 0.0211892
0.0177079 0.00256717 0.97479 0.0049351
0.000180822 0.000210233 0.000245921 0.999363
0.0275459 0.00123392 0.965216 0.00600402
0.0580106 0.0294054 0.894295 0.0182889
5.98602e-05 7.72337e-05 6.49954e-05 0.999798
0.368528 0.0844934 0.487248 0.0597311
0.000737645 0.000869747 0.000761418 0.997631
0.335905 0.262079 0.362659 0.0393563
0.000686355 0.000758314 0.000472336 0.998083
1.91014e-05 2.07686e-05 1.81127e-05 0.999942
0.341768 0.051244 0.562954 0.0440345
0.0338699 0.00346008 0.957767 0.00490252
0.237938 0.460414 0.260442 0.0412064
0.363388 0.0310325 0.588681 0.0168985
0.000790977 0.00101291 0.00066082 0.997535
0.304318 0.379497 0.282405 0.0337805
0.0318829 0.00388782 0.957279 0.00695075
0.159368 0.00684486 0.793823 0.039964
0.0222282 0.00371101 0.968668 0.00539243
0.306309 0.497362 0.157028 0.0393011
0.168679 0.592514 0.204149 0.0346578
0.395348 0.218866 0.344427 0.0413585
0.210067 0.444669 0.310354 0.0349101
0.204149 0.0196204 0.722419 0.0538114
0.405026 0.0517873 0.499327 0.0438592
0.266073 0.57253 0.134905 0.0264915
6.2913e-05 8.81316e-05 0.00010243 0.999747
0.000148528 0.000241264 0.000253402 0.999357
0.000301572 0.000399099 0.000330391 0.998969
0.00049247 0.000631912 0.000498136 0.998377
0.092669 0.0178248 0.872977 0.0165292
0.302389 0.375259 0.280393 0.0419584
0.10834 0.00198985 0.885537 0.00413359
0.0364934 0.00183316 0.957269 0.00440402
7.44001e-05 8.53919e-05 8.11533e-05 0.999759
0.523814 0.138002 0.296121 0.0420638
0.0341962 0.0170473 0.938447 0.0103097
0.298672 0.258042 0.396484 0.0468021
4.41665e-05 5.59681e-05 6.21834e-05 0.999838
0.359523 0.216675 0.391479 0.0323228
0.252372 0.0778846 0.644053 0.0256906
0.000581849 0.000659152 0.000526694 0.998232
0.116076 0.0169605 0.843095 0.0238686
0.304471 0.0254965 0.656336 0.013697
0.110869 0.0378981 0.835724 0.0155089
0.116441 0.0315431 0.829947 0.0220687
0.0733566 0.0311054 0.876915 0.0186232
0.361974 0.204419 0.407853 0.0257536
0.0825943 0.00836531 0.902395 0.00664525
0.499693 0.0873507 0.350195 0.0627615
0.205899 0.632202 0.134951 0.0269486
0.26384 0.0395018 0.659413 0.0372459
0.176014 0.0808825 0.729853 0.0132509
0.132452 0.0157078 0.834865 0.0169751
0.178196 0.628816 0.164841 0.028147
0.424435 0.12137 0.430235 0.0239596
0.236746 0.022201 0.694112 0.0469409
0.165561 0.054864 0.763115 0.0164592
0.136282 0.0160855 0.835441 0.0121911
0.32283 0.0864423 0.568247 0.0224805
0.0157833 0.00615701 0.972186 0.00587363
0.0036058 0.00387163 0.00530636 0.987216
0.101577 0.0245671 0.862517 0.011339
8.19104e-05 8.70043e-05 8.9411e-05 0.999742
0.0725626 0.0402087 0.87038 0.0168482
0.20701 0.113659 0.649055 0.0302765
0.000516238 0.000571753 0.000756782 0.998155
0.10337 0.0151328 0.868247 0.01325
0.269834 0.0265401 0.644422 0.0592041
0.309522 0.183357 0.48169 0.0254316
0.0125176 0.000696647 0.985665 0.00112116
0.0897861 0.0102453 0.88921 0.0107588
0.261882 0.0172889 0.711447 0.00938208
0.0635598 0.0127044 0.90953 0.0142062
0.0556594 0.00891639 0.922123 0.0133016
0.283265 0.448836 0.2346 0.033299
0.000724639 0.000699503 0.000437492 0.998138
0.372027 0.0445349 0.557291 0.0261473
0.000380569 0.000456531 0.000495996 0.998667
0.116741 0.0179992 0.855905 0.00935575
0.115627 0.0749895 0.78911 0.0202735
0.000394319 0.00047583 0.000319957 0.99881
0.0137661 0.000367099 0.984717 0.00115027
0.257724 0.124752 0.599032 0.0184912
0.000176045 0.000297421 0.000270201 0.999256
0.000177739 0.000229191 0.000169243 0.999424
5.4773e-05 6.77177e-05 5.7274e-05 0.99982
0.000283163 0.00030299 0.000241537 0.999172
6.0194e-05 8.50304e-05 7.52217e-05 0.99978
0.231822 0.0108824 0.707762 0.0495338
0.0827666 0.0226803 0.870312 0.0242408
0.111256 0.0153697 0.865351 0.00802377
0.139931 0.0249603 0.809835 0.0252742
0.472115 0.0518288 0.431139 0.0449167
0.00504178 0.00108593 0.989266 0.00460668
0.523096 0.0313322 0.39894 0.0466323
0.0736012 0.0438192 0.866186 0.0163936
0.00126207 0.00182988 0.00160013 0.995308
3.45488e-05 4.44527e-05 3.77368e-05 0.999883
0.251035 0.201154 0.521403 0.0264076
0.00046179 0.000511941 0.000334767 0.998691
0.000147756 0.000183457 0.00024825 0.999421
0.0834777 0.0153809 0.891794 0.00934698
7.81957e-05 8.21505e-05 7.86233e-05 0.999761
0.000287125 0.000342931 0.000226526 0.999143
0.211203 0.354259 0.395438 0.0390997
0.424045 0.126458 0.411351 0.0381461
0.215031 0.628266 0.129289 0.0274147
0.300648 0.105427 0.566051 0.0278743
0.273101 0.279088 0.414342 0.0334692
0.353211 0.0444713 0.518783 0.0835348
0.0264242 0.00181385 0.969499 0.00226326
0.000370062 0.000372669 0.000423745 0.998833
9.61407e-05 0.000136324 9.91096e-05 0.999668
0.461761 0.0668754 0.445432 0.0259314
0.110788 0.0882426 0.773584 0.027386
0.000450957 0.000541781 0.000374979 0.998632
0.000358187 0.000517819 0.000379716 0.998744
0.0166671 0.00466418 0.96918 0.00948912
0.308308 0.453209 0.202086 0.0363967
0.0599826 0.00663191 0.92836 0.00502517
0.00130699 0.00171423 0.00187234 0.995106
0.149876 0.00940632 0.799489 0.0412284
0.0288923 0.00386396 0.961076 0.00616754
0.129512 0.0202105 0.835638 0.0146393
0.290135 0.0236022 0.667674 0.0185885
0.324333 0.0607912 0.593765 0.0211112
0.218734 0.00312392 0.754538 0.0236034
0.209737 0.0598814 0.701558 0.0288228
0.420112 0.00592927 0.542602 0.0313572
0.000111853 0.000151407 0.000110847 0.999626
0.252418 0.0223334 0.662545 0.0627041
0.0269568 0.00268747 0.963493 0.00686335
3.46436e-05 4.81316e-05 3.97792e-05 0.999877
0.148504 0.0703303 0.752011 0.0291551
0.197228 0.677134 0.103507 0.0221312
0.00013299 0.000199147 0.000218292 0.99945
0.382564 0.0231743 0.568791 0.025471
0.0358772 0.00220175 0.958222 0.00369922
0.11086 0.0157164 0.860428 0.0129949
0.00966743 0.00309698 0.983625 0.00361102
0.0175435 0.00155224 0.978646 0.0022584
0.000777203 0.00103245 0.000814067 0.997376
0.0437 0.031494 0.911853 0.0129527
0.176807 0.0169895 0.790334 0.0158695
5.37044e-05 6.61294e-05 4.51563e-05 0.999835
5.2853e-05 5.70845e-05 6.62124e-05 0.999824
0.153882 0.0665349 0.761673 0.0179102
0.344322 0.0688788 0.56002 0.0267793
0.000279797 0.000360911 0.000308273 0.999051
0.0479058 0.00330704 0.941763 0.00702445
0.482785 0.0402829 0.438632 0.0382999
0.110661 0.0172127 0.849993 0.022133
0.0170579 0.00220667 0.977905 0.00282993
0.129355 0.00242152 0.862809 0.00541516
0.117945 0.0120148 0.855971 0.0140695
0.198505 0.682908 0.0969151 0.0216722
0.366117 0.411149 0.184857 0.0378776
0.00794607 0.00118803 0.988937 0.00192909
0.0951305 0.0304265 0.847843 0.0266002
0.000292999 0.000310713 0.000226818 0.999169
0.233012 0.594311 0.144533 0.0281445
0.353291 0.206856 0.411583 0.0282695
0.102921 0.0190376 0.862144 0.0158979
0.174671 0.0164358 0.785411 0.0234818
0.125071 0.0177705 0.831424 0.0257339
0.00749513 0.0135273 0.0124287 0.966549
0.103753 0.0089056 0.870236 0.0171049
0.142141 0.110453 0.725426 0.0219797
0.205724 0.0152495 0.726092 0.0529343
0.269713 0.0189493 0.681342 0.0299949
0.0192753 0.0014701 0.974985 0.00426931
0.00518532 0.00455441 0.00354449 0.986716
0.0769489 0.00455895 0.909937 0.00855477
0.28399 0.210844 0.460585 0.044581
0.0573995 0.0110291 0.912684 0.0188878
0.113268 0.0054823 0.858655 0.0225952
0.00205794 0.00263932 0.00221482 0.993088
0.000250239 0.000365369 0.000248732 0.999136
0.0539879 0.0101043 0.925673 0.0102344
0.0360846 0.00664445 0.944403 0.0128683
0.0414019 0.0253765 0.922234 0.0109871
0.21422 0.0219718 0.736029 0.0277796
0.000353009 0.000425076 0.000348924 0.998873
0.000316072 0.000351494 0.000375956 0.998956
0.053954 0.00285376 0.930486 0.0127062
0.320126 0.432666 0.212902 0.0343063
0.499439 0.0375214 0.415342 0.0476973
0.146884 0.0212631 0.817794 0.0140583
0.450963 0.116117 0.403981 0.0289387
0.168719 0.0250054 0.781502 0.0247736
0.157569 0.105255 0.708107 0.029068
0.183766 0.0133389 0.749507 0.053388
0.295719 0.360214 0.299662 0.0444057
0.00944167 0.0160473 0.0117828 0.962728
0.527659 0.0822223 0.365988 0.0241305
0.0882792 0.00945188 0.890293 0.0119762
0.000433868 0.000670254 0.000492569 0.998403
0.000412088 0.000516368 0.00043646 0.998635
0.0240391 0.00323969 0.963836 0.00888481
0.417168 0.048137 0.514438 0.0202571
0.203114 0.665916 0.106218 0.0247522
0.0743496 0.0179569 0.895444 0.0122496
0.545583 0.17175 0.225318 0.0573491
9.21945e-05 0.000103702 9.26221e-05 0.999711
0.00189298 0.000502525 0.000912779 0.996692
0.0358093 0.00199758 0.957187 0.00500623
0.0508079 0.0031397 0.934866 0.0111864
5.18348e-05 6.63022e-05 5.49856e-05 0.999827
0.107685 0.023349 0.85222 0.0167456
0.50931 0.0569789 0.38264 0.0510708
0.464088 0.124012 0.359758 0.052142
0.137252 0.215464 0.623564 0.0237193
0.474513 0.0551348 0.433116 0.0372364
0.275166 0.221468 0.443243 0.0601241
8.45629e-05 0.000113109 9.10391e-05 0.999711
0.416769 0.0612312 0.463967 0.0580326
0.336558 0.0291823 0.600233 0.0340268
0.403747 0.138708 0.409621 0.0479235
0.000455989 0.000594751 0.00040777 0.998541
0.00254584 0.0036637 0.00349013 0.9903
0.0767996 0.0147119 0.899321 0.00916752
0.274981 0.30791 0.378576 0.038533
0.400218 0.0900368 0.475172 0.0345731
0.000140466 0.000156724 0.000143717 0.999559
0.274573 0.358683 0.330486 0.0362581
0.118562 0.0247283 0.829598 0.0271115
0.00122034 0.00166414 0.00154186 0.995574
5.26972e-05 6.58114e-05 4.13398e-05 0.99984
0.000300117 0.000357112 0.000335479 0.999007
0.297915 0.213827 0.448788 0.0394712
0.303945 0.0276083 0.643146 0.0253009
0.191313 0.680502 0.101304 0.0268823
0.0627365 0.00933851 0.910268 0.017657
0.467999 0.0375007 0.470889 0.0236119
0.399935 0.0496092 0.498082 0.0523743
0.364856 0.0366284 0.561167 0.0373478
0.022431 0.0142263 0.956934 0.00640853
0.000165839 0.000207146 0.00017849 0.999448
0.000571121 0.000808383 0.000463049 0.998157
0.00930855 0.00201053 0.9818 0.00688085
0.00414534 0.00336975 0.00274023 0.989745
0.243693 0.601637 0.125654 0.0290165
0.151261 0.0344672 0.793331 0.0209408
0.187553 0.00936185 0.778672 0.0244131
0.000219548 0.000283758 0.000242738 0.999254
0.000147876 0.00017667 0.000199833 0.999476
0.34124 0.493405 0.138796 0.0265589
0.0987722 0.0792443 0.80333 0.0186532
0.000188932 0.000203163 0.000273382 0.999335
0.153025 0.055332 0.776808 0.0148349
0.239635 0.0952787 0.632457 0.0326297
0.000332418 0.000502659 0.000337114 0.998828
0.399861 0.087366 0.47947 0.0333028
0.000265875 0.000338728 0.000307371 0.999088
0.00445236 0.00706536 0.0055892 0.982893
0.483935 0.0411335 0.459105 0.0158261
0.00030192 0.000355136 0.000232404 0.999111
0.331834 0.0979864 0.542924 0.0272564
0.474092 0.00920967 0.475584 0.0411148
0.443613 0.0338139 0.475171 0.0474026
0.000102316 0.000140656 0.000146215 0.999611
0.0133693 0.000971524 0.983012 0.00264758
0.0771191 0.0620864 0.844817 0.0159779
0.0872289 0.026374 0.875319 0.0110786
0.0235065 0.00694942 0.963687 0.00585741
0.00746695 0.000212313 0.991148 0.00117223
0.00530256 0.00466244 0.00343975 0.986595
0.239395 0.567549 0.165762 0.0272942
0.274778 0.032983 0.653563 0.0386758
0.102381 0.00100773 0.886749 0.00986227
0.314969 0.0499738 0.598803 0.0362536
0.378329 0.0413598 0.537285 0.0430263
0.543371 0.0934569 0.338913 0.024259
0.438052 0.0757972 0.440626 0.0455244
0.32137 0.379403 0.266253 0.0329746
8.14741e-05 0.000117125 8.64109e-05 0.999715
0.00669273 0.000410727 0.991091 0.00180564
0.135272 0.0035947 0.853789 0.00734449
0.138137 0.0152002 0.83784 0.00882291
0.108869 0.0151225 0.862087 0.0139213
0.252536 0.274776 0.428737 0.043951
0.383087 0.0516408 0.512739 0.0525329
0.00869302 0.00159999 0.984812 0.00489501
0.394267 0.337138 0.232584 0.0360115
0.50746 0.200022 0.256063 0.036455
0.267079 0.0567247 0.632474 0.0437221
0.128107 0.0853341 0.762737 0.0238214
0.00438018 0.0041023 0.00593017 0.985587
0.0787474 0.016307 0.893401 0.011545
3.51307e-05 5.35077e-05 5.37931e-05 0.999858
0.108408 0.0111267 0.852283 0.028182
0.000134173 0.000179315 0.000151906 0.999535
0.000645755 0.000769663 0.000551733 0.998033
0.0457644 0.00183654 0.946523 0.00587614
0.21764 0.164707 0.595021 0.0226316
0.000742984 0.000974589 0.00104567 0.997237
0.0420248 0.0114754 0.935682 0.010818
0.267208 0.0396888 0.647287 0.045816
0.160556 0.00516733 0.826151 0.00812542
0.0780459 0.00512708 0.911972 0.00485528
0.0476728 0.0194081 0.918723 0.014196
0.0249447 0.00202251 0.968339 0.00469421
0.177274 0.0774074 0.727565 0.0177534
0.0682131 0.0117999 0.907763 0.0122235
0.174316 0.606241 0.188606 0.0308367
8.98495e-05 0.000117618 0.000125424 0.999667
0.223427 0.0234963 0.716381 0.0366952
0.140241 0.0494002 0.791255 0.0191035
0.00193312 0.00292542 0.00275533 0.992386
0.206085 0.096664 0.677687 0.0195639
3.81861e-05 5.24381e-05 3.43734e-05 0.999875
0.0391837 0.00188725 0.955604 0.00332526
0.468142 0.0941795 0.4069 0.0307785
8.83254e-05 9.47087e-05 8.30586e-05 0.999734
0.0984969 0.0214881 0.867286 0.0127286
0.0338288 0.0135515 0.941752 0.0108674
0.311417 0.451907 0.202394 0.034282
0.25342 0.419545 0.282716 0.0443182
0.674366 0.0500854 0.197137 0.0784118
0.000194298 0.000261296 0.000269753 0.999275
0.30251 0.515801 0.146114 0.0355745
0.133549 0.0163768 0.820629 0.0294454
0.000157014 0.000183531 0.00014166 0.999518
0.0326857 0.0107388 0.948283 0.00829287
0.415752 0.0751285 0.486121 0.0229989
0.206026 0.0251804 0.735485 0.0333088
0.401533 0.121815 0.448516 0.0281359
0.201908 0.0766777 0.691521 0.0298935
0.122945 0.0152266 0.845827 0.0160021
0.424998 0.109053 0.418036 0.0479134
0.109519 0.0136513 0.864995 0.0118345
0.000100801 0.000155709 0.00011293 0.999631
