3.94393e-06 0.999937 4.59115e-05 1.29233e-05
0.0803854 0.000467845 0.917362 0.00178428
0.347031 0.581242 0.058214 0.0135121
8.55324e-05 9.14602e-05 0.000156797 0.999666
0.567925 0.109636 0.271111 0.0513279
0.00507412 0.00011015 0.994518 0.000297867
0.960662 0.0234818 0.00967837 0.00617809
0.224687 0.0556432 0.715768 0.00390188
0.0600544 0.932592 0.00407781 0.00327556
9.65603e-05 5.35924e-05 0.000129755 0.99972
5.15631e-05 6.25885e-05 0.000115507 0.99977
0.000123737 0.998945 0.000732875 0.000198734
0.000820343 0.99656 0.00135971 0.00125982
1.94952e-05 3.30463e-05 4.64908e-05 0.999901
5.26701e-05 0.000123743 0.000109273 0.999714
1.62333e-05 4.7647e-05 2.92353e-05 0.999907
0.00873326 0.0259009 0.962398 0.00296774
0.232039 0.116309 0.640441 0.0112112
0.00158251 0.99749 0.000524874 0.000403159
0.398648 0.000146441 0.600205 0.00100054
0.00084051 0.92779 0.0695189 0.00185036
3.35334e-05 0.000255623 0.000131671 0.999579
0.984049 0.0073194 0.00619462 0.00243725
3.23966e-05 0.000292085 7.4368e-05 0.999601
0.000138159 0.950343 0.0494578 6.11529e-05
0.961221 0.00508072 0.0300731 0.00362536
9.91754e-05 0.000368119 0.000137805 0.999395
0.929407 0.0452029 0.0201803 0.0052101
0.247319 0.0714088 0.674103 0.00716909
0.000403774 0.999255 0.000225508 0.000115494
7.86112e-06 5.20943e-05 2.12926e-05 0.999919
0.205236 0.275012 0.498099 0.0216523
0.0107433 7.65389e-05 0.988901 0.000278703
0.869086 0.105441 0.013471 0.0120024
0.804942 0.160714 0.00550622 0.0288382
0.259093 0.0486938 0.685887 0.00632543
1.96093e-06 0.999975 1.00298e-05 1.30047e-05
1.99589e-05 9.0795e-05 8.03764e-05 0.999809
2.42093e-06 0.999952 1.89214e-05 2.70186e-05
4.34516e-05 7.07666e-05 0.000102428 0.999783
0.000110863 0.000555945 0.000166083 0.999167
8.84095e-05 1.66664e-06 0.999908 2.15671e-06
1.1183e-05 2.13256e-05 2.22539e-05 0.999945
0.000106461 4.58992e-05 0.000165728 0.999682
0.704984 0.0065747 0.2796 0.00884131
0.0566917 0.743013 0.185168 0.0151272
0.00825176 0.126991 0.864039 0.000718453
0.882555 0.0828074 0.00861753 0.0260203
0.974725 0.0188521 0.00509032 0.00133254
0.00152826 0.000700915 0.997485 0.000285823
0.0203074 0.670011 0.303187 0.00649477
0.461408 0.408109 0.0629407 0.0675424
0.0103967 0.599243 0.384649 0.00571099
0.0355409 0.000147323 0.963632 0.000679853
0.611426 0.32907 0.0500407 0.00946255
0.958751 0.0363137 0.00152835 0.00340679
0.00438474 0.00087163 0.994621 0.000122277
0.000335337 0.00494101 0.000943317 0.99378
0.0325683 0.00668325 0.959835 0.000913004
2.32288e-08 0.999999 8.51947e-07 4.61506e-07
1.29041e-06 0.999903 7.80232e-05 1.73621e-05
3.00778e-07 0.99999 5.42768e-06 4.0496e-06
2.62084e-05 0.000188839 4.53219e-05 0.99974
0.961554 0.0231823 0.0117866 0.00347726
6.99877e-05 9.10223e-05 0.000198855 0.99964
0.521395 0.406122 0.0322116 0.0402716
4.74459e-08 0.999996 3.37349e-06 1.10245e-06
0.872276 0.118502 0.00651205 0.00270906
1.83817e-09 1 3.49262e-07 1.21995e-07
0.0149924 0.00959042 0.974491 0.000925736
6.35454e-08 0.999996 2.26574e-06 1.7035e-06
0.316534 0.243809 0.418279 0.0213781
0.420439 0.543846 0.00773191 0.0279826
2.77545e-05 6.74421e-05 7.23515e-05 0.999832
0.766844 0.21111 0.00947732 0.0125694
0.673102 0.00138013 0.321856 0.0036618
1.14961e-05 4.31642e-05 2.81728e-05 0.999917
4.01854e-05 5.62989e-05 0.000110306 0.999793
0.955174 0.0343664 0.0015638 0.00889567
0.983125 0.0016333 0.0123823 0.00285935
3.71203e-06 0.999901 4.80919e-05 4.72769e-05
0.0114301 0.69442 0.285722 0.00842816
0.000599345 0.998276 0.000774314 0.00035023
4.0998e-06 0.999943 3.37508e-05 1.94062e-05
1.96998e-05 0.998611 0.00132358 4.59706e-05
1.68775e-05 8.79859e-05 5.06099e-05 0.999845
1.83222e-05 8.37642e-05 3.05093e-05 0.999867
5.78083e-05 0.000102051 9.82026e-05 0.999742
0.789372 0.0895643 0.112268 0.00879551
0.020358 0.151251 0.819576 0.00881589
0.000109578 0.000472227 0.000150158 0.999268
0.0255745 0.00151912 0.97142 0.00148654
0.0253088 0.962685 0.00373993 0.00826646
0.0308136 0.569032 0.387417 0.0127381
2.9123e-06 1.17195e-05 6.03416e-06 0.999979
4.13208e-05 6.33618e-05 0.00010027 0.999795
9.00126e-05 6.48928e-05 0.000125468 0.99972
0.0203983 0.0152857 0.959455 0.00486136
2.4288e-05 0.000112925 5.92865e-05 0.999803
1.95805e-06 0.998627 0.00134048 3.10229e-05
1.50519e-05 0.999734 0.000191047 5.99646e-05
0.00870865 0.00040138 0.990284 0.000605585
3.60284e-07 0.99997 2.25369e-05 7.38863e-06
4.63758e-05 4.20957e-05 0.000188497 0.999723
0.000103782 0.000430398 0.000160414 0.999305
2.35934e-05 0.000205636 7.46881e-05 0.999696
3.83955e-05 8.15673e-05 8.31004e-05 0.999797
3.01224e-05 5.48212e-05 5.25574e-05 0.999862
3.15976e-05 0.000319837 5.33515e-05 0.999595
0.0132687 0.0368315 0.94646 0.00344005
0.000116991 0.000592499 0.000159723 0.999131
0.0151733 0.0115134 0.971315 0.0019986
0.0341615 0.00290521 0.961388 0.001545
0.962142 0.00044805 0.035871 0.0015385
0.000364324 0.998253 0.00106902 0.000313341
0.0121906 0.977066 0.00618636 0.00455716
0.0397458 0.00103562 0.958055 0.00116377
0.0256099 0.0344586 0.937969 0.0019627
0.161947 0.00839858 0.824888 0.00476647
0.387754 0.00543737 0.600241 0.00656844
0.450629 0.13114 0.393596 0.0246353
0.000163822 0.000458738 0.000207621 0.99917
7.16042e-06 2.44635e-05 1.35987e-05 0.999955
0.964295 0.0239845 0.00380252 0.00791778
1.45433e-05 0.000282755 4.89017e-05 0.999654
1.98483e-05 4.00418e-05 6.34135e-05 0.999877
7.87337e-05 0.000767905 0.000185984 0.998967
0.048869 0.693306 0.247248 0.0105771
0.969902 0.00141313 0.0275263 0.00115813
4.16685e-06 2.53296e-07 0.999995 9.51518e-07
0.000207101 0.999617 0.000100428 7.58848e-05
0.0391712 0.0105131 0.945271 0.0050449
0.0141205 0.0106751 0.973488 0.0017161
6.50676e-05 7.09958e-05 0.000152468 0.999711
2.13906e-06 0.999978 8.0082e-06 1.14871e-05
6.30104e-05 0.000133006 0.000168771 0.999635
5.09899e-05 3.70075e-05 7.35666e-05 0.999838
0.038755 0.00101237 0.959165 0.00106751
0.646272 0.0104113 0.338469 0.00484689
0.555507 0.0842508 0.341367 0.0188745
0.498361 0.411124 0.0807912 0.00972336
0.0893807 0.184115 0.716132 0.0103719
0.00355244 2.2872e-05 0.996306 0.000118818
0.0138346 0.00677879 0.978597 0.000789695
0.000116686 6.82431e-07 0.999881 1.59642e-06
0.000270278 0.999313 0.000280481 0.00013656
0.0742626 0.918923 0.00344932 0.00336509
1.60649e-05 2.76527e-05 1.74235e-05 0.999939
4.41554e-07 0.999981 1.27249e-05 5.41647e-06
0.819808 0.0143857 0.150035 0.0157714
0.383617 0.42454 0.123458 0.0683855
0.71265 0.27749 0.00581535 0.00404376
2.90242e-05 6.6055e-05 0.000102595 0.999802
0.543104 0.129078 0.310961 0.0168567
0.167912 0.161641 0.663237 0.0072106
0.0551459 0.00029983 0.943171 0.00138328
0.032018 0.00376753 0.962608 0.00160677
0.946386 0.0216268 0.0256697 0.00631727
0.0468983 0.927754 0.00750583 0.0178415
0.0522575 0.00125051 0.945798 0.000694078
0.0609936 0.843559 0.0910837 0.00436384
0.617043 0.00729722 0.37148 0.00417999
0.99905 0.000341858 0.000359271 0.000248771
2.59694e-06 0.999861 0.000111654 2.50093e-05
0.0359414 0.581934 0.375997 0.00612789
0.00357762 0.995298 0.000550428 0.000573496
0.685459 0.188184 0.114945 0.0114123
0.00275805 0.819194 0.174872 0.00317656
0.102903 0.0998427 0.789925 0.00732899
1.79822e-05 3.61488e-05 3.35789e-05 0.999912
0.010032 0.027169 0.960238 0.00256061
0.608124 0.254446 0.123643 0.0137866
0.325445 0.0211252 0.648253 0.00517686
0.973392 0.000790103 0.0234958 0.00232212
1.9742e-05 3.28267e-05 4.51871e-05 0.999902
0.000114725 0.999177 0.000553718 0.000154775
0.85198 0.0654955 0.0771612 0.00536348
0.942659 0.00118226 0.0538933 0.00226577
6.94243e-05 6.9416e-05 9.36624e-05 0.999767
6.24085e-05 0.000309625 0.00011366 0.999514
0.826701 0.0139501 0.14633 0.0130196
0.000124957 9.50002e-05 0.000165799 0.999614
0.99105 0.00180055 0.00532497 0.00182444
3.09011e-05 5.68897e-05 6.45452e-05 0.999848
0.0283212 0.0733367 0.890233 0.00810902
0.00781556 0.986734 0.00358219 0.00186811
0.906315 0.0456107 0.0377775 0.010297
0.0129706 0.0232025 0.960641 0.00318583
0.0086503 0.0373715 0.951462 0.00251665
0.001005 0.997377 0.00113562 0.000482414
1.73641e-05 0.000133716 3.78112e-05 0.999811
2.77405e-05 3.56835e-05 5.15437e-05 0.999885
9.78957e-06 0.993919 0.00603116 3.9897e-05
0.810978 0.178562 0.00656556 0.00389528
0.00357251 0.00343582 0.992455 0.000537166
0.427129 0.000579383 0.570341 0.00195104
0.000309802 5.61479e-06 0.999671 1.38308e-05
0.418233 0.0310847 0.538567 0.0121154
2.48493e-05 5.60799e-05 0.00010828 0.999811
0.0237651 0.00325735 0.971207 0.00177067
1.7027e-05 7.80261e-05 3.30374e-05 0.999872
0.000103067 0.999553 0.000184865 0.000159489
0.122208 0.0199431 0.854619 0.00322972
0.339157 0.0626742 0.589776 0.0083922
0.0242307 0.949072 0.0189243 0.00777329
1.73656e-05 2.21922e-05 3.82031e-05 0.999922
0.00300384 0.00177367 0.994879 0.000343877
0.00923836 0.958699 0.0292635 0.00279945
0.514569 0.0838995 0.362986 0.0385452
0.0124752 0.0119242 0.973765 0.00183505
0.126648 0.191169 0.670479 0.0117043
0.0713493 0.0570931 0.865581 0.00597668
4.49685e-05 6.69037e-05 9.34405e-05 0.999795
5.16824e-08 0.999995 3.63157e-06 1.273e-06
0.000390184 3.26052e-06 0.9996 6.61796e-06
0.195437 0.198194 0.58957 0.0167992
0.705378 0.246253 0.0392842 0.00908565
0.832108 0.150802 0.0122566 0.00483422
0.765612 0.191729 0.0328361 0.00982267
0.0568044 0.00188305 0.939718 0.00159424
0.000103343 0.00399849 0.000264618 0.995634
0.00886219 0.000255304 0.990535 0.000347892
2.59065e-05 5.45322e-05 0.000105296 0.999814
0.970595 0.000345867 0.0278394 0.00121959
0.0144125 0.0231925 0.959988 0.00240697
0.000152868 0.000159612 0.000241213 0.999446
4.25647e-05 0.000234884 0.000176904 0.999546
0.0529925 0.0130014 0.930798 0.00320829
0.00166301 0.976036 0.0207412 0.00155966
0.00738964 0.0132667 0.977656 0.0016879
0.882488 0.0410261 0.0594949 0.0169907
0.0235883 0.000783068 0.974783 0.000845132
4.7645e-06 2.75487e-05 1.54107e-05 0.999952
0.206997 0.401308 0.377476 0.0142196
0.0102413 0.104231 0.881232 0.00429511
0.000132082 6.85511e-05 0.00018304 0.999616
0.00240732 0.992919 0.00239303 0.0022804
0.911959 0.000868676 0.0849368 0.00223534
1.12679e-06 0.99998 1.29152e-05 5.62097e-06
0.411878 0.00140987 0.582851 0.0038614
9.04199e-05 0.00241246 0.000202673 0.997294
0.831295 0.0460357 0.0904203 0.0322491
0.13251 0.0276578 0.835876 0.00395658
6.39411e-06 3.7724e-05 2.11035e-05 0.999935
1.76747e-05 7.83388e-05 4.22612e-05 0.999862
2.63884e-05 5.66879e-05 9.50363e-05 0.999822
0.982166 0.005295 0.0105419 0.00199757
0.000379706 0.997972 0.00134475 0.000303319
0.947846 0.0408452 0.00539279 0.00591578
0.0445757 0.365524 0.580406 0.00949442
0.950383 0.00132831 0.0455857 0.00270332
0.18658 0.0134825 0.790237 0.0097003
6.0939e-05 0.000122428 0.000156895 0.99966
0.0018054 6.52056e-05 0.998111 1.82712e-05
4.41742e-05 0.000124163 8.97121e-05 0.999742
2.89322e-05 4.38157e-05 0.000104228 0.999823
0.438249 0.0494625 0.492755 0.0195339
0.00140979 0.000430445 0.998036 0.000123559
0.930574 0.0436733 0.0231714 0.00258172
5.13582e-06 0.999925 4.12716e-05 2.87132e-05
0.0135194 0.0184578 0.96631 0.00171322
2.27933e-05 0.000156492 0.000112204 0.999708
0.00326294 0.729405 0.263751 0.00358057
1.04557e-07 0.999995 3.19041e-06 2.14414e-06
0.0116999 0.000423381 0.987317 0.00055967
0.00634866 0.00217218 0.990871 0.000608378
0.0151992 5.57104e-05 0.984434 0.000311482
7.42409e-08 0.999994 4.25823e-06 1.37995e-06
7.76603e-06 3.12568e-05 1.71312e-05 0.999944
0.844574 0.00462704 0.145198 0.00560036
0.0270994 0.017107 0.95268 0.00311323
0.250302 0.698927 0.0145993 0.0361721
0.0589386 0.0224821 0.912733 0.0058467
2.70443e-05 3.68533e-05 6.47665e-05 0.999871
0.910849 0.0673784 0.0198421 0.00193053
0.882775 0.0320904 0.0818494 0.00328476
0.000100065 3.99805e-06 0.999889 6.51712e-06
0.943584 0.00201093 0.0516512 0.00275375
6.99345e-05 0.00268693 0.000157819 0.997085
0.139833 0.0443998 0.811439 0.0043283
0.0418696 0.387266 0.561165 0.00969938
0.00171801 0.00285309 0.995007 0.000422199
0.503558 0.333403 0.133927 0.0291118
0.00645227 0.987297 0.00378558 0.00246481
0.0637917 0.00899155 0.923446 0.00377059
0.000160526 6.08051e-05 0.00021981 0.999559
0.12348 0.351465 0.507453 0.0176016
4.83812e-05 6.77488e-05 9.87874e-05 0.999785
1.87927e-08 0.999997 1.92368e-06 6.90291e-07
3.7572e-05 5.80705e-05 0.00012496 0.999779
0.644858 0.145866 0.20155 0.0077263
0.00478236 0.976516 0.0167936 0.00190827
0.0109291 0.978233 0.00591073 0.00492688
0.0600561 0.0223632 0.913322 0.00425891
0.000246505 0.99888 0.000351628 0.000521892
2.23655e-05 3.83746e-05 5.03361e-05 0.999889
0.601659 0.167621 0.217178 0.0135413
0.188094 0.533709 0.257587 0.0206099
0.463661 0.325494 0.180659 0.0301858
4.53723e-05 6.53784e-05 0.000116144 0.999773
0.0192562 0.0223395 0.954666 0.00373806
2.50342e-07 0.999989 6.93476e-06 3.51079e-06
0.975657 0.0132025 0.00491701 0.00622356
0.865046 0.0143362 0.114876 0.00574175
0.935346 0.0592449 0.00160613 0.003803
0.00467687 0.00119592 0.99406 6.76666e-05
5.93856e-06 0.998405 0.001503 8.63309e-05
0.995581 0.000441276 0.00348129 0.000496631
0.00017928 0.000169535 0.000226766 0.999424
0.381825 0.410634 0.1868 0.0207413
1.64394e-06 0.998711 0.00125402 3.3089e-05
0.404827 0.522447 0.0676413 0.00508538
0.00697253 0.00131442 0.991607 0.000105814
0.963948 0.029834 0.00303448 0.00318389
0.180964 0.00166943 0.815058 0.00230869
0.00436617 0.974193 0.0197309 0.00171032
0.285199 0.0945908 0.615022 0.00518722
0.229527 0.741254 0.00404416 0.0251752
0.826626 0.00282441 0.166581 0.00396855
0.994698 0.00357923 0.0015098 0.000212595
0.486895 0.0168835 0.490368 0.00585387
4.52616e-05 4.95963e-05 8.64817e-05 0.999819
0.00557453 0.00307953 0.990758 0.000587804
1.57984e-05 0.000165975 6.32017e-05 0.999755
0.460173 0.467199 0.0126661 0.0599624
0.157309 0.0266717 0.811729 0.00429004
1.50897e-05 0.00010355 2.83177e-05 0.999853
0.000155759 6.87957e-06 0.999831 6.7055e-06
0.909848 0.0856527 0.0016021 0.00289687
5.7298e-05 9.57042e-05 0.000122377 0.999725
0.0102908 0.976394 0.0101935 0.00312109
1.61656e-06 0.999935 4.56486e-05 1.78099e-05
0.0134406 0.0127021 0.972201 0.00165575
6.46625e-05 0.00011176 0.000108115 0.999715
4.51088e-09 1.74814e-11 1 3.94609e-10
5.00941e-09 0.999999 7.13936e-07 2.42171e-07
3.6014e-05 0.0003521 7.73136e-05 0.999535
7.84747e-05 0.000154412 0.000177467 0.99959
0.0022683 0.993057 0.00380529 0.000869404
0.000191746 0.00263554 0.000491373 0.996681
0.428107 0.164545 0.39412 0.013228
3.95334e-05 8.98517e-05 8.23871e-05 0.999788
1.91876e-05 2.67959e-05 2.31237e-05 0.999931
0.247041 0.23438 0.49748 0.021099
0.0713903 0.00213688 0.924164 0.00230847
1.79095e-05 4.92894e-07 0.999981 7.00709e-07
1.28109e-05 0.000107557 3.42589e-05 0.999845
9.99722e-05 0.999431 0.000259251 0.000209902
0.784216 0.0114173 0.199136 0.00523047
0.000205172 2.39959e-06 0.99979 2.24989e-06
6.12779e-06 2.52609e-05 1.99528e-05 0.999949
0.126962 0.00760104 0.862196 0.00324155
0.292394 0.548043 0.0811407 0.0784222
3.25413e-06 0.999951 2.36132e-05 2.17368e-05
3.3172e-05 5.95745e-05 5.44521e-05 0.999853
0.0145407 0.970136 0.0134492 0.0018737
0.755918 0.149615 0.0574546 0.0370131
0.974678 0.0144519 0.0044237 0.00644648
8.56254e-06 3.87234e-05 1.80716e-05 0.999935
0.0699277 0.922431 0.00288051 0.00476061
4.00376e-05 7.50544e-05 0.000111879 0.999773
3.37575e-05 1.01078e-05 0.99995 5.675e-06
0.343315 0.0211536 0.622872 0.0126596
0.00341419 0.98277 0.0122234 0.00159278
2.15898e-05 0.000118886 8.62539e-05 0.999773
0.685178 0.215518 0.0861285 0.0131755
0.915198 0.0245966 0.0411024 0.0191031
2.47732e-06 0.999974 1.04764e-05 1.33066e-05
0.000245841 0.00379141 0.00068567 0.995277
0.0102235 0.16019 0.825279 0.00430788
0.0185193 0.000126253 0.980911 0.000443502
2.44186e-08 2.0611e-10 1 2.7024e-09
0.000189161 1.61563e-06 0.999806 3.04856e-06
0.987371 0.000344001 0.011486 0.000798808
0.00913945 0.982186 0.007103 0.00157141
0.866491 0.097437 0.0256127 0.0104598
0.0262254 0.971513 0.00141495 0.000846785
0.534543 0.142989 0.310361 0.0121079
0.0157028 0.0202951 0.962505 0.00149687
0.196688 0.000982487 0.799538 0.00279075
0.0132401 0.220126 0.759514 0.00711955
0.0602263 0.367892 0.557976 0.0139058
2.03557e-05 2.72935e-05 4.07097e-05 0.999912
0.0263099 0.39305 0.569307 0.0113339
0.150318 0.405765 0.436331 0.00758544
1.26023e-05 0.999772 0.000142865 7.21126e-05
7.65576e-05 3.483e-06 0.999915 5.15492e-06
0.021298 0.170375 0.801922 0.00640442
0.803835 0.00101051 0.192937 0.00221793
4.42789e-05 0.000159482 9.01562e-05 0.999706
0.0152674 0.00868622 0.974416 0.00163082
0.00598325 0.00589891 0.987156 0.000962002
2.27959e-09 1.31607e-11 1 2.76148e-10
6.05005e-05 0.999535 0.000264601 0.000139411
0.095586 0.0147117 0.882628 0.00707433
0.138272 0.66821 0.151239 0.0422796
5.63515e-05 0.000352463 0.000201573 0.99939
2.03341e-05 0.00014804 3.78996e-05 0.999794
0.00183592 0.990117 0.00620409 0.00184252
0.729355 0.209904 0.0233521 0.0373885
0.274047 0.00576003 0.71544 0.00475286
6.23212e-06 0.999947 1.62599e-05 3.02573e-05
0.838599 0.154148 0.00241257 0.00484103
0.000111965 7.06139e-05 0.000121708 0.999696
0.0142542 0.00300195 0.981811 0.000933336
0.00449667 0.00613847 0.988392 0.000972589
0.116658 0.0270401 0.852314 0.00398723
0.057166 0.016399 0.918516 0.00791865
0.818667 0.0294874 0.135289 0.0165566
0.961069 0.0244006 0.0117231 0.00280724
3.04176e-06 0.999957 1.89757e-05 2.10036e-05
0.111866 0.86239 0.0235137 0.00223038
9.50178e-05 0.000136794 0.00022207 0.999546
2.01091e-05 0.000123387 4.18791e-05 0.999815
0.0119787 0.0680048 0.915923 0.00409304
0.000122154 0.998849 0.00074618 0.000282801
6.76534e-06 0.999875 7.25124e-05 4.53807e-05
0.0508396 0.000112988 0.948418 0.000629485
0.978878 0.0135398 0.00342242 0.00415968
0.000202397 0.000513321 8.5943e-05 0.999198
0.00015146 0.000811651 0.000220936 0.998816
0.299059 0.0656192 0.61596 0.0193624
0.758569 0.000775587 0.238152 0.002503
0.842202 0.0910017 0.0595553 0.0072412
0.849452 0.140024 0.00623013 0.00429468
6.92208e-05 0.00191175 0.000154571 0.997864
2.45563e-05 4.21123e-05 6.81335e-05 0.999865
3.12821e-05 5.34905e-05 5.79874e-05 0.999857
0.000119145 0.000283854 0.000120407 0.999477
0.104162 0.00454667 0.887887 0.00340381
5.73122e-06 0.999826 0.000129807 3.80129e-05
0.369174 0.623642 0.00415341 0.0030303
0.799333 0.000493257 0.197366 0.00280744
0.974281 0.00861428 0.0124651 0.00463984
0.472722 0.0154242 0.504933 0.00692061
0.552081 0.100507 0.340713 0.0066984
0.00726216 0.00166936 0.990542 0.000526091
0.0563883 0.00147255 0.940841 0.00129838
1.86759e-06 0.999944 3.93324e-05 1.45364e-05
0.0516534 0.0189698 0.925408 0.00396916
0.000126261 0.000763749 0.000253725 0.998856
0.000343144 0.999364 0.000120614 0.000172624
7.22179e-07 0.999941 4.695e-05 1.14528e-05
0.00188109 0.994704 0.00131709 0.00209784
0.0141815 0.000774837 0.984304 0.000739144
7.58293e-06 2.76614e-05 2.24128e-05 0.999942
0.496428 0.0787019 0.41428 0.0105902
2.91348e-06 9.97312e-06 5.59939e-06 0.999982
9.70501e-07 0.999969 2.33713e-05 6.70486e-06
0.559649 0.257201 0.164731 0.0184189
0.0895647 0.00131842 0.907128 0.00198885
0.0239928 0.659908 0.315022 0.00107794
8.08343e-06 8.3554e-05 1.9938e-05 0.999888
0.0076345 0.0335586 0.956411 0.00239555
0.127963 0.82883 0.0282601 0.0149465
0.136763 0.00128811 0.8595 0.00244847
0.998421 0.000186565 0.000827421 0.000564823
0.636898 0.346096 0.00984217 0.00716363
0.0807462 0.00273252 0.913334 0.00318672
6.03506e-07 0.99999 6.20322e-06 3.18667e-06
0.739784 0.194734 0.0504633 0.0150191
0.184848 0.442824 0.344514 0.0278137
0.02163 0.965395 0.00497169 0.00800323
2.56629e-07 0.999991 5.53405e-06 3.26367e-06
5.63731e-06 0.999866 9.07326e-05 3.80696e-05
0.00278676 0.986774 0.00720484 0.00323428
1.63469e-05 3.41354e-05 3.18846e-05 0.999918
0.0198555 0.00338486 0.974913 0.00184623
0.00370153 0.000884504 0.99509 0.00032447
4.72608e-05 9.59282e-05 0.00018508 0.999672
0.966039 0.00321782 0.0273244 0.00341916
0.00602565 0.00801371 0.985032 0.000928915
0.940609 0.0529271 0.00262666 0.00383692
0.000306388 0.996258 0.00301309 0.000421963
0.00457592 0.719202 0.27192 0.00430223
0.986626 0.00608845 0.00389917 0.00338626
2.09638e-05 0.000182407 3.81238e-05 0.999759
0.00127108 1.80654e-05 0.998693 1.80449e-05
0.0147704 0.0806137 0.900538 0.00407745
1.77104e-05 4.02758e-05 2.83918e-05 0.999914
0.342697 0.426014 0.142672 0.0886178
0.0302489 0.00267302 0.965329 0.00174897
0.619769 0.373086 0.00410834 0.00303625
0.0735868 0.486426 0.428291 0.0116966
4.72389e-05 8.31714e-05 9.56637e-05 0.999774
2.27361e-06 0.999862 0.000111424 2.45491e-05
0.000921989 0.959611 0.0380239 0.00144321
1.50807e-05 8.67933e-05 3.86836e-05 0.999859
0.845677 0.0808347 0.0671894 0.00629857
0.199842 0.203312 0.582837 0.0140094
0.0769271 0.00678426 0.913782 0.00250618
6.47136e-08 0.999994 4.07188e-06 1.41669e-06
0.0819006 0.866103 0.0437307 0.00826548
0.000390165 0.997922 0.00139569 0.000291707
0.00014294 0.000120001 0.000150281 0.999587
0.685009 0.199289 0.103835 0.0118677
0.000381701 0.00125359 0.00039854 0.997966
0.000206953 0.000182423 0.000258805 0.999352
0.711301 0.176259 0.0999375 0.0125024
0.848285 0.146313 0.00253166 0.00286992
0.399645 0.0380698 0.550115 0.0121708
1.05006e-06 0.999977 1.20943e-05 1.00231e-05
0.120666 0.00711382 0.866063 0.00615752
0.0307705 0.238861 0.725672 0.00469705
0.0013057 0.00184631 0.996667 0.000180985
0.000128949 0.000107984 0.000200905 0.999562
1.31279e-07 0.999993 4.55337e-06 2.11484e-06
4.21419e-05 3.27396e-05 0.000125655 0.999799
0.985499 0.00178006 0.0116501 0.00107075
0.611657 0.0533014 0.292115 0.0429267
1.4561e-05 0.999913 3.72123e-05 3.55357e-05
0.0294365 0.000278334 0.969487 0.000797693
7.16009e-05 0.000250417 5.41095e-05 0.999624
0.806468 0.0184989 0.165371 0.00966248
2.77805e-05 0.999848 7.61016e-05 4.77165e-05
0.000140524 0.000148367 0.000175545 0.999536
7.52836e-06 0.999832 0.00012778 3.26487e-05
0.00443215 0.00438928 0.990649 0.000529499
0.0355159 0.000979022 0.96212 0.00138489
1.61931e-08 0.999997 2.37277e-06 6.04509e-07
1.2062e-05 0.999933 1.8817e-05 3.64978e-05
1.4228e-06 6.21767e-08 0.999998 2.28194e-07
0.0624554 0.0203202 0.911847 0.00537785
0.515279 0.445824 0.00959979 0.0292964
0.390889 0.223244 0.365325 0.0205429
0.559068 0.417833 0.00971387 0.0133854
1.96714e-05 0.000221596 4.01775e-05 0.999718
8.7588e-07 0.999975 1.59665e-05 7.99037e-06
0.988795 0.00439843 0.00492982 0.00187707
0.990921 0.000200522 0.00813342 0.000745117
0.0146529 0.0124891 0.971783 0.00107513
4.65078e-05 7.2403e-05 0.000128406 0.999753
0.484517 0.00304088 0.507252 0.0051903
0.000250042 8.47641e-06 0.999735 6.32499e-06
3.46096e-05 6.79251e-05 0.000107955 0.99979
0.968152 0.00790049 0.016788 0.00715964
7.94853e-06 6.87947e-05 2.49448e-05 0.999898
0.0715526 0.310936 0.60392 0.0135916
0.000141715 0.000650146 0.000189479 0.999019
1.61858e-05 5.46709e-05 4.40463e-05 0.999885
0.998639 0.000235627 0.000671645 0.000453659
0.622901 0.113896 0.252669 0.0105335
1.04082e-06 0.99943 0.000549915 1.89219e-05
0.777898 0.155806 0.0583958 0.00790065
1.24199e-05 8.11732e-05 2.44317e-05 0.999882
1.82365e-07 0.999997 1.68898e-06 1.30761e-06
0.136247 0.0165826 0.844862 0.00230819
0.878932 0.0987987 0.0067658 0.0155031
0.0108749 0.0217657 0.966125 0.00123464
2.37624e-06 0.999965 1.78932e-05 1.45395e-05
5.74806e-07 0.999698 0.000293264 8.46224e-06
0.0243452 0.951629 0.0166135 0.0074119
6.90727e-06 0.997421 0.00251779 5.47777e-05
0.00110424 0.997448 0.000487599 0.000960568
0.970345 0.00984403 0.0144704 0.00534019
1.96468e-08 0.999996 2.97535e-06 8.43592e-07
9.62812e-05 6.7043e-05 0.000149958 0.999687
5.01866e-05 0.000353155 0.000115311 0.999481
4.48857e-06 1.66619e-05 8.30022e-06 0.999971
4.52395e-06 1.90779e-05 1.28251e-05 0.999964
0.755333 0.00260384 0.238126 0.00393621
3.04741e-05 0.999481 0.000354603 0.000133484
0.333877 0.162539 0.49024 0.013344
0.127482 0.101473 0.763603 0.00744252
1.06153e-05 3.23426e-05 2.0483e-05 0.999937
5.99653e-06 0.999957 1.96363e-05 1.70563e-05
0.000111078 8.56515e-07 0.999886 2.21097e-06
0.0546619 0.610168 0.318308 0.0168623
0.000146173 0.000137748 0.000210749 0.999505
0.00109365 0.995277 0.00282347 0.000805499
0.415587 0.0729948 0.502353 0.00906563
5.88932e-05 9.79995e-05 0.000134543 0.999709
0.0834418 0.00231005 0.911723 0.00252482
0.808655 0.171989 0.0140518 0.00530387
0.0369426 0.814883 0.145168 0.00300717
0.234034 0.0112388 0.744834 0.00989324
0.0021533 2.15907e-05 0.997795 3.00047e-05
0.00058948 0.999098 0.000192411 0.000119738
0.0283941 0.000217882 0.970523 0.00086534
0.882876 0.111625 0.0019438 0.00355508
1.78514e-06 0.999913 6.58689e-05 1.90126e-05
0.0808532 0.00435762 0.911097 0.00369173
0.0124942 0.00813792 0.978206 0.00116179
0.14474 0.29906 0.543681 0.0125191
9.55141e-06 0.996115 0.00381068 6.43702e-05
0.279282 0.527928 0.182956 0.00983396
0.662215 0.322955 0.00790388 0.00692645
0.0182103 0.0164563 0.963531 0.00180246
0.0298628 0.0263331 0.938158 0.00564565
0.304814 0.209491 0.474035 0.0116596
6.57185e-05 4.05155e-06 0.999924 6.56509e-06
8.26177e-05 0.000286032 6.89786e-05 0.999562
0.00949586 9.94188e-05 0.990031 0.000373248
1.54784e-05 7.00359e-05 4.23098e-05 0.999872
0.00258485 2.04813e-05 0.997373 2.13462e-05
0.0142526 0.0584104 0.923992 0.00334524
1.83118e-05 3.90036e-05 4.36365e-05 0.999899
0.994394 0.00511662 0.000306323 0.000183167
0.478981 0.319775 0.14113 0.0601132
0.00114743 0.990161 0.00784907 0.000842521
0.0523585 0.0131286 0.929849 0.00466372
0.217788 0.00144743 0.779162 0.00160272
0.581287 0.234606 0.172589 0.0115181
0.0267324 0.0173141 0.952472 0.00348135
0.0137568 0.00057553 0.984971 0.000696361
4.85266e-05 0.999532 0.000279843 0.000139204
8.8995e-06 3.02582e-05 1.55823e-05 0.999945
0.969289 0.0115664 0.0148254 0.00431971
5.25537e-05 5.46191e-05 0.000118048 0.999775
0.00899592 0.000275138 0.990025 0.000703839
0.00582712 0.1118 0.879729 0.0026435
3.5811e-05 9.3082e-05 0.000112536 0.999759
0.510002 0.3478 0.124359 0.0178402
0.0460984 0.0436885 0.905766 0.00444721
1.18221e-05 7.06503e-05 3.89377e-05 0.999879
7.50596e-05 7.55544e-05 9.75762e-05 0.999752
3.06659e-05 6.42037e-05 0.000121033 0.999784
8.03542e-05 0.000117332 0.000190738 0.999612
3.78125e-05 4.63322e-05 8.87702e-05 0.999827
0.719045 0.0200981 0.23921 0.0216469
0.0964603 0.00510647 0.892226 0.00620684
0.416524 0.558596 0.0171873 0.0076924
0.0431752 0.0133262 0.938111 0.00538799
0.990293 0.00161271 0.00568752 0.00240666
0.00418291 0.00756291 0.987659 0.000595284
0.985173 0.0033442 0.00747838 0.00400458
0.00334786 9.9458e-06 0.99663 1.23929e-05
0.000178449 0.00299928 0.000561681 0.996261
2.09581e-05 4.1897e-05 8.01906e-05 0.999857
0.00893588 0.173782 0.811014 0.00626736
0.000187151 0.000579317 0.00025787 0.998976
6.04502e-05 4.60667e-05 0.000136745 0.999757
0.000378775 0.997905 0.00135801 0.000358556
9.63267e-06 4.5859e-05 3.00984e-05 0.999914
0.000113734 0.000183533 0.000121493 0.999581
2.59674e-06 0.997857 0.00210381 3.69335e-05
9.1999e-05 0.999332 0.000390944 0.000185462
2.13648e-06 0.999848 0.000127053 2.30447e-05
0.380473 0.069752 0.540493 0.00928159
0.00789183 0.963736 0.0257222 0.0026499
0.910715 0.0594634 0.0180358 0.0117861
0.0178892 0.000195857 0.981499 0.000416173
1.8806e-05 2.77532e-05 2.51721e-05 0.999928
9.09244e-05 8.29771e-05 0.000149455 0.999677
0.278279 0.05765 0.647593 0.0164785
8.15866e-05 2.02066e-05 0.999892 5.8806e-06
0.000239159 0.00081142 0.000327723 0.998622
3.85535e-05 7.85355e-05 6.09638e-05 0.999822
0.0287891 0.031149 0.937845 0.00221706
1.87168e-05 0.999785 0.000114049 8.27209e-05
0.00865871 0.00557865 0.984879 0.000883603
1.33126e-05 5.77848e-05 3.13394e-05 0.999898
0.505901 0.0164451 0.463053 0.0146007
0.238608 0.113968 0.640326 0.00709734
0.153891 0.0146429 0.827697 0.00376907
0.0964923 0.0145438 0.88489 0.00407341
0.998537 0.000625623 0.000639124 0.000198612
0.946477 0.0318953 0.0114287 0.0101985
0.00521529 0.00166576 0.992711 0.000407954
0.117345 0.83321 0.0102384 0.039207
3.40059e-05 6.08628e-05 0.000148193 0.999757
0.997696 9.75323e-05 0.00165983 0.000546705
0.14684 0.145465 0.699376 0.0083192
2.47364e-05 5.27781e-05 9.98021e-05 0.999823
0.00133629 0.960451 0.0365758 0.001637
1.00275e-06 0.999928 5.71485e-05 1.388e-05
4.81483e-05 0.000370593 0.000106113 0.999475
0.984988 0.000334704 0.0132388 0.00143865
0.0161075 0.00724365 0.975045 0.00160348
0.75052 0.0138335 0.226743 0.00890338
1.0429e-05 6.39327e-08 0.999989 2.48492e-07
0.284317 0.578503 0.117819 0.0193605
9.73428e-06 7.70717e-05 2.32797e-05 0.99989
0.000109718 3.26541e-06 0.999883 4.00149e-06
0.985136 0.0018165 0.0113539 0.00169331
2.07384e-05 4.82797e-05 7.96374e-05 0.999851
1.67956e-05 8.62363e-05 4.80237e-05 0.999849
0.00804534 0.00222607 0.988753 0.000975068
0.614505 0.0542823 0.324267 0.00694602
0.000106275 0.000165485 0.000191151 0.999537
0.596817 0.212797 0.165059 0.0253265
0.990094 0.00283293 0.00553658 0.00153658
0.291061 0.690803 0.00700832 0.0111278
0.00796392 0.0118137 0.978612 0.00161024
0.863467 0.104255 0.0228652 0.00941278
0.652397 0.255007 0.0845507 0.00804503
3.51589e-08 0.999996 3.0137e-06 9.33463e-07
4.77373e-05 0.999785 6.28437e-05 0.000104704
0.000389181 0.000149468 0.999423 3.80186e-05
0.569796 0.00375671 0.420542 0.00590495
7.83769e-05 0.000139021 0.000127783 0.999655
1.76343e-06 0.999919 5.92846e-05 1.95122e-05
0.371868 0.073091 0.533417 0.0216236
0.0331466 0.0195715 0.942274 0.00500787
0.0458028 0.00250375 0.950041 0.00165237
0.0746365 0.0130439 0.904969 0.00735094
1.83991e-05 3.52026e-05 4.44879e-05 0.999902
0.072905 0.00115121 0.924232 0.0017118
0.0105979 2.85145e-05 0.989341 3.24742e-05
0.202901 0.247301 0.513174 0.0366237
0.873614 0.116181 0.00591553 0.00428982
0.0767107 0.00980906 0.908678 0.00480235
4.10208e-05 0.000460426 8.95299e-05 0.999409
0.989212 0.000228707 0.0100283 0.000531176
0.0608603 0.551872 0.371994 0.0152736
0.00798813 0.000398934 0.991143 0.000469956
0.45536 0.029367 0.496835 0.0184384
4.32305e-05 0.000477059 0.000151137 0.999329
5.27414e-05 0.000111319 0.000135332 0.999701
0.0337536 0.0153232 0.946851 0.00407201
0.0357192 0.0185844 0.9413 0.00439609
0.000141547 1.92953e-05 0.999829 9.91684e-06
0.994627 0.000238571 0.0045285 0.000605994
2.68085e-05 3.6584e-05 5.15189e-05 0.999885
1.23607e-05 2.07591e-05 1.95562e-05 0.999947
0.117203 0.0212098 0.85278 0.00880675
0.000587117 0.998325 0.000803535 0.000284167
0.49013 0.0920616 0.370564 0.0472446
0.991028 0.00799349 0.000636207 0.00034257
0.576352 0.0569676 0.342333 0.024347
0.12103 0.00869348 0.863293 0.00698388
0.000474864 0.981834 0.0166757 0.00101593
0.797459 0.160129 0.018513 0.0238994
0.00115512 0.995298 0.00222325 0.00132369
2.50827e-05 6.97445e-05 6.03592e-05 0.999845
0.604755 0.0393497 0.337971 0.0179244
0.496601 0.208741 0.282882 0.0117763
1.72791e-05 0.000114657 5.93718e-05 0.999809
3.79256e-05 4.13277e-05 0.000124058 0.999797
0.0103005 0.0148089 0.973473 0.00141774
0.829321 0.00757078 0.157559 0.00554938
1.53165e-08 0.999998 1.77176e-06 4.63924e-07
0.955445 0.0333765 0.0100478 0.00113093
0.10724 0.885668 0.00192756 0.00516464
2.11526e-05 7.98045e-05 4.65742e-05 0.999852
2.74878e-05 1.89438e-05 3.29328e-05 0.999921
0.353855 0.34336 0.282123 0.0206623
0.354493 0.00945402 0.626284 0.00976877
0.000157421 0.000161428 0.000195469 0.999486
0.144013 0.045434 0.80541 0.0051428
0.931563 0.0156869 0.044918 0.00783257
0.960455 0.0237119 0.00690449 0.00892821
0.00319098 0.00199973 0.994686 0.000123174
7.84212e-05 0.99971 0.000135172 7.60741e-05
0.0596013 0.4431 0.481496 0.0158027
2.41318e-05 2.7477e-05 6.83323e-05 0.99988
0.00163853 0.997668 0.000386911 0.000306115
0.998545 0.000245538 0.000506084 0.000702878
0.708466 0.275141 0.00503489 0.0113589
3.78401e-05 7.29499e-05 0.000104256 0.999785
7.0859e-05 0.000241487 0.000117905 0.99957
0.85671 0.0471349 0.0919401 0.00421485
0.00366639 0.963458 0.0297988 0.0030765
0.216856 0.245922 0.520207 0.0170148
5.33055e-05 4.64433e-05 0.000109184 0.999791
0.000428606 0.998133 0.00102036 0.000417804
0.49314 0.000756224 0.502413 0.00369054
5.45541e-05 0.000588194 0.000183424 0.999174
1.97022e-05 0.000145483 8.78798e-05 0.999747
7.42934e-06 6.40644e-05 2.52058e-05 0.999903
0.00681092 0.00272579 0.989652 0.00081164
0.965043 0.00379275 0.0270548 0.0041093
3.8155e-08 0.999996 2.76278e-06 1.01253e-06
0.935668 0.0415782 0.0197794 0.00297441
0.407136 0.0148702 0.571464 0.0065305
0.997188 0.000697561 0.00112359 0.000991266
0.980382 0.00161356 0.0158773 0.00212721
4.96618e-05 1.12064e-06 0.999948 9.0792e-07
2.75719e-06 9.6155e-06 5.71966e-06 0.999982
3.0362e-05 5.33459e-05 4.06299e-05 0.999876
0.00262962 0.00487727 0.992062 0.000430765
5.74151e-05 0.000477356 0.000112168 0.999353
1.97506e-06 0.999949 2.76109e-05 2.10471e-05
0.857096 0.000918278 0.139413 0.00257231
0.999514 4.44856e-05 0.000260792 0.000181167
7.11295e-05 0.000121735 0.000188255 0.999619
1.74464e-05 3.94262e-05 2.99081e-05 0.999913
4.27942e-06 0.999938 3.38626e-05 2.41635e-05
0.00416551 3.98902e-05 0.99578 1.46575e-05
0.000137862 5.88663e-05 0.000187241 0.999616
0.0204093 0.0549504 0.919794 0.00484681
0.00304767 0.000802409 0.995914 0.000236115
0.00011448 0.000612101 0.000209552 0.999064
0.993867 0.00227388 0.00290473 0.000954653
4.69159e-05 5.48576e-05 0.000108495 0.99979
6.20717e-05 0.00031615 0.000126765 0.999495
0.830097 0.165711 0.00248457 0.00170731
4.64928e-05 0.000107261 0.000107906 0.999738
0.00538041 0.993474 0.00075983 0.000385405
0.266858 0.663987 0.0169636 0.052191
0.998076 0.000524649 0.000649392 0.000749921
4.74599e-05 5.6816e-05 0.000134098 0.999762
0.0535228 0.00494666 0.938963 0.00256721
0.00254537 2.47487e-05 0.997418 1.22294e-05
0.00233486 0.00143371 0.995852 0.000379267
4.12371e-05 8.83834e-06 0.999945 5.02388e-06
0.531782 0.356206 0.0940288 0.0179825
3.19666e-05 0.000323835 4.84487e-05 0.999596
2.37777e-07 0.999966 2.99594e-05 4.01662e-06
0.995033 0.000199958 0.00355941 0.00120803
0.955539 0.0154777 0.0171374 0.011846
0.992198 0.00145213 0.00487554 0.00147425
0.992987 0.000866434 0.00393609 0.0022101
0.943384 0.00214767 0.0525048 0.00196314
0.418769 0.542246 0.0212814 0.0177035
2.60494e-06 0.999953 3.20429e-05 1.21614e-05
6.19372e-05 0.000131756 0.000224945 0.999581
0.0158513 0.0015365 0.98165 0.000962526
0.501965 0.123255 0.362941 0.0118391
0.169877 0.603207 0.21528 0.0116354
0.689473 0.00124956 0.305873 0.0034049
0.000125669 0.998897 0.000749199 0.000228199
0.993376 0.000273471 0.0053277 0.00102301
0.00403743 0.00779398 0.987517 0.000652055
0.00139233 0.997563 0.000437132 0.000607413
0.532993 0.284679 0.163217 0.0191109
0.958893 0.0231201 0.00960283 0.00838411
0.00994976 0.0660973 0.921043 0.00290971
0.000152429 0.000451302 8.44361e-05 0.999312
0.528323 0.122964 0.33811 0.0106032
7.52326e-05 7.87611e-05 0.000119693 0.999726
0.72895 0.00129306 0.266982 0.00277453
4.29947e-05 7.96479e-05 0.000118017 0.999759
5.45699e-06 2.35308e-05 1.54376e-05 0.999956
0.537425 0.212112 0.226334 0.0241295
1.44745e-05 0.999746 0.000182851 5.7214e-05
1.97836e-05 0.00017145 6.89423e-05 0.99974
0.0574123 0.643723 0.292172 0.0066925
0.638962 0.184664 0.141116 0.0352586
0.365111 0.0955212 0.527399 0.011968
0.215034 0.0758935 0.701224 0.00784883
0.000656473 7.61943e-06 0.999326 1.00832e-05
0.0369358 0.00730847 0.952421 0.00333444
0.0106807 0.0495388 0.937192 0.0025882
0.0133311 0.721765 0.257441 0.00746291
1.35219e-05 0.989899 0.0100152 7.17506e-05
1.67369e-05 9.47921e-05 7.76529e-05 0.999811
0.0935209 0.00572509 0.895737 0.00501687
0.148409 0.812967 0.0341517 0.00447285
4.21835e-05 0.000143239 8.21006e-05 0.999732
0.0205483 0.0241731 0.951536 0.00374228
5.15767e-06 2.24277e-05 1.72867e-05 0.999955
0.266836 0.163421 0.558584 0.0111583
0.790267 0.141417 0.0547108 0.0136054
3.02605e-05 9.76847e-05 6.02899e-05 0.999812
0.711655 0.138876 0.142941 0.00652804
0.572969 0.133524 0.285107 0.00839998
2.97405e-05 0.999667 0.00023213 7.15286e-05
1.70561e-06 0.999122 0.000838302 3.81296e-05
0.405174 0.513273 0.0233356 0.0582174
4.06642e-05 3.96051e-05 8.10657e-05 0.999839
4.09361e-06 0.999942 3.09422e-05 2.31692e-05
0.85604 0.000170797 0.14252 0.00126986
4.18742e-05 7.67467e-05 6.45889e-05 0.999817
5.52091e-05 1.50757e-05 0.99992 9.98254e-06
0.561317 0.0701436 0.345186 0.0233531
0.012598 0.0233956 0.960293 0.00371347
0.838871 0.0179964 0.133435 0.00969812
0.00184196 0.000707655 0.997281 0.000169018
0.993663 0.00565713 0.000422939 0.00025701
0.572776 0.405543 0.0152856 0.00639539
0.0207255 8.37311e-05 0.978671 0.000519471
2.17564e-05 4.06992e-05 7.71763e-05 0.99986
