0.000297151 0.996569 0.00282285 0.000310723
0.175259 0.0374906 0.776683 0.0105682
0.00143578 0.000668375 0.997695 0.000201096
0.000189445 0.000216786 0.000440541 0.999153
0.833227 0.0545593 0.105697 0.00651746
0.0442978 0.0138338 0.938221 0.00364705
0.830708 0.1062 0.0526587 0.0104331
0.0136392 0.00927868 0.975048 0.00203394
0.0380671 0.104243 0.852229 0.00546124
0.000104829 8.3606e-05 0.000196332 0.999615
0.000133433 0.000123512 0.000241785 0.999501
0.00306974 0.988497 0.00686468 0.00156845
0.000765624 0.994658 0.00407606 0.000500541
7.18197e-05 5.21986e-05 0.000108118 0.999768
0.000879161 0.000687377 0.00138892 0.997045
3.44663e-05 1.81532e-05 4.79009e-05 0.9999
0.010189 0.0312057 0.956404 0.0022017
0.381283 0.105102 0.498622 0.0149928
0.00327912 0.988054 0.00747077 0.00119602
0.143243 0.00242027 0.850763 0.00357384
0.0284926 0.0208198 0.946641 0.00404637
0.000175184 0.000119829 0.00022911 0.999476
0.606866 0.127128 0.246576 0.0194291
1.76208e-05 9.94423e-06 2.76879e-05 0.999945
0.0319281 0.24314 0.72146 0.00347248
0.759959 0.0379626 0.190397 0.0116811
0.000311752 0.000285039 0.000452739 0.99895
0.542236 0.194673 0.250881 0.0122095
0.00148428 0.000454384 0.997945 0.000115919
0.00789958 0.982694 0.00765244 0.00175429
3.77764e-05 1.7434e-05 4.13051e-05 0.999903
0.000458418 0.000133085 0.999367 4.13298e-05
0.0718569 0.0138456 0.909686 0.00461162
0.381006 0.0931798 0.503406 0.022408
0.955365 0.0393853 0.00324914 0.00200024
0.073558 0.0183678 0.905748 0.00232602
0.000174675 0.999506 0.000213791 0.000105425
3.12268e-05 2.77388e-05 5.67651e-05 0.999884
0.0102721 0.684154 0.300209 0.00536455
8.87245e-05 5.81484e-05 0.000140658 0.999712
0.000315183 0.000128097 0.000184363 0.999372
0.00672699 0.000763565 0.991901 0.000607986
2.63031e-05 1.9847e-05 4.59731e-05 0.999908
0.000181171 0.000183168 0.00036182 0.999274
0.884936 0.0205174 0.0892314 0.00531475
0.0158555 0.826833 0.150596 0.00671541
0.269031 0.316495 0.402062 0.0124116
0.821136 0.144181 0.0275219 0.00716102
0.0179166 0.00710223 0.973669 0.00131257
0.00931793 0.00672043 0.982702 0.00125944
0.0317489 0.21558 0.745568 0.00710368
0.613464 0.153963 0.219544 0.0130288
0.0108792 0.0553235 0.931174 0.0026229
0.0329441 0.00527731 0.958859 0.00291968
0.0282783 0.00886793 0.961753 0.00110082
0.925678 0.0450159 0.0246529 0.00465323
0.063894 0.0466285 0.883808 0.00566992
0.000693679 0.000469532 0.000680022 0.998157
0.00022193 5.59155e-05 0.999702 2.03229e-05
7.56988e-06 0.999953 2.54567e-05 1.38505e-05
0.000155608 0.998853 0.00079232 0.000198578
4.7061e-06 0.999941 3.5897e-05 1.81409e-05
4.52291e-05 2.05164e-05 4.85848e-05 0.999886
0.792091 0.178466 0.024138 0.00530504
0.000167506 0.000161804 0.000316551 0.999354
0.802976 0.0819738 0.106784 0.00826612
6.78091e-05 0.999494 0.000326581 0.00011163
0.484638 0.340278 0.162578 0.012506
6.73139e-06 0.999931 4.17603e-05 2.01519e-05
0.000248883 9.3805e-05 0.99963 2.72936e-05
7.84699e-06 0.999911 5.62746e-05 2.49064e-05
0.00532232 0.00224023 0.991983 0.000454529
0.837877 0.14724 0.0101626 0.00472028
9.3742e-05 7.5068e-05 0.000133959 0.999697
0.490781 0.479558 0.0210154 0.00864549
0.102616 0.00355327 0.89018 0.0036512
9.31091e-05 7.25969e-05 0.00012589 0.999708
0.000115808 9.93083e-05 0.000228741 0.999556
0.887313 0.0996238 0.00799499 0.00506828
0.853503 0.0278571 0.110727 0.00791358
0.000117467 0.999357 0.000401109 0.000124516
0.0324663 0.222417 0.735808 0.00930867
0.00226434 0.985969 0.0106716 0.0010951
2.87717e-05 0.999696 0.000217056 5.8532e-05
0.0211212 0.911109 0.063647 0.00412297
0.0001728 0.000104042 0.000197395 0.999526
0.000109641 8.73662e-05 0.000140704 0.999662
0.000468259 0.000366966 0.00118038 0.997984
0.272103 0.108052 0.608611 0.0112349
0.00242994 0.00425072 0.992709 0.000610705
0.000503039 0.000380317 0.000680547 0.998436
0.0103807 0.00193153 0.986497 0.00119056
0.184868 0.715845 0.0775701 0.0217162
0.0713322 0.156237 0.759392 0.0130391
1.37419e-05 5.97176e-06 1.54578e-05 0.999965
0.000146221 0.000141209 0.000243815 0.999469
0.000123375 0.000107705 0.000210492 0.999558
0.00448302 0.00231227 0.992452 0.000753004
0.000122127 6.45751e-05 0.000136558 0.999677
0.370629 0.223076 0.385298 0.0209961
0.0013597 0.992915 0.00473213 0.000993347
0.00271253 0.000976124 0.995706 0.000605166
7.25366e-05 0.99953 0.00028238 0.000115174
0.000189952 0.000200998 0.000355482 0.999254
0.00040787 0.000328428 0.000533351 0.99873
0.000121055 0.000110238 0.000165867 0.999603
7.92424e-05 6.67802e-05 0.000137156 0.999717
4.99072e-05 3.39487e-05 7.73326e-05 0.999839
0.000491377 0.000420378 0.000806065 0.998282
0.00797709 0.0226127 0.96749 0.00192056
0.000337935 0.000147983 0.000220916 0.999293
5.85299e-05 1.11045e-05 0.999925 5.27151e-06
0.00577455 0.0018742 0.991806 0.000544914
0.196579 0.0183697 0.777155 0.00789666
0.000743892 0.99484 0.00388632 0.000529369
0.0145997 0.962982 0.0196821 0.00273587
0.0372859 0.0199803 0.938789 0.00394522
0.255826 0.225657 0.501097 0.0174206
0.027859 0.0158288 0.953347 0.00296556
0.517299 0.103811 0.359187 0.0197041
0.165926 0.170312 0.645935 0.0178273
0.000409036 0.000377924 0.000581863 0.998631
3.70127e-05 1.9473e-05 4.38319e-05 0.9999
0.935333 0.050804 0.00906103 0.00480233
0.000325297 0.000256494 0.00036588 0.999052
0.000117062 0.000110863 0.000202572 0.999569
3.57772e-05 2.02529e-05 5.39224e-05 0.99989
0.0821194 0.317163 0.587494 0.0132241
0.764477 0.0361584 0.192746 0.00661839
0.000115835 2.90307e-05 0.999829 2.64977e-05
0.000952693 0.989162 0.00917033 0.000714779
0.0166648 0.0166615 0.962854 0.00382016
0.000124677 2.71518e-05 0.999836 1.16913e-05
7.05213e-05 5.9396e-05 0.000146486 0.999724
0.000130213 0.999582 0.0001949 9.25675e-05
0.000130233 0.000122158 0.0002376 0.99951
0.000102326 8.36914e-05 0.000210581 0.999603
0.0222043 0.00592223 0.969225 0.0026483
0.0509712 0.00388594 0.943894 0.00124907
0.0666745 0.0487995 0.878905 0.00562133
0.0145352 0.0133097 0.971219 0.000935913
0.114288 0.0529349 0.82245 0.0103278
0.0252021 0.00425085 0.968957 0.00158975
0.000246071 7.55256e-05 0.999654 2.47983e-05
0.0043957 0.000396643 0.994892 0.000315448
0.00696163 0.956346 0.0346607 0.00203178
0.0507958 0.482013 0.45765 0.00954112
6.80516e-05 3.18624e-05 8.74823e-05 0.999813
4.61488e-05 0.999512 0.000352739 8.9211e-05
0.0451331 0.0152311 0.936594 0.00304216
0.565754 0.123682 0.296886 0.0136781
0.370976 0.289183 0.325323 0.0145179
0.000262253 0.000236533 0.00039453 0.999107
0.447355 0.172407 0.360555 0.0196834
8.9563e-05 1.23576e-05 0.999891 7.09229e-06
0.0495081 0.0134862 0.932928 0.00407786
0.0125146 0.00353166 0.982655 0.00129877
0.524219 0.185186 0.26641 0.0241856
0.298411 0.509448 0.165823 0.026318
0.0179743 0.00133158 0.980091 0.000603154
0.00327674 0.125614 0.869545 0.00156428
0.0267034 0.0119273 0.957031 0.00433813
0.867983 0.0267584 0.0943032 0.0109555
0.000223093 0.998637 0.000933214 0.000207128
0.185737 0.235149 0.556852 0.0222617
0.0121208 0.965244 0.0196679 0.00296776
0.149156 0.304226 0.533557 0.0130616
0.0373088 0.041917 0.913973 0.00680149
0.00731323 0.00570927 0.986341 0.000636152
4.46784e-05 3.28443e-05 7.19393e-05 0.999851
0.0020696 0.00399791 0.993459 0.000473268
0.00520278 0.00304422 0.99137 0.000382747
0.0663293 0.0201621 0.910402 0.00310649
0.719362 0.0140716 0.257609 0.0089576
0.000111421 4.447e-05 0.000125375 0.999719
0.00652428 0.945052 0.0460232 0.00240054
0.0102148 0.00503352 0.983784 0.00096727
0.595065 0.0169887 0.378822 0.00912474
0.000177785 0.000149001 0.000259258 0.999414
0.000350181 0.000311748 0.000507692 0.99883
0.0944147 0.0372334 0.8605 0.00785233
0.000203489 0.000211467 0.000353098 0.999232
0.865077 0.0140597 0.113275 0.00758901
0.000116083 9.87826e-05 0.000152631 0.999632
0.00135653 0.00143295 0.996949 0.000261131
0.100716 0.748327 0.142137 0.00881981
0.326632 0.174288 0.475791 0.0232884
0.00298733 0.00456064 0.991747 0.00070512
0.00254929 0.00414341 0.992713 0.000594418
0.0160715 0.91076 0.0694696 0.00369871
0.000278365 0.000228744 0.000328899 0.999164
6.71537e-05 6.05782e-05 0.000122745 0.999749
0.228252 0.620955 0.135261 0.0155315
0.146325 0.261801 0.578676 0.0131973
0.00341198 0.00232563 0.993754 0.000508122
0.133236 0.00458813 0.857759 0.00441654
0.0596875 0.00798212 0.927652 0.00467887
0.0949339 0.0229983 0.876131 0.00593717
0.000189276 0.000194104 0.000368657 0.999248
0.00199917 0.00059659 0.997159 0.000245457
9.1592e-05 7.65385e-05 0.00012156 0.99971
0.00176594 0.996214 0.00145761 0.000562629
0.00779824 0.00340298 0.987752 0.00104641
0.00527903 0.002002 0.99229 0.000429084
0.00785195 0.957186 0.0325982 0.00236412
8.9698e-05 6.73286e-05 0.000142154 0.999701
3.6721e-05 3.21692e-06 0.999958 2.33721e-06
0.0047277 0.95855 0.0342945 0.0024279
0.728093 0.144637 0.108543 0.0187269
0.000197827 5.1738e-05 0.999731 1.9857e-05
0.0120252 0.0269864 0.958001 0.00298791
0.00831426 0.00974985 0.980154 0.00178155
0.00012163 0.000113759 0.00022823 0.999536
4.96365e-05 0.999713 0.000161377 7.55022e-05
0.0101928 0.0013259 0.987486 0.000995309
0.000394149 0.000108491 0.999463 3.47065e-05
0.127306 0.157204 0.709325 0.00616443
0.0249608 0.0142653 0.959207 0.00156693
0.0164665 0.0135607 0.968167 0.00180548
0.0100524 0.00196353 0.987123 0.000861264
0.000511722 0.000341659 0.000489443 0.998657
0.00330241 0.000657135 0.995704 0.000336128
0.000158194 0.000138917 0.000281254 0.999422
0.601519 0.00811538 0.383469 0.00689641
1.56434e-05 1.35818e-06 0.999982 1.35539e-06
0.00011644 0.00014044 0.000252655 0.99949
7.84651e-05 6.85079e-05 0.000145006 0.999708
0.000699891 0.00015078 0.999095 5.39646e-05
0.00484209 0.92096 0.0712123 0.00298595
6.82543e-06 4.51161e-07 0.999992 5.00229e-07
0.73931 0.0773275 0.163691 0.0196717
0.00408995 0.00105447 0.994401 0.000454249
2.49596e-05 1.3734e-05 3.73495e-05 0.999924
0.00399816 0.00767613 0.987527 0.000798371
0.00510302 0.0104382 0.983178 0.00128079
0.000192528 0.000221285 0.000447465 0.999139
0.00736688 0.962213 0.0276914 0.00272858
0.0913561 0.0145352 0.886387 0.00772164
9.27083e-05 0.999451 0.000355623 0.000100871
0.244461 0.00726296 0.741846 0.00642949
0.000458841 0.000267707 0.000464773 0.998809
0.846759 0.100305 0.044419 0.0085168
0.0188294 0.00774 0.971237 0.0021936
2.90879e-05 1.62766e-05 4.39197e-05 0.999911
0.000102981 6.49703e-05 0.00011253 0.999719
0.000146777 0.00013725 0.000274507 0.999441
0.360677 0.103076 0.52022 0.0160274
0.0134315 0.960821 0.0226602 0.00308728
0.870665 0.0750269 0.0457998 0.00850809
0.00839051 0.0384372 0.950989 0.00218341
0.804867 0.0132927 0.172924 0.00891664
0.0137869 0.00510584 0.978655 0.00245256
0.000194354 0.000155872 0.000260879 0.999389
0.0231876 0.00488178 0.970671 0.00125978
0.000581508 0.000448038 0.000980169 0.99799
0.000106055 0.000107042 0.000243905 0.999543
0.0296813 0.015326 0.952548 0.00244435
0.00526634 0.00111618 0.993196 0.000420981
0.0118742 0.00646921 0.98038 0.00127686
4.97807e-05 0.999705 0.000178943 6.61628e-05
2.16584e-05 3.98206e-06 0.999972 2.29028e-06
0.00012624 0.000100539 0.000204808 0.999568
0.0161569 0.0116656 0.969579 0.00259802
2.79414e-06 0.999951 3.29182e-05 1.38054e-05
0.00373135 0.000964183 0.994799 0.000505247
0.00430411 0.000836462 0.994502 0.000356967
0.0189382 0.00257726 0.976603 0.0018819
3.39551e-05 0.99977 0.000131844 6.41642e-05
3.87305e-05 1.94959e-05 4.18509e-05 0.9999
0.75452 0.0426564 0.1867 0.016123
9.24257e-05 1.80328e-05 0.999881 8.1754e-06
0.828357 0.0883987 0.073092 0.0101523
0.0131318 0.013213 0.97071 0.00294492
7.53252e-05 6.85561e-05 0.000141327 0.999715
0.00581892 0.64272 0.348883 0.00257803
0.0125785 0.0081732 0.978064 0.00118397
0.0136685 0.00172967 0.983245 0.00135687
0.0601834 0.0094769 0.924656 0.00568362
0.000357986 0.000242152 0.000345895 0.999054
0.00320056 0.00196283 0.994408 0.000428909
0.163166 0.0973845 0.726141 0.0133084
0.00824096 0.0151136 0.975125 0.00152012
0.00196822 0.000836743 0.997006 0.000189626
0.00366504 0.988802 0.00648287 0.00104954
0.00712953 0.00214716 0.989809 0.000914465
0.00013692 0.000137652 0.000327285 0.999398
0.00435233 0.00304999 0.991971 0.000626403
9.46476e-05 7.9495e-05 0.000163315 0.999663
1.2103e-05 0.999893 6.35815e-05 3.14675e-05
0.000332429 0.000298714 0.000559121 0.99881
0.0832361 0.0514997 0.857448 0.00781651
0.00145153 0.990101 0.00751449 0.000932918
0.00552423 0.950057 0.0421017 0.00231749
0.0188884 0.0160449 0.962472 0.00259486
0.0154421 0.0306163 0.951 0.00294175
4.79672e-05 3.34324e-05 8.23522e-05 0.999836
0.00930358 0.00477911 0.98524 0.000676993
0.0109794 0.0340995 0.952299 0.00262175
0.004053 0.00227374 0.993237 0.000436207
0.000167106 0.000163391 0.000357427 0.999312
0.000720634 0.000292286 0.99887 0.000117221
1.63241e-05 0.999822 0.000119389 4.26358e-05
0.915158 0.0596921 0.0185694 0.00658049
0.341713 0.0587229 0.585508 0.0140562
0.901236 0.0850699 0.00991222 0.00378184
0.0559195 0.0773729 0.86242 0.00428744
0.426926 0.268687 0.275167 0.0292194
0.0642823 0.00358192 0.92972 0.00241586
0.000195084 0.000206352 0.000418501 0.99918
0.00786921 0.00352103 0.988051 0.00055847
0.421092 0.274347 0.28052 0.0240403
0.053722 0.573408 0.36396 0.00890951
0.128144 0.18268 0.678554 0.0106214
0.839996 0.0707487 0.0807181 0.00853687
0.0144236 0.00280267 0.981002 0.00177176
0.00834185 0.104567 0.884528 0.00256259
0.0754074 0.061864 0.852592 0.0101369
0.873372 0.111241 0.00993697 0.00545021
0.691587 0.0222109 0.275559 0.0106429
0.557763 0.0616808 0.373122 0.00743368
0.1072 0.0170792 0.872357 0.00336395
0.000140209 0.000130538 0.00025581 0.999474
7.21307e-05 7.34299e-06 0.999916 4.51118e-06
7.35687e-05 6.79709e-05 0.00014193 0.999716
0.860715 0.0971001 0.0345033 0.00768187
0.00905378 0.00650279 0.982869 0.00157437
3.96388e-05 1.64121e-05 3.62494e-05 0.999908
0.000210579 6.2401e-05 0.999684 4.30112e-05
0.89765 0.090558 0.00809207 0.0036996
0.000128805 0.000113256 0.000226156 0.999532
0.0376678 0.877477 0.0784036 0.00645195
0.000340463 0.998079 0.00125471 0.000325723
0.0223524 0.0202362 0.954815 0.00259609
0.000146934 0.000117612 0.000216378 0.999519
5.65972e-05 6.68514e-06 0.999925 1.13061e-05
1.15139e-05 0.999896 6.2856e-05 2.9701e-05
0.000503426 0.000384286 0.000678359 0.998434
0.000449361 0.00035295 0.00112974 0.998068
0.0136275 0.929826 0.0519435 0.0046034
0.000298319 0.000214605 0.000389523 0.999098
0.178471 0.145768 0.66236 0.0134008
0.00026555 0.000199115 0.000550231 0.998985
9.70591e-05 4.72621e-05 0.00011466 0.999741
0.000485266 0.000131071 0.999341 4.23385e-05
0.00649838 0.00191619 0.990623 0.000962472
0.00415813 0.000408721 0.995035 0.000398356
9.2967e-05 8.11314e-05 0.000132317 0.999694
0.00183356 0.986531 0.0104078 0.00122791
0.182215 0.0189772 0.794484 0.0043235
0.0145402 0.00127552 0.983242 0.000942751
4.15765e-05 2.59467e-05 6.04287e-05 0.999872
0.0479688 0.00674839 0.943361 0.0019219
0.380031 0.261842 0.339167 0.0189596
0.000241776 0.998427 0.00106264 0.000268762
5.35423e-05 3.74153e-05 8.62183e-05 0.999823
0.0238174 0.820526 0.149358 0.00629802
0.93565 0.0546879 0.00645348 0.00320854
0.9092 0.0556949 0.0261014 0.00900371
3.70477e-05 1.80633e-05 3.97693e-05 0.999905
0.0579006 0.0607149 0.87441 0.00697471
7.88225e-05 6.73314e-05 0.000150815 0.999703
0.000257153 5.7275e-05 0.999649 3.6195e-05
0.420127 0.081714 0.478124 0.0200351
0.00114049 0.993684 0.00450444 0.000671552
9.54573e-05 7.52124e-05 0.000150889 0.999678
0.00121621 0.000279456 0.998422 8.1956e-05
0.665803 0.180941 0.133872 0.0193839
0.000261016 0.999141 0.000436221 0.000161465
0.000552982 0.000455568 0.000607667 0.998384
0.00478707 0.00899611 0.98521 0.00100639
0.0396589 0.00974564 0.947412 0.00318344
0.000112596 2.11636e-05 0.999842 2.42448e-05
0.0277241 0.00226937 0.968274 0.0017322
0.164235 0.0102581 0.819987 0.00552024
0.00872857 0.959872 0.0282042 0.00319481
0.461321 0.309358 0.214258 0.0150636
0.0390663 0.943847 0.0137901 0.00329601
0.0681576 0.0922539 0.835395 0.00419345
1.21968e-05 1.68983e-06 0.999985 9.29698e-07
0.0484504 0.005934 0.941667 0.00394874
0.000660714 0.00106759 0.998127 0.000144862
0.0348334 0.280222 0.676885 0.0080593
8.22507e-05 3.48754e-05 0.000101978 0.999781
0.0552027 0.17735 0.754142 0.0133052
0.00189224 0.0134338 0.984145 0.000528482
0.000707473 0.996285 0.00239223 0.000615404
0.000167383 3.90995e-05 0.999765 2.90068e-05
0.0116657 0.0314003 0.953877 0.00305726
0.0597176 0.00560707 0.930559 0.00411605
0.000184502 0.000111633 0.000195188 0.999509
0.0167745 0.00514449 0.976726 0.00135536
2.9231e-05 3.54377e-06 0.999964 2.98891e-06
3.08599e-05 4.08988e-06 0.999958 7.34201e-06
0.00209126 0.98853 0.0080906 0.00128871
0.0111013 0.00461828 0.982723 0.00155716
0.302899 0.13367 0.548809 0.014622
5.41317e-05 4.76378e-05 9.71429e-05 0.999801
6.08797e-05 2.57497e-05 5.58243e-05 0.999858
0.00754228 0.778894 0.209556 0.00400818
0.199291 0.0725585 0.7077 0.0204509
0.00993455 0.00205099 0.986884 0.00113067
0.000241169 0.999437 0.000200058 0.000121611
0.746843 0.216761 0.0277047 0.00869167
7.54015e-05 7.36132e-05 0.000161568 0.999689
0.00547649 0.00107047 0.992967 0.000486482
1.88426e-05 1.51577e-06 0.999978 1.47505e-06
0.00749228 0.00380891 0.987679 0.00102013
0.00888561 0.00459568 0.985105 0.00141422
0.777823 0.118515 0.0878922 0.0157693
0.77372 0.140388 0.0788331 0.00705869
6.96264e-05 0.999663 0.000172005 9.51952e-05
0.00196187 0.911341 0.0850831 0.00161431
0.000235523 0.000213252 0.000385279 0.999166
7.94059e-05 3.8976e-05 9.89081e-05 0.999783
0.0227228 0.188138 0.783385 0.00575405
0.00183481 0.991865 0.00519322 0.00110748
0.00135377 0.995016 0.00278331 0.000846813
0.141326 0.0204709 0.832181 0.00602265
0.911674 0.0545163 0.026636 0.00717343
0.000372438 0.000182215 0.000412428 0.999033
0.000334982 0.000140625 0.000210254 0.999314
0.0743755 0.0488577 0.868959 0.00780791
0.0559764 0.00611093 0.934691 0.00322139
0.075667 0.0493449 0.866638 0.0083504
0.191164 0.151198 0.646877 0.0107606
0.000213951 0.000139563 0.00024881 0.999398
0.00011532 9.74223e-05 0.000183047 0.999604
0.000314627 0.000262558 0.000612518 0.99881
0.000497547 0.000389631 0.000709658 0.998403
0.00383873 0.00105199 0.994584 0.000525574
0.000182285 0.998987 0.000654115 0.000176858
0.0440227 0.83587 0.113567 0.00654018
0.350428 0.00784146 0.631295 0.0104352
0.269803 0.0680576 0.645832 0.0163073
0.0927369 0.0145464 0.889196 0.00352018
0.0270267 0.0138265 0.956193 0.00295353
0.0079831 0.00178584 0.989597 0.000633971
0.0428303 0.025624 0.926471 0.00507437
0.000335204 0.998232 0.001076 0.000356394
0.0538832 0.0185004 0.923214 0.00440259
0.000292926 0.000114846 0.000174228 0.999418
0.000313944 0.999062 0.00046316 0.000160875
0.000209393 0.99852 0.00100806 0.000262684
0.00128266 0.995886 0.00225963 0.000572071
0.00380081 0.000896682 0.994905 0.000397279
4.32458e-05 2.65961e-05 6.53034e-05 0.999865
0.0454607 0.0264729 0.923589 0.00447774
1.83467e-05 8.23407e-06 1.90117e-05 0.999954
0.000144922 0.998872 0.000809319 0.000173305
0.0307144 0.0293372 0.93603 0.00391802
0.0100933 0.00260544 0.986224 0.00107739
0.0921665 0.563823 0.33665 0.00736026
2.28766e-05 9.46291e-06 2.30059e-05 0.999945
0.0032947 0.00254177 0.993524 0.000639952
0.224157 0.404161 0.356431 0.0152505
0.0128228 0.002797 0.982438 0.00194268
0.94464 0.0156662 0.030599 0.00909461
0.486163 0.320021 0.180185 0.0136306
0.0137491 0.00393473 0.980838 0.00147839
1.36133e-05 0.99973 0.000211049 4.55242e-05
0.273558 0.139771 0.575357 0.0113139
0.13634 0.141609 0.709501 0.0125499
0.160792 0.787524 0.0398645 0.0118195
1.53909e-05 0.999868 8.14281e-05 3.4805e-05
0.000575695 0.997441 0.00152305 0.000460251
0.00748093 0.830376 0.158481 0.0036618
3.46248e-05 2.57098e-05 6.29195e-05 0.999877
0.00940735 0.00662444 0.982862 0.00110647
0.00785687 0.00225433 0.989105 0.000783515
0.000129898 0.000118711 0.000263199 0.999488
0.72324 0.0245278 0.239636 0.0125961
0.00136727 0.00256889 0.995676 0.000388102
0.800168 0.173855 0.0182693 0.00770771
0.00151804 0.986895 0.0106602 0.000927235
0.0222132 0.0170253 0.957139 0.00362265
0.799183 0.0868744 0.104552 0.00938995
4.07439e-05 1.87682e-05 3.98128e-05 0.999901
0.0214498 0.00304476 0.97387 0.00163543
0.00603541 0.0221131 0.970306 0.00154543
2.30466e-05 1.37066e-05 3.42015e-05 0.999929
0.556637 0.32585 0.0984083 0.0191047
0.00461827 0.00174211 0.993183 0.00045621
0.104939 0.111271 0.775312 0.00847831
0.0572288 0.685082 0.247585 0.0101044
0.000177485 0.000142062 0.000262441 0.999418
0.0001859 0.998619 0.000933501 0.000261303
0.0914139 0.0967236 0.799159 0.0127034
7.43643e-05 3.86606e-05 9.37429e-05 0.999793
0.0745171 0.0401678 0.878678 0.00663683
0.00212939 0.00074238 0.996912 0.000216688
0.0829247 0.0095893 0.904232 0.00325382
3.3639e-05 0.999758 0.000144951 6.31017e-05
0.00706943 0.0159809 0.975797 0.00115214
0.00526914 0.981636 0.0111842 0.00191088
0.000143474 0.000120474 0.00023143 0.999505
0.00379371 0.0011818 0.994776 0.000248018
0.000939968 0.000771737 0.00115512 0.997133
0.000130943 0.000156195 0.000338692 0.999374
0.002875 0.000696394 0.99625 0.000178531
0.298416 0.21674 0.469315 0.0155283
0.143478 0.0326259 0.814338 0.00955826
3.45856e-05 0.999673 0.000227127 6.51096e-05
0.0066836 0.00230138 0.989712 0.00130302
0.202486 0.170813 0.609703 0.0169981
1.45064e-05 2.73741e-06 0.999981 1.53879e-06
0.000115358 0.000103341 0.000209368 0.999572
4.47993e-06 0.999935 4.28378e-05 1.78062e-05
0.00011892 0.000146248 0.000373807 0.999361
0.733904 0.01983 0.241701 0.00456568
0.0950574 0.583438 0.303102 0.0184024
0.000780953 0.998024 0.000875279 0.00032031
0.0727757 0.0291041 0.89122 0.00690051
0.000216372 0.000111216 0.000241922 0.99943
0.372916 0.0329512 0.579875 0.0142575
0.000959285 0.993244 0.00523501 0.000561533
9.42997e-05 9.31061e-05 0.000200727 0.999612
0.000866155 0.994926 0.0034999 0.000708089
0.00301052 0.00128021 0.995398 0.000310943
0.00773466 0.00216005 0.989263 0.000841783
3.51304e-05 0.999763 0.000140989 6.08559e-05
0.000279774 0.999333 0.000258227 0.000128756
0.00058364 0.000198861 0.999101 0.000116836
0.0086557 0.00718906 0.982043 0.00211237
0.650752 0.330443 0.0123504 0.00645493
0.00119174 0.000409604 0.998293 0.000105452
0.148065 0.260244 0.575787 0.0159046
0.000289401 0.000256902 0.000383444 0.99907
0.000224783 0.99879 0.000773828 0.000211056
0.612504 0.101134 0.265541 0.0208207
0.739937 0.00555105 0.249701 0.00481122
0.000248091 8.22592e-05 0.999644 2.57043e-05
0.00010085 9.61248e-05 0.000211442 0.999592
0.539738 0.0560391 0.387994 0.0162289
0.027142 0.00399337 0.966885 0.00197969
0.000342336 0.000342143 0.000570732 0.998745
0.61597 0.0367184 0.336594 0.0107174
4.24819e-05 3.8885e-05 5.83562e-05 0.99986
0.0416724 0.0833765 0.867611 0.00733958
0.000429087 0.000403789 0.000626465 0.998541
0.000113702 7.22385e-05 0.000134644 0.999679
0.946337 0.0178711 0.0280432 0.00774851
0.00237594 0.00087261 0.996534 0.000217173
0.57321 0.241313 0.16387 0.0216077
0.348816 0.433593 0.209112 0.00847915
3.18676e-05 1.39577e-05 3.56801e-05 0.999918
1.70143e-06 0.999973 1.71959e-05 8.35799e-06
0.00323928 0.00176981 0.994615 0.000375913
0.305216 0.0861123 0.580958 0.0277137
2.37939e-05 2.12565e-06 0.999973 1.59146e-06
0.000187212 0.999353 0.000318751 0.000141311
0.243735 0.622077 0.116966 0.0172223
0.0115423 0.952317 0.0324187 0.0037225
0.43442 0.336187 0.210236 0.0191565
0.00929887 0.0119044 0.977219 0.00157806
0.873401 0.036255 0.0830787 0.00726554
7.01166e-06 0.999928 4.37411e-05 2.13686e-05
0.000226795 0.000221763 0.000359882 0.999192
2.29158e-05 1.38367e-05 3.76406e-05 0.999926
1.43843e-05 6.46142e-06 1.54539e-05 0.999964
2.20721e-05 1.26679e-05 3.11171e-05 0.999934
0.0607782 0.00699067 0.927974 0.00425678
0.00103925 0.987248 0.0108167 0.000895867
0.00122732 0.000306824 0.998377 8.91816e-05
0.00252774 0.000869806 0.996343 0.000259339
2.28188e-05 1.3718e-05 3.2167e-05 0.999931
0.000354543 0.995356 0.00386806 0.000421636
0.00911456 0.000860991 0.989276 0.000748419
0.0551691 0.470508 0.460603 0.0137202
0.000163786 0.000195597 0.000399247 0.999241
0.00547589 0.96107 0.0312362 0.00221806
0.130775 0.0485723 0.814759 0.00589384
0.000128506 0.000114968 0.000217236 0.999539
0.00724992 0.00161798 0.99034 0.000792186
0.17842 0.448883 0.356638 0.0160599
0.00634447 0.52012 0.470822 0.00271381
0.029979 0.009366 0.956951 0.0037035
0.123654 0.0215576 0.844866 0.00992228
0.00539389 0.988576 0.00496243 0.00106726
0.0379697 0.00918382 0.949813 0.00303391
0.832391 0.147026 0.0143985 0.00618425
0.000218476 0.998396 0.00110052 0.00028441
0.00752233 0.00251035 0.988791 0.00117623
0.00321863 0.00477626 0.991405 0.00059988
0.000588934 0.000140667 0.999217 5.38593e-05
0.314638 0.435158 0.229739 0.020465
0.209072 0.220381 0.558151 0.0123967
0.190807 0.478025 0.316258 0.0149106
0.0130559 0.00916205 0.976153 0.00162924
0.0167719 0.0169462 0.962556 0.00372595
0.171373 0.0468056 0.776038 0.00578319
0.000213361 5.59921e-05 0.999682 4.82374e-05
0.000283301 0.000139982 0.000322948 0.999254
0.0327403 0.0060293 0.959042 0.0021886
0.000163861 0.000100789 0.000195993 0.999539
0.0109469 0.00112669 0.987051 0.000875532
0.00318492 0.00887971 0.98707 0.000865623
8.35665e-05 4.78289e-05 0.000137526 0.999731
0.879814 0.0600946 0.055487 0.00460442
0.236695 0.105468 0.639632 0.018205
0.00165508 0.98481 0.0124568 0.00107802
0.005732 0.00331676 0.990199 0.000752629
0.145712 0.0611244 0.781527 0.0116374
0.0605797 0.070528 0.864968 0.00392487
0.00371359 0.00399808 0.991159 0.0011294
0.00911834 0.0023788 0.987434 0.00106847
0.000735059 0.995679 0.00305634 0.000529413
3.62786e-05 1.88752e-05 3.95999e-05 0.999905
0.322545 0.164222 0.492039 0.021194
0.000133616 0.000105221 0.000280411 0.999481
0.0522264 0.0218295 0.920569 0.00537552
0.00521641 0.0102645 0.983442 0.00107692
9.89901e-05 8.44207e-05 0.000160768 0.999656
0.0124654 0.00751344 0.979011 0.00100996
0.00914157 0.0240866 0.964701 0.00207084
6.15464e-05 3.23365e-05 7.41428e-05 0.999832
9.08899e-05 7.72425e-05 0.000135967 0.999696
0.00025678 0.00022145 0.000456196 0.999066
0.000125074 0.000120023 0.000241602 0.999513
8.44855e-05 7.53143e-05 0.000144413 0.999696
0.726715 0.0445996 0.212358 0.0163272
0.0192304 0.00605532 0.971892 0.00282212
0.192298 0.46952 0.324569 0.0136126
0.00660197 0.00287004 0.989473 0.00105505
0.925103 0.0224152 0.0442526 0.0082292
5.84756e-06 8.33148e-07 0.999993 5.71823e-07
0.94059 0.0200265 0.0330213 0.00636182
0.0828805 0.0105858 0.90211 0.00442413
0.000472182 0.000372517 0.000550471 0.998605
0.000164203 0.000150888 0.000295504 0.999389
0.0124725 0.0900498 0.894105 0.0033729
0.000527733 0.000453304 0.000777361 0.998242
0.000144411 0.000151498 0.000327706 0.999376
0.00526399 0.763963 0.227649 0.00312419
4.53554e-05 2.701e-05 6.58214e-05 0.999862
0.000348036 0.000306573 0.00055931 0.998786
0.36976 0.194748 0.415885 0.0196068
0.00330135 0.960712 0.0337811 0.00220601
0.000418803 0.997751 0.00142457 0.000405419
0.302352 0.0256008 0.6655 0.00654728
0.00122726 0.992634 0.00540388 0.000735006
0.724707 0.0668497 0.19787 0.0105734
0.0288625 0.0134878 0.954416 0.00323337
0.000105163 5.34334e-05 0.000125792 0.999716
0.000156182 0.000134615 0.000256068 0.999453
0.0576146 0.0282359 0.909385 0.00476403
0.0117932 0.0031233 0.983828 0.00125589
0.000736397 0.000678624 0.000988054 0.997597
8.41122e-05 6.75067e-05 0.000125559 0.999723
1.81508e-05 3.13676e-06 0.999977 1.56575e-06
0.000606638 0.996325 0.002476 0.000592703
0.00139446 0.000518143 0.997937 0.000150176
9.67023e-05 7.8415e-05 0.000131577 0.999693
0.53614 0.113567 0.32762 0.0226735
0.00733281 0.00597975 0.985665 0.00102249
0.184901 0.0201135 0.789249 0.00573641
0.0669603 0.0113177 0.9188 0.00292237
0.929198 0.0271861 0.0407345 0.00288147
0.837664 0.0801494 0.0698617 0.0123251
0.0114908 0.00270516 0.984865 0.000939085
0.800419 0.100487 0.088156 0.0109389
0.000293432 0.000280737 0.000499089 0.998927
0.88168 0.00558883 0.106135 0.00659557
0.000129692 2.43339e-05 0.999834 1.15717e-05
0.000145345 0.000137454 0.000282228 0.999435
0.0596741 0.067581 0.862536 0.0102087
0.000290867 0.99807 0.00124509 0.000394098
1.94074e-05 1.13997e-05 3.09062e-05 0.999938
0.865644 0.00564806 0.123167 0.00554106
0.000153534 1.9147e-05 0.999818 9.75178e-06
0.330529 0.045475 0.611769 0.0122263
0.00110887 0.000258551 0.998488 0.000144929
0.00698441 0.0147204 0.97706 0.001235
3.25743e-05 1.44726e-05 3.27408e-05 0.99992
0.00537243 0.000702113 0.993391 0.000534709
0.535955 0.0225946 0.43315 0.00830043
0.000200869 0.000183361 0.000325375 0.99929
0.00017789 0.000111865 0.000206975 0.999503
0.0261232 0.0292883 0.940818 0.00377067
0.175784 0.0876056 0.728662 0.00794805
0.000219458 0.000193943 0.000350716 0.999236
0.00415479 0.00202649 0.993411 0.000408
0.590813 0.0648257 0.323643 0.0207188
0.0145242 0.0136263 0.969919 0.00193007
0.000346349 0.000131405 0.999473 4.9447e-05
0.462901 0.335285 0.187564 0.0142505
0.00416384 0.00269017 0.992813 0.000333379
3.09516e-05 0.999774 0.000136124 5.8815e-05
0.000408967 0.998814 0.000546086 0.000230898
0.0129213 0.0106537 0.974477 0.00194771
0.0131877 0.00253452 0.982681 0.00159657
7.45369e-05 5.04693e-05 0.000116035 0.999759
7.06409e-05 0.999426 0.000385346 0.000117868
0.0719451 0.0581946 0.863426 0.0064346
0.00847894 0.00813983 0.981433 0.00194851
0.00261892 0.000564338 0.996535 0.000281789
0.00638083 0.00208286 0.990599 0.000937475
0.000166327 0.000126223 0.000366769 0.999341
0.0110585 0.00307758 0.984735 0.00112915
0.0982914 0.0157342 0.880562 0.00541262
0.295543 0.140426 0.547611 0.0164206
0.104792 0.106195 0.781376 0.00763609
0.0231586 0.017994 0.956239 0.00260825
0.000407598 0.000345088 0.000613294 0.998634
0.0546091 0.00220394 0.94196 0.00122702
0.0554271 0.267285 0.665432 0.0118567
0.00406084 0.00125884 0.993867 0.000813687
0.432919 0.13338 0.410382 0.0233197
0.000122364 0.000102334 0.000195762 0.999579
0.00010499 8.07326e-05 0.000143883 0.99967
0.0088771 0.00659186 0.982524 0.00200663
0.00506313 0.00462658 0.988955 0.00135569
0.00035035 9.69055e-05 0.999488 6.44738e-05
0.318063 0.0334966 0.639003 0.00943775
4.24635e-05 2.99341e-05 7.18793e-05 0.999856
7.50403e-05 4.00708e-05 9.57717e-05 0.999789
0.281847 0.10047 0.595302 0.0223812
0.00311327 0.990879 0.0046981 0.00131022
0.693514 0.167663 0.117263 0.0215598
0.82613 0.0768031 0.0909547 0.00611212
0.0650325 0.038013 0.890043 0.00691168
0.00361217 0.000714286 0.995302 0.000371641
0.0606569 0.0794582 0.849075 0.0108102
0.185529 0.0553927 0.743496 0.0155823
0.00400911 0.983035 0.0111609 0.00179476
0.000513605 0.000410635 0.000866809 0.998209
0.0420691 0.0156983 0.938829 0.00340378
0.00158938 0.000475662 0.997824 0.000110763
7.50948e-05 4.374e-05 8.3809e-05 0.999797
0.000130639 0.000112747 0.000249771 0.999507
2.13374e-05 4.2794e-06 0.999972 2.29102e-06
0.0913527 0.00831468 0.897549 0.0027833
9.12689e-06 0.999926 4.28826e-05 2.14588e-05
0.00924365 0.243059 0.744699 0.00299765
0.555807 0.43609 0.00517412 0.00292939
0.000111766 6.86173e-05 0.000122226 0.999697
6.41917e-05 2.48097e-05 9.70296e-05 0.999814
0.00608865 0.00329794 0.989862 0.000751058
0.495566 0.112191 0.369893 0.0223496
0.000147193 0.000194469 0.000319313 0.999339
0.00100467 0.000308093 0.998604 8.27919e-05
0.943308 0.0423037 0.0110241 0.00336469
0.901429 0.0535159 0.0384624 0.00659278
0.184129 0.0739255 0.7339 0.00804547
0.0010347 0.991513 0.00661397 0.000838106
0.0591012 0.356139 0.569694 0.0150657
6.60884e-05 5.92681e-05 0.000136226 0.999738
0.00384047 0.978829 0.0157124 0.00161814
0.982193 0.00330443 0.0122669 0.00223541
0.231565 0.71971 0.0392978 0.00942684
0.000207461 0.000165471 0.000317569 0.99931
0.000245582 0.000131831 0.000229108 0.999393
0.112669 0.142976 0.734819 0.00953602
0.00472601 0.946003 0.0464671 0.00280394
0.007938 0.00657127 0.984452 0.00103885
0.000101121 0.000121402 0.000265491 0.999512
0.00136299 0.992323 0.00550482 0.000808908
0.0601848 0.0129943 0.921395 0.00542564
0.000139308 0.00011095 0.000214287 0.999535
8.87896e-05 6.92252e-05 0.000138201 0.999704
6.1793e-05 5.46793e-05 9.81759e-05 0.999785
0.0220153 0.00897907 0.966721 0.00228502
0.874856 0.0195883 0.0970747 0.00848143
1.72506e-05 0.999853 8.80031e-05 4.15867e-05
0.00516756 0.00280334 0.991528 0.000500826
0.184328 0.0160486 0.794641 0.00498244
0.948547 0.0218287 0.0228546 0.00676937
0.882703 0.0133766 0.0954341 0.00848681
0.00575031 0.000587952 0.993247 0.000414421
1.52146e-05 6.59209e-06 1.6132e-05 0.999962
5.20822e-05 4.00229e-05 7.99643e-05 0.999828
9.60375e-06 1.82398e-06 0.999987 1.12384e-06
0.000332612 0.0002634 0.00049525 0.998909
0.000116006 0.999369 0.000366683 0.000148337
0.133889 0.00492022 0.857447 0.00374429
0.927833 0.00164534 0.0680489 0.0024731
0.000162071 0.000145638 0.000242115 0.99945
2.07254e-05 1.19719e-05 3.14649e-05 0.999936
3.68816e-05 0.999757 0.00014955 5.62353e-05
0.0845572 0.0139885 0.897922 0.00353185
0.000173909 0.000171987 0.000368052 0.999286
0.0047263 0.00693016 0.987531 0.000812648
0.00448402 0.000843079 0.99434 0.000332959
0.000485629 0.000458205 0.000705614 0.998351
0.599712 0.0887719 0.295807 0.0157091
0.00010022 8.71912e-05 0.00017084 0.999642
0.000240816 0.00013392 0.000250704 0.999375
0.215512 0.637903 0.134573 0.0120116
0.000140357 0.000112974 0.000195569 0.999551
0.0101513 0.973498 0.0139585 0.00239232
0.736329 0.0937346 0.158767 0.0111687
0.971923 0.00980674 0.014142 0.00412858
8.96685e-05 8.02331e-05 0.000213249 0.999617
0.00519618 0.00230931 0.991968 0.000526912
0.0434688 0.00712211 0.946808 0.00260075
0.0184419 0.0262995 0.952416 0.00284208
0.000229296 5.8743e-05 0.999673 3.86275e-05
0.00272671 0.000941753 0.99611 0.000221844
0.000338474 0.000261443 0.000403804 0.998996
0.000372102 0.998035 0.00127339 0.00031924
0.851637 0.0131616 0.127195 0.00800685
0.578686 0.0696559 0.329526 0.0221317
0.313617 0.0326211 0.644347 0.00941531
0.90488 0.0130166 0.0734353 0.008668
0.207704 0.0282291 0.75913 0.00493665
0.66808 0.259506 0.0597068 0.0127065
0.000144356 0.997752 0.00190915 0.000194116
0.000303422 0.000308438 0.000459445 0.998929
0.00450935 0.00174409 0.993261 0.000485988
0.00281454 0.00116172 0.99582 0.000203335
0.0177479 0.0240931 0.956584 0.00157483
0.132043 0.0168353 0.844269 0.00685353
0.000616547 0.995605 0.00328221 0.000495725
0.826831 0.00885571 0.157942 0.0063719
9.8743e-06 1.79799e-06 0.999987 1.12315e-06
0.00509406 0.990444 0.00337004 0.00109166
0.0550224 0.0530491 0.885688 0.00624001
0.853581 0.0977126 0.0381717 0.0105348
0.00336808 0.004794 0.991183 0.000654634
0.00026849 0.000142337 0.000345129 0.999244
0.0370852 0.0369905 0.920838 0.00508662
0.000104492 0.000125627 0.000256626 0.999513
0.429472 0.0133104 0.547416 0.00980108
0.000177821 0.000172722 0.000280545 0.999369
3.13186e-05 1.66984e-05 4.60766e-05 0.999906
0.00140744 0.000578768 0.997896 0.000118047
0.00496783 0.978888 0.0148419 0.00130198
6.80853e-05 6.0692e-05 0.000128938 0.999742
0.00160996 0.0112497 0.986721 0.000419537
0.0879771 0.323708 0.573578 0.0147371
0.0487911 0.030037 0.916021 0.0051513
0.00681326 0.00184984 0.990952 0.000384603
0.0460605 0.00698705 0.943253 0.00369947
0.0111511 0.00806118 0.979336 0.00145199
0.00145412 0.0044039 0.993729 0.000413075
0.0350959 0.0266468 0.933013 0.00524393
0.242983 0.532317 0.206321 0.0183793
3.2118e-05 2.8464e-05 6.48246e-05 0.999875
0.00225241 0.000558205 0.996887 0.000301919
0.00276472 0.850952 0.144013 0.00226955
0.000227433 0.000128083 0.000243757 0.999401
0.0232816 0.0310749 0.941852 0.00379182
1.68736e-05 1.05674e-05 2.6131e-05 0.999946
0.00483399 0.00188778 0.99293 0.000347818
0.310884 0.160544 0.507976 0.0205956
0.000138147 8.56208e-05 0.000144993 0.999631
0.0368149 0.251702 0.704268 0.00721523
0.240668 0.109519 0.635948 0.0138647
0.00189702 0.991449 0.00552464 0.0011296
0.429594 0.297292 0.241752 0.0313616
0.479587 0.200273 0.298918 0.021222
0.000153197 0.000138572 0.000305859 0.999402
0.000100852 0.999595 0.00020697 9.67316e-05
0.0996568 0.00184392 0.895186 0.00331358
4.78065e-05 3.36674e-05 7.38403e-05 0.999845
0.000294332 6.55403e-05 0.999597 4.2703e-05
0.0696618 0.0402233 0.88426 0.00585448
0.00512035 0.00331555 0.9905 0.00106389
0.0750136 0.04612 0.872845 0.00602126
0.0029962 0.000743288 0.996009 0.000251372
0.841786 0.071491 0.0805792 0.00614422
0.137782 0.147874 0.703212 0.0111318
0.0461677 0.012564 0.93752 0.00374874
0.000110104 0.00010482 0.000211598 0.999574
