2.32282e-06 0.999973 1.61689e-05 8.75916e-06
0.943509 0.0109906 0.0425433 0.00295743
0.0325433 0.754683 0.204898 0.00787616
7.40133e-05 5.21754e-05 0.000380257 0.999493
0.952711 0.0139792 0.0243983 0.00891177
0.30624 0.0136606 0.674456 0.00564356
0.984186 0.0132024 0.00108396 0.00152766
0.00093398 0.00113473 0.997717 0.000214159
0.00309748 0.996367 0.000250269 0.000285626
0.000102138 4.55691e-05 0.000163477 0.999689
9.46346e-05 6.47811e-05 0.000249836 0.999591
0.000109724 0.999485 0.000192755 0.000212069
0.000564923 0.998758 0.00025327 0.000424082
3.16775e-05 1.40813e-05 6.51417e-05 0.999889
0.00020079 0.000109782 0.00042993 0.99926
0.000103696 3.41652e-05 0.000106966 0.999755
0.0136074 0.713833 0.266116 0.00644349
0.600773 0.124645 0.263387 0.0111956
4.73547e-05 0.999857 4.48138e-05 5.07656e-05
0.174086 0.000918037 0.823005 0.00199123
0.0234283 0.665205 0.302981 0.00838623
8.56018e-05 5.50044e-05 0.000162217 0.999697
0.995669 0.00293569 0.000958161 0.00043749
4.67255e-05 3.96362e-05 8.02951e-05 0.999833
0.00679181 0.976417 0.0158075 0.000983783
0.98825 0.00309414 0.0072355 0.00142061
6.69218e-05 5.40013e-05 0.00011172 0.999767
0.0451276 0.94974 0.00278437 0.00234842
0.000431437 6.42242e-05 0.99947 3.4504e-05
0.000191383 0.999735 2.82345e-05 4.56315e-05
4.38477e-05 2.27231e-05 7.76909e-05 0.999856
0.000392318 0.000202701 0.999359 4.637e-05
0.736184 0.0191055 0.238618 0.00609291
0.981976 0.00671456 0.00906665 0.00224308
0.911287 0.0791057 0.00159346 0.00801387
0.426435 0.44555 0.120068 0.00794751
1.26515e-05 0.999925 9.29273e-06 5.29786e-05
7.85671e-05 6.48043e-05 0.000279786 0.999577
6.31324e-07 0.999989 2.59978e-06 7.65115e-06
6.67852e-05 3.37982e-05 0.000174068 0.999725
0.000336727 0.000114651 0.000281815 0.999267
0.000219307 2.27536e-05 0.999731 2.66537e-05
1.95325e-05 8.64471e-06 3.75826e-05 0.999934
0.000108367 3.72483e-05 0.000254921 0.9996
0.286166 0.00580054 0.701014 0.00701999
0.00453253 0.98642 0.00596794 0.00307914
0.69336 0.137669 0.164189 0.00478235
0.904352 0.0802129 0.00458805 0.0108472
0.103695 0.00153457 0.894213 0.000557707
0.00526214 0.010748 0.98285 0.00113936
0.108548 0.647202 0.22921 0.0150401
0.974026 0.0162472 0.00685966 0.00286672
0.0152678 0.653676 0.324809 0.00624667
0.0241264 0.0010708 0.973413 0.00139031
0.0110458 0.00446602 0.983947 0.000541286
0.993921 0.00282485 0.00209551 0.00115828
0.0212219 0.0225403 0.954422 0.00181591
0.000381413 0.000461887 0.00071076 0.998446
8.1337e-05 4.94119e-05 0.999856 1.34736e-05
7.01445e-09 1 1.24572e-07 3.36134e-07
1.18696e-06 0.999975 1.18062e-05 1.22633e-05
1.20014e-08 0.999999 1.85644e-07 6.1629e-07
9.17703e-05 5.07062e-05 0.000115943 0.999742
0.96072 0.0365734 0.00217364 0.000533218
9.09902e-05 5.47437e-05 0.000231025 0.999623
0.985684 0.00901333 0.00303702 0.00226618
5.51042e-07 0.999989 4.17141e-06 6.65628e-06
0.973077 0.0201429 0.00610064 0.000679516
4.97557e-08 0.999998 5.5855e-07 1.54471e-06
6.32833e-05 8.58426e-05 0.999833 1.83302e-05
1.03009e-08 0.999999 1.66591e-07 5.31063e-07
0.0105123 0.967369 0.0208024 0.00131653
0.86591 0.113326 0.00550615 0.0152578
3.53462e-05 1.79139e-05 7.10699e-05 0.999876
0.777942 0.214282 0.00197663 0.00579965
0.366458 0.0041536 0.625254 0.00413412
3.94367e-05 2.13105e-05 9.62269e-05 0.999843
0.000115913 8.17184e-05 0.000312415 0.99949
0.882636 0.0996613 0.00237652 0.0153262
0.983387 0.00796345 0.00553361 0.00311573
8.88744e-06 0.99992 2.43153e-05 4.64527e-05
0.0563416 0.818586 0.112043 0.0130286
0.000184914 0.999449 0.000175267 0.000190522
5.67478e-08 0.999998 5.91603e-07 1.43735e-06
0.000732634 0.997169 0.00173222 0.000365826
0.000117253 4.6742e-05 0.000130204 0.999706
4.97688e-05 2.77605e-05 8.81399e-05 0.999834
0.000189336 0.000136934 0.000706696 0.998967
0.757147 0.229738 0.00929449 0.00382082
0.0158507 0.593922 0.384588 0.00563918
0.000112916 9.74828e-05 0.000172827 0.999617
0.00292543 0.00120203 0.995132 0.000740554
0.0233592 0.965914 0.00236814 0.0083584
0.0936572 0.726196 0.159678 0.0204688
2.13474e-05 1.01618e-05 2.92363e-05 0.999939
5.54282e-05 3.43861e-05 0.00015428 0.999756
0.000138929 6.90784e-05 0.000204864 0.999587
0.000622235 0.0027883 0.996 0.000589176
0.000133441 8.55989e-05 0.000199195 0.999582
0.00227365 0.992419 0.00443522 0.00087165
1.11422e-05 0.999904 3.95139e-05 4.51003e-05
0.0121293 0.00327417 0.982654 0.00194244
1.73605e-06 0.999974 1.04947e-05 1.38731e-05
8.16589e-05 5.23104e-05 0.000319391 0.999547
0.000111158 8.78945e-05 0.000159169 0.999642
7.76555e-05 8.36175e-05 0.000189521 0.999649
9.10402e-05 4.65069e-05 0.000150846 0.999712
4.76064e-05 2.19022e-05 8.94766e-05 0.999841
0.000105528 0.000112051 0.000123779 0.999659
0.0124571 0.303151 0.680053 0.00433855
0.00030815 0.000117244 0.000262749 0.999312
4.96948e-05 7.56799e-05 0.999862 1.29974e-05
0.00518993 0.000490246 0.9941 0.000219523
0.976365 0.00103301 0.0212652 0.0013374
0.000340154 0.999008 0.000420833 0.00023057
0.00887671 0.986641 0.00235218 0.00212981
0.46608 0.0134032 0.517022 0.00349538
0.103366 0.0532928 0.83762 0.00572131
0.167596 0.00395989 0.826588 0.00185597
0.624172 0.00704605 0.360126 0.0086562
0.87408 0.0493108 0.0698728 0.0067359
0.000106056 5.85305e-05 0.000131959 0.999703
5.34013e-05 2.39886e-05 7.12557e-05 0.999851
0.968412 0.0262142 0.0016611 0.00371318
4.02851e-05 6.03105e-05 7.49254e-05 0.999824
4.68008e-05 2.91782e-05 0.000155262 0.999769
9.24147e-05 8.09097e-05 0.000166887 0.99966
0.102555 0.826076 0.0602824 0.0110869
0.993578 0.00356877 0.0022209 0.000632615
3.6338e-06 1.21735e-06 0.999992 3.15667e-06
1.68381e-05 0.999876 6.42508e-05 4.33184e-05
0.0123438 0.0196519 0.963565 0.00443963
0.000109399 0.00016556 0.999699 2.63542e-05
5.6969e-05 2.17691e-05 0.000146092 0.999775
9.9581e-06 0.999933 1.07221e-05 4.61966e-05
0.000114816 8.37953e-05 0.000284927 0.999516
9.505e-05 3.1936e-05 0.000179373 0.999694
0.029905 0.0032549 0.96526 0.00157973
0.797053 0.00613694 0.19439 0.00241975
0.934433 0.0212256 0.0407349 0.00360679
0.00507763 0.0543999 0.939536 0.000986702
0.186454 0.189871 0.610086 0.0135898
0.484325 0.00554665 0.506703 0.00342471
4.86432e-05 4.48103e-05 0.999896 1.08119e-05
7.23997e-05 5.68241e-06 0.999911 1.04868e-05
5.13554e-06 0.999974 7.70224e-06 1.30761e-05
0.0111546 0.988356 0.000182414 0.000307068
0.00011854 3.45433e-05 0.000121339 0.999726
1.82366e-08 0.999999 3.4611e-07 6.35589e-07
0.956605 0.00965362 0.0309922 0.0027493
0.946698 0.0197223 0.0278557 0.00572412
0.996289 0.00334437 0.000244475 0.000121844
3.54626e-05 1.44507e-05 7.26462e-05 0.999877
0.795984 0.130252 0.0665646 0.00719939
0.000488494 0.000164366 0.999305 4.23124e-05
0.811934 0.0114131 0.172447 0.0042062
0.00836868 0.0023445 0.988564 0.000723232
0.974727 0.0143502 0.00871368 0.00220931
0.0185888 0.969775 0.00312731 0.00850908
0.0392538 0.00162375 0.958429 0.000693671
0.00135827 0.710315 0.286613 0.00171324
0.0185066 0.00124673 0.978827 0.00141996
0.999449 0.000324093 0.000105965 0.000121122
5.73286e-06 0.999933 2.8724e-05 3.28287e-05
0.319411 0.220672 0.449885 0.0100321
7.03318e-05 0.999879 1.38971e-05 3.65721e-05
0.0244814 0.972004 0.00215569 0.00135921
0.0174072 0.92069 0.0575813 0.00432122
0.00893061 0.0138401 0.976607 0.0006227
3.75175e-05 2.04607e-05 6.95277e-05 0.999872
0.00573585 0.184879 0.806598 0.00278712
0.974272 0.00452672 0.0205659 0.000635193
0.595172 0.113726 0.284403 0.00669918
0.989708 0.0011001 0.00699726 0.00219498
0.000135547 4.97684e-05 0.00034804 0.999467
6.07031e-06 0.999965 1.07814e-05 1.83392e-05
0.00198652 0.000212067 0.997724 7.7757e-05
0.995421 0.000584726 0.00324159 0.000752538
0.000111909 5.19437e-05 0.000174638 0.999662
6.86297e-05 6.07504e-05 0.000132502 0.999738
0.82128 0.0154632 0.157553 0.00570396
7.95356e-05 4.09387e-05 0.000256169 0.999623
0.998519 0.000470917 0.000333507 0.000676972
4.98205e-05 2.78393e-05 9.89719e-05 0.999823
0.0128882 0.112125 0.871601 0.00338582
0.00125483 0.997993 0.000447005 0.000304844
0.880818 0.0369046 0.0769222 0.00535519
0.0071644 0.0506597 0.939664 0.00251151
0.00364542 0.0412817 0.953082 0.00199057
1.05544e-05 0.999943 2.35392e-05 2.24348e-05
4.00057e-05 3.75257e-05 6.27512e-05 0.99986
7.4902e-05 4.71281e-05 0.000139711 0.999738
0.00185824 0.984736 0.0124945 0.00091136
0.834079 0.160019 0.00470819 0.00119428
0.000984968 0.00176541 0.997017 0.000232765
0.031958 0.00141546 0.965196 0.00143067
0.0158491 0.00040061 0.983093 0.000657343
0.662155 0.0100539 0.322242 0.00554946
3.14927e-05 1.54659e-05 8.82021e-05 0.999865
0.0008272 0.0016849 0.997 0.00048851
3.51667e-05 2.12655e-05 7.10432e-05 0.999873
0.000810428 0.998572 0.00015515 0.000462828
0.00192496 0.000616516 0.997289 0.000169563
0.00332023 0.00036237 0.996201 0.000116353
0.0051959 0.986868 0.00570917 0.00222742
2.87927e-05 1.18324e-05 6.47761e-05 0.999895
8.78047e-06 1.35973e-05 0.999973 4.20133e-06
0.00452689 0.983392 0.0102082 0.0018727
0.804296 0.0568365 0.121833 0.0170349
0.000138067 0.000213769 0.999616 3.24453e-05
0.0353574 0.113664 0.842326 0.0086532
0.00823069 0.0141779 0.975452 0.00213974
6.44138e-05 3.7392e-05 0.000189656 0.999708
1.06145e-06 0.999985 4.69161e-06 9.75893e-06
0.000147498 2.58244e-05 0.999799 2.7269e-05
0.000203216 0.00015188 0.999612 3.28154e-05
0.157977 0.141685 0.697056 0.00328177
0.993719 0.00190218 0.00414604 0.000232909
0.992599 0.00614948 0.000942751 0.000308993
0.0230658 0.00729792 0.967575 0.0020608
0.000129892 0.000256242 0.00019075 0.999423
0.00206957 0.000620863 0.99702 0.000289989
3.18322e-05 1.56252e-05 8.24527e-05 0.99987
0.995612 0.000296436 0.00307794 0.00101345
2.62111e-05 5.45641e-05 0.999906 1.31736e-05
8.27417e-05 6.49692e-05 0.000302179 0.99955
0.00013537 0.000118736 0.000494954 0.999251
1.94158e-05 1.49851e-05 0.999961 4.91469e-06
0.00403414 0.975204 0.018376 0.00238581
1.44036e-05 3.55591e-05 0.999941 8.77898e-06
0.936745 0.0145166 0.0396837 0.00905467
0.00960035 0.00341521 0.985958 0.00102629
6.74049e-05 5.09742e-05 0.000142083 0.99974
0.00526416 0.903573 0.088737 0.00242575
0.00397617 0.107251 0.884979 0.00379452
6.90966e-05 3.52597e-05 0.00025787 0.999638
0.00578746 0.990902 0.00153912 0.00177117
0.903663 0.00429801 0.0888778 0.00316096
1.05835e-07 0.999997 9.00961e-07 1.53106e-06
0.117597 0.00271716 0.876222 0.00346375
0.00011076 0.000184467 0.000192647 0.999512
0.720953 0.211033 0.0389206 0.029093
0.00698297 0.00221167 0.990339 0.000466041
6.46119e-05 4.32614e-05 0.000139291 0.999753
8.58946e-05 3.28419e-05 8.77185e-05 0.999794
4.14718e-05 1.75535e-05 9.97222e-05 0.999841
0.937789 0.0156704 0.0438146 0.00272578
0.00044521 0.999039 0.000285091 0.000230775
0.991336 0.00322064 0.00388622 0.00155669
0.0183343 0.596301 0.377785 0.00757881
0.971189 0.00331869 0.0224701 0.0030223
0.226501 0.0265134 0.731479 0.0155069
8.83656e-05 3.93622e-05 0.000157939 0.999714
0.0549424 0.010688 0.932799 0.00157093
0.000188958 0.000129371 0.000380148 0.999302
4.3935e-05 2.17246e-05 0.000180898 0.999753
0.349771 0.0590403 0.581274 0.00991465
0.000413794 0.000193125 0.999329 6.41542e-05
0.00470569 0.000399875 0.994731 0.0001634
2.0841e-07 0.999995 1.12412e-06 3.58343e-06
1.0068e-05 3.03403e-05 0.999954 5.56668e-06
2.73564e-05 1.5735e-05 6.68778e-05 0.99989
0.0322529 0.514739 0.44462 0.00838856
7.05442e-09 1 1.28492e-07 4.13009e-07
0.00920933 0.00327155 0.986289 0.00123053
0.00228683 0.00121248 0.996207 0.000293359
0.00694505 0.000387546 0.992006 0.000661285
3.69803e-07 0.999992 2.4451e-06 5.17604e-06
4.49256e-05 1.97366e-05 7.32819e-05 0.999862
0.986075 0.00248808 0.00997559 0.00146126
0.000163342 0.000157735 0.999651 2.82542e-05
0.971753 0.0229891 0.00116859 0.00408919
0.0332657 0.0548273 0.904202 0.00770452
4.8438e-05 3.26037e-05 0.00015213 0.999767
0.0094794 0.280419 0.708209 0.00189296
0.00076531 0.000142269 0.999017 7.5607e-05
0.000123708 2.16103e-05 0.999819 3.59008e-05
0.583696 0.00825024 0.402692 0.0053615
8.74844e-05 0.000185922 0.000144759 0.999582
0.000201513 0.000257329 0.999494 4.6686e-05
0.322825 0.280888 0.380855 0.015433
0.00557079 0.0356629 0.957144 0.00162192
0.445397 0.0500746 0.499683 0.00484539
0.0041298 0.994241 0.000692554 0.000936616
0.00161997 0.00316879 0.994458 0.000752854
6.6771e-05 2.89232e-05 0.000178577 0.999726
0.00713022 0.219651 0.765057 0.00816191
4.18671e-05 2.43681e-05 0.000134191 0.9998
2.66128e-07 0.999993 2.32639e-06 4.60139e-06
5.27742e-05 2.13647e-05 0.000112987 0.999813
0.0550273 0.0184993 0.923539 0.00293429
0.00404781 0.991109 0.00367157 0.00117158
0.00543422 0.991234 0.00163968 0.00169247
0.066663 0.116691 0.811051 0.00559485
1.16124e-05 0.999889 4.57194e-05 5.37496e-05
5.46184e-05 2.36031e-05 9.56798e-05 0.999826
0.986681 0.00159215 0.0113494 0.000376992
0.0086254 0.905804 0.081618 0.00395281
0.608558 0.0501839 0.336084 0.00517361
6.62637e-05 4.14371e-05 0.000230603 0.999662
0.00158182 0.0034177 0.994407 0.000593609
1.70844e-08 0.999999 2.62562e-07 5.38471e-07
0.972101 0.0224144 0.00219806 0.00328692
0.96606 0.00946041 0.0222517 0.00222796
0.995732 0.00301077 0.000337431 0.00091965
0.125721 0.205565 0.663026 0.00568823
0.00580531 0.97359 0.0178046 0.00279988
0.979607 0.00135866 0.0181403 0.000893885
8.93875e-05 5.8057e-05 0.000454028 0.999398
0.000905 0.997846 0.00104163 0.000206898
0.002855 0.990918 0.00506376 0.00116324
0.0743876 0.33647 0.582467 0.00667552
0.308132 0.159562 0.526452 0.00585464
0.987229 0.00333911 0.00780364 0.00162871
0.147912 0.00756898 0.840707 0.00381262
1.46319e-05 0.99963 0.000293049 6.23738e-05
0.00799815 0.00445656 0.986631 0.000914486
0.550069 0.418957 0.00273048 0.0282432
0.994808 0.00104702 0.00318948 0.000955397
0.261464 0.00196717 0.735415 0.00115316
0.706628 0.00863627 0.281957 0.0027785
7.21122e-05 3.15332e-05 0.00017113 0.999725
1.06618e-05 1.65297e-05 0.999968 4.84956e-06
4.06446e-05 5.76487e-05 0.000130092 0.999772
0.986357 0.0110646 0.000716258 0.00186222
0.00947333 0.00267268 0.987204 0.000649524
4.64484e-05 1.85318e-05 5.76497e-05 0.999877
2.23479e-05 6.6444e-06 0.999961 1.00601e-05
0.996081 0.00277622 0.000259878 0.00088324
0.000102112 5.27038e-05 0.000196773 0.999648
0.00375958 0.994723 0.00070893 0.000808405
6.69979e-06 0.999939 2.32462e-05 3.08218e-05
0.0237371 0.162418 0.809217 0.00462751
7.00296e-05 3.17963e-05 0.000117135 0.999781
1.21915e-08 1.40632e-09 1 1.60247e-08
9.28151e-08 0.999997 9.68723e-07 2.18379e-06
7.81861e-05 7.33074e-05 0.000110751 0.999738
0.00024623 0.000187099 0.00121904 0.998348
0.000328207 0.999186 0.000245208 0.000240807
0.00018251 0.000186598 0.000399605 0.999231
0.574104 0.276076 0.138343 0.0114773
0.000155298 0.000113571 0.000390796 0.99934
0.000117599 4.20726e-05 0.000148977 0.999691
0.000579329 0.000268188 0.999096 5.62728e-05
0.0325021 0.00562782 0.959415 0.00245461
8.80905e-05 1.03808e-05 0.999885 1.64157e-05
6.64861e-05 6.37865e-05 0.000136686 0.999733
1.617e-05 0.999863 5.13391e-05 6.97981e-05
0.559938 0.122504 0.308542 0.00901611
0.000220076 9.94992e-06 0.999753 1.72676e-05
5.92889e-05 2.84043e-05 9.43263e-05 0.999818
0.21234 0.00433839 0.780948 0.00237306
0.757136 0.200342 0.0289714 0.0135507
1.13904e-06 0.999982 4.07854e-06 1.31423e-05
4.6195e-05 2.38294e-05 9.5719e-05 0.999834
0.0013438 0.997759 0.000530157 0.000366573
0.973394 0.0184572 0.00379856 0.00434984
0.997006 0.00167615 0.000606214 0.000712046
5.30878e-05 2.09307e-05 8.05899e-05 0.999845
0.549683 0.362985 0.0673667 0.0199661
5.79902e-05 3.71066e-05 0.000148983 0.999756
1.52062e-05 4.90171e-06 0.999972 8.09057e-06
0.121131 0.00318544 0.871553 0.00413053
0.00113159 0.995664 0.00244523 0.000758871
3.3454e-05 1.94119e-05 7.4429e-05 0.999873
0.754828 0.0124164 0.230899 0.00185582
0.881453 0.103756 0.0069195 0.00787163
1.02565e-05 0.999936 9.89086e-06 4.38724e-05
0.00034049 0.000453757 0.000652572 0.998553
0.00522127 0.302061 0.687749 0.00496821
0.627072 0.0118685 0.356361 0.00469783
8.15731e-08 1.17123e-08 1 9.20808e-08
0.000482791 2.13724e-05 0.999464 3.17909e-05
0.996014 0.000768055 0.00276262 0.000455137
0.000266349 0.999341 0.000218106 0.000174257
0.651238 0.271537 0.0723203 0.00490462
0.000750825 0.999136 4.38604e-05 6.95247e-05
0.0755817 0.0109665 0.912361 0.00109082
7.99647e-06 1.83513e-05 0.999971 2.91433e-06
0.0170701 0.000687443 0.981031 0.00121156
0.00202275 0.865946 0.129908 0.00212385
0.0266466 0.885121 0.0805884 0.00764373
0.00014315 3.99375e-05 0.000267619 0.999549
0.0574256 0.763652 0.160862 0.0180607
0.00120941 0.0227086 0.975469 0.000612768
8.99387e-06 0.999906 3.61931e-05 4.83532e-05
1.73489e-05 4.65571e-06 0.999971 7.37405e-06
0.00669261 0.323929 0.663051 0.00632761
0.638686 0.00539334 0.352102 0.00381835
0.000149448 5.19506e-05 0.000136391 0.999662
0.00572416 0.00405023 0.989469 0.000756452
7.92351e-05 0.000139393 0.999752 2.9607e-05
9.79856e-09 2.09117e-09 1 2.14181e-08
4.45508e-05 0.999789 7.19208e-05 9.46282e-05
0.00542808 0.01061 0.981653 0.00230865
0.741047 0.13861 0.0980044 0.0223391
0.000137396 0.00012016 0.000403774 0.999339
8.46962e-05 4.59223e-05 0.000114576 0.999755
0.00490765 0.989635 0.00337187 0.00208522
0.936769 0.0108584 0.0390904 0.0132826
0.394837 0.0148392 0.584469 0.00585463
0.000115161 0.999584 4.48647e-05 0.000256047
0.988673 0.0102531 0.00034117 0.000732323
0.000136439 5.32624e-05 0.000218818 0.999592
0.00309186 0.00181552 0.994671 0.000421551
7.62412e-05 9.13167e-05 0.999809 2.38148e-05
0.00238162 0.000827755 0.996546 0.000244723
0.0014628 0.00527358 0.991525 0.00173879
0.85788 0.0321348 0.0990196 0.0109658
0.505749 0.487029 0.00434677 0.00287544
1.12257e-06 0.999979 4.98161e-06 1.43987e-05
0.000430073 0.968705 0.0301793 0.000685124
0.000140637 7.86256e-05 0.000339872 0.999441
7.95248e-05 4.1188e-05 0.00011946 0.99976
0.00626667 0.946071 0.0446243 0.00303835
1.95669e-05 0.999856 5.20972e-05 7.21546e-05
1.77047e-05 0.999887 3.22502e-05 6.32689e-05
0.9429 0.0030342 0.0524639 0.00160146
0.997914 0.00116863 0.000440086 0.000476938
0.000834875 0.000434983 0.000403206 0.998327
0.000354319 0.000127866 0.000332947 0.999185
0.885805 0.0263044 0.0821282 0.00576218
0.170607 0.00168982 0.825515 0.0021885
0.798489 0.0432913 0.154213 0.00400708
0.997276 0.00258738 7.0057e-05 6.65264e-05
7.83741e-05 0.000137939 0.000137395 0.999646
3.92832e-05 1.9415e-05 0.000100562 0.999841
0.000110318 6.01168e-05 0.000259098 0.99957
0.000113481 8.16288e-05 0.000187241 0.999618
0.135858 0.00979529 0.849465 0.00488128
4.85756e-06 0.999954 1.52811e-05 2.59344e-05
0.0149301 0.978805 0.00475663 0.00150813
0.279571 0.00310774 0.709923 0.00739868
0.987611 0.0043305 0.00651999 0.00153867
0.188207 0.0103138 0.798205 0.00327387
0.00260234 0.00117927 0.995935 0.000283168
0.0023571 0.00189751 0.99531 0.000435057
0.49532 0.0164034 0.484821 0.00345539
8.09292e-06 0.999936 2.18623e-05 3.44254e-05
0.0599452 0.0210691 0.914722 0.00426379
0.000361451 0.000141492 0.000400904 0.999096
0.000168078 0.999621 3.25348e-05 0.000178873
1.83819e-06 0.999964 1.70892e-05 1.74077e-05
0.00057534 0.997944 0.000843502 0.000637289
0.0126901 0.00221621 0.984236 0.000857722
7.75513e-05 3.5017e-05 0.00010726 0.99978
0.356707 0.0231465 0.61679 0.00335689
3.31183e-05 1.50484e-05 3.99894e-05 0.999912
1.41971e-07 0.999995 2.01187e-06 2.42728e-06
0.0632341 0.326559 0.593706 0.0165012
0.0150136 0.00425824 0.979328 0.00139982
0.0251095 0.940979 0.0320998 0.00181222
2.73239e-05 1.40359e-05 4.03978e-05 0.999918
0.000980468 0.00433874 0.994094 0.000586435
0.00580519 0.989765 0.00344835 0.000981429
0.614806 0.0169092 0.358664 0.00962118
0.998478 0.000369242 0.000345709 0.000807
0.993435 0.00588602 0.000438046 0.000241286
0.107111 0.0137697 0.87357 0.00554938
2.22378e-07 0.999989 6.04476e-06 4.38959e-06
0.328455 0.476784 0.188134 0.0066273
0.378612 0.568343 0.0341624 0.0188825
0.0180923 0.971197 0.00297161 0.00773936
1.83275e-08 0.999999 2.29365e-07 5.93858e-07
3.5229e-05 0.999801 7.30496e-05 9.1011e-05
0.00823846 0.98575 0.00354773 0.00246421
3.23028e-05 1.56123e-05 6.15891e-05 0.99989
0.0192755 0.0029005 0.976854 0.000969969
0.000481507 0.000443765 0.99894 0.000135049
8.39168e-05 6.15444e-05 0.00031515 0.999539
0.99728 0.000813229 0.00123447 0.000672781
0.00989984 0.224374 0.762408 0.00331797
0.994129 0.00431705 0.000507262 0.00104631
0.000279848 0.998603 0.000809541 0.000307663
0.031355 0.248837 0.712196 0.00761255
0.525032 0.456734 0.00476093 0.0134728
5.98888e-05 2.68162e-05 7.81972e-05 0.999835
0.000387448 4.96113e-05 0.999513 5.04193e-05
0.00618823 0.648428 0.342502 0.00288213
8.01865e-05 2.68441e-05 7.68635e-05 0.999816
0.472438 0.422781 0.0430368 0.0617438
0.00714447 0.00090009 0.991554 0.000401641
0.990189 0.00909376 0.000479934 0.000237066
0.174278 0.761646 0.053488 0.0105882
5.38076e-05 2.63464e-05 0.000120485 0.999799
1.30469e-06 0.999971 1.39198e-05 1.39458e-05
0.0215119 0.939071 0.0349765 0.0044408
7.90342e-05 4.33407e-05 0.00013043 0.999747
0.802452 0.0287008 0.165587 0.00326037
0.356907 0.246143 0.388414 0.00853653
0.111378 0.00438406 0.882273 0.00196535
6.17911e-07 0.999987 4.72981e-06 7.39988e-06
0.00580403 0.970807 0.0212444 0.00214501
0.000145744 0.99952 0.000175114 0.000159465
7.79796e-05 3.93106e-05 0.00018036 0.999702
0.991125 0.00276478 0.00576159 0.000349079
0.000215673 0.000109492 0.00020101 0.999474
5.54571e-05 3.36296e-05 0.000175532 0.999735
0.961748 0.00397439 0.0336356 0.00064172
0.998836 0.00108813 3.257e-05 4.32931e-05
0.100028 0.0804453 0.806883 0.012644
2.6073e-08 0.999999 2.61932e-07 9.11008e-07
0.141263 0.0249838 0.822338 0.0114153
0.0828276 0.0735433 0.837616 0.00601333
3.76304e-06 1.11963e-05 0.999983 1.89927e-06
8.83571e-05 5.0154e-05 0.000210782 0.999651
1.7031e-08 0.999999 2.04832e-07 4.94634e-07
5.99076e-05 4.29378e-05 0.000386971 0.99951
0.997347 0.00197809 0.000470208 0.000204407
0.101962 0.245576 0.623269 0.0291929
0.000305269 0.999288 8.19347e-05 0.000324584
0.865793 0.022957 0.106502 0.00474764
0.00046331 0.000266412 0.000292691 0.998978
0.719404 0.0177763 0.254855 0.00796462
2.8218e-06 0.999974 1.02933e-05 1.27616e-05
8.89066e-05 5.09167e-05 0.000237117 0.999623
9.00509e-06 0.999935 2.32539e-05 3.25415e-05
0.0133992 0.0281257 0.957203 0.00127192
0.016304 0.00208503 0.980698 0.000913301
1.93496e-07 0.999995 1.64065e-06 3.57165e-06
6.32351e-05 0.999775 2.46598e-05 0.000136702
8.60781e-07 1.8127e-07 0.999998 9.02008e-07
0.00484292 0.00390178 0.990196 0.00105885
0.239592 0.74029 0.00524573 0.0148717
0.00204709 0.000625487 0.99716 0.000167301
0.894991 0.08639 0.0115186 0.00710007
4.28615e-05 4.93028e-05 6.4393e-05 0.999843
1.15608e-08 0.999999 1.96255e-07 5.71682e-07
0.994915 0.00325978 0.00127245 0.000553206
0.998222 0.000213049 0.00104505 0.000519826
3.6558e-05 6.14804e-05 0.999891 1.05951e-05
6.37755e-05 2.37507e-05 0.000155629 0.999757
0.125877 0.00250256 0.866583 0.00503772
0.0182183 0.000682236 0.98056 0.000539963
4.92392e-05 2.13376e-05 0.000108509 0.999821
0.865741 0.117186 0.00723708 0.00983603
4.83848e-05 5.62413e-05 0.000115458 0.99978
0.0859603 0.536404 0.360086 0.0175499
0.000115399 8.15101e-05 0.000159 0.999644
6.45554e-05 2.37699e-05 7.77335e-05 0.999834
0.999028 0.000344395 0.000224758 0.000403305
0.00191059 0.00021424 0.997776 9.90704e-05
0.00266129 0.990283 0.00590018 0.0011556
0.652066 0.138328 0.206555 0.00305068
6.20004e-05 3.57121e-05 8.69238e-05 0.999815
1.59982e-08 0.999999 2.43191e-07 5.94393e-07
0.000128973 8.41568e-05 0.99976 2.67906e-05
0.986306 0.00539843 0.00464647 0.00364911
9.77568e-05 0.000105717 0.999779 1.79818e-05
5.18429e-05 0.999766 3.27155e-05 0.000149531
0.00125121 0.995237 0.00295867 0.00055302
0.0128564 0.977959 0.00560343 0.00358107
0.006782 0.97492 0.0164256 0.00187212
2.02735e-05 0.999936 9.41731e-06 3.45414e-05
0.970956 0.0217844 0.00300873 0.0042513
9.51394e-08 0.999996 1.13489e-06 2.22777e-06
8.33604e-05 4.02054e-05 0.000214593 0.999662
5.79145e-05 5.00591e-05 0.000112868 0.999779
3.44136e-05 1.59015e-05 4.29344e-05 0.999907
4.20484e-05 2.589e-05 8.97222e-05 0.999842
0.294372 0.0106678 0.688834 0.00612618
1.3911e-05 0.999873 4.95788e-05 6.32178e-05
0.448454 0.00576161 0.544015 0.00176948
0.0556731 0.0453491 0.89621 0.00276777
7.43629e-05 2.83117e-05 7.70863e-05 0.99982
2.12678e-06 0.999988 2.47478e-06 6.88594e-06
0.000119205 1.01494e-05 0.999851 1.93343e-05
0.0693403 0.884861 0.0359313 0.00986699
9.52085e-05 6.8035e-05 0.000405472 0.999431
0.000398876 0.998828 0.000411325 0.000361395
0.557358 0.353899 0.0798966 0.00884596
7.23426e-05 5.15293e-05 0.000162047 0.999714
0.0269898 0.00546596 0.9654 0.00214415
0.828168 0.164513 0.00614738 0.00117113
0.00156869 0.780518 0.216628 0.00128501
0.573356 0.0500863 0.355756 0.0208017
0.0292259 0.00145123 0.967804 0.00151924
2.73364e-06 0.999991 1.99778e-06 4.4852e-06
0.737926 0.0107826 0.247059 0.00423196
0.991663 0.00581092 0.000571313 0.00195478
2.00496e-06 0.999967 1.53845e-05 1.58194e-05
0.00140036 0.00319285 0.994473 0.000933819
0.00728835 0.0612672 0.929619 0.00182602
0.000901576 0.000677217 0.998291 0.00012987
0.00221422 0.986816 0.00984793 0.00112193
0.497317 0.490137 0.00810626 0.00443911
0.176997 0.82166 0.000431944 0.00091114
0.0193315 0.0713509 0.906176 0.00314145
0.0229245 0.0599923 0.908302 0.00878095
0.547563 0.362298 0.0831543 0.00698454
1.6327e-05 4.41853e-06 0.999969 1.00982e-05
0.000472956 0.000248008 0.000346354 0.998933
0.465937 0.00742928 0.52179 0.004843
0.000117171 4.70613e-05 0.00013364 0.999702
0.000421832 4.67042e-05 0.99949 4.17013e-05
0.00551662 0.0765629 0.915124 0.00279685
0.000110352 5.47766e-05 0.000283611 0.999551
0.993097 0.00203537 0.00454725 0.000320005
0.51711 0.307452 0.131485 0.043953
0.00132014 0.995882 0.00204691 0.000751315
0.049601 0.0135322 0.934412 0.00245446
0.884416 0.00503511 0.109309 0.00124013
0.0996325 0.236699 0.66039 0.00327852
0.00292511 0.00472007 0.991439 0.000915584
0.00521707 0.00201188 0.992178 0.000593257
2.98194e-05 0.999827 6.75144e-05 7.58092e-05
7.11098e-05 2.66481e-05 8.35855e-05 0.999819
0.98504 0.00898312 0.00466034 0.00131675
9.6097e-05 3.13444e-05 0.000228989 0.999644
0.356685 0.0214075 0.614448 0.00745867
0.00548303 0.124378 0.867089 0.00304966
3.12396e-05 1.847e-05 9.179e-05 0.999858
0.000366193 0.999264 0.000286931 8.31516e-05
0.109887 0.360196 0.522409 0.00750753
4.92997e-05 3.30576e-05 0.000100123 0.999818
0.000116132 7.14909e-05 0.000180931 0.999631
5.40507e-05 2.45819e-05 0.000126257 0.999795
8.84069e-05 5.74599e-05 0.000229722 0.999624
4.60622e-05 2.39518e-05 0.000112602 0.999817
0.668033 0.0112351 0.306782 0.0139492
0.423727 0.0229753 0.538854 0.0144437
0.00274238 0.996057 0.000903447 0.000297354
0.00139979 0.00438029 0.99324 0.000979718
0.996599 0.00118682 0.00128949 0.000924493
3.63298e-06 8.42728e-06 0.999986 1.6095e-06
0.991923 0.00485274 0.00133838 0.00188598
0.0763276 0.00131632 0.921231 0.00112524
0.000236265 0.000256896 0.000618841 0.998888
3.17065e-05 1.32914e-05 7.68992e-05 0.999878
0.00197181 0.969922 0.0262325 0.00187396
0.00016048 8.56633e-05 0.000179384 0.999574
9.01242e-05 3.74442e-05 0.000276548 0.999596
2.9952e-06 0.999926 4.85743e-05 2.2017e-05
7.37912e-05 3.37614e-05 9.82848e-05 0.999794
6.86794e-05 4.10402e-05 0.000136626 0.999754
0.00439941 0.981241 0.0128099 0.00154948
1.77514e-06 0.999981 5.76558e-06 1.11588e-05
1.58619e-05 0.999845 8.15527e-05 5.72806e-05
0.853143 0.0575693 0.0825653 0.00672274
0.00330873 0.992346 0.00328101 0.00106413
0.957782 0.00666258 0.0312923 0.00426319
0.444113 0.00938474 0.543689 0.002814
0.000120817 4.47844e-05 0.000160984 0.999673
6.32233e-05 3.84081e-05 0.000187478 0.999711
0.936281 0.016012 0.0443981 0.00330902
0.00518163 0.000492122 0.993898 0.00042857
0.000142267 0.000109436 0.000197053 0.999551
5.82523e-05 3.44265e-05 0.000102365 0.999805
6.11393e-06 1.36173e-05 0.999978 2.59087e-06
1.32272e-05 0.999889 3.50822e-05 6.24639e-05
0.000172846 0.000228425 0.99956 3.87229e-05
3.87622e-05 2.27367e-05 9.64281e-05 0.999842
0.0896755 0.00327029 0.902112 0.00494251
0.000434131 0.00118801 0.998228 0.000149531
0.61644 0.0238314 0.35352 0.00620845
0.103901 0.00551083 0.888906 0.00168163
0.983103 0.0160501 0.000491929 0.00035514
0.993501 0.00274206 0.00204211 0.00171504
0.00183138 0.000918792 0.997047 0.00020309
0.978037 0.0162116 0.000930321 0.00482121
5.21018e-05 2.3279e-05 0.000147525 0.999777
0.997452 0.000346178 0.00112002 0.0010821
0.00193018 0.000631066 0.997301 0.000138123
4.10514e-05 1.9315e-05 0.000105938 0.999834
0.023459 0.948586 0.0240927 0.00386267
4.33597e-06 0.999917 4.4916e-05 3.35524e-05
5.54373e-05 4.8179e-05 9.94787e-05 0.999797
0.997787 0.000211917 0.00136818 0.000632749
3.19775e-05 4.13852e-05 0.999915 1.22094e-05
0.852651 0.0389475 0.101021 0.00738028
6.01752e-05 1.79162e-05 0.99991 1.19735e-05
0.00530084 0.968655 0.0234505 0.00259324
3.73218e-05 1.82215e-05 5.44571e-05 0.99989
0.00013483 1.62803e-05 0.999827 2.15016e-05
0.983275 0.00459829 0.010998 0.00112826
3.28495e-05 1.53806e-05 7.92844e-05 0.999872
0.000114823 5.1193e-05 0.000130454 0.999703
0.0267117 0.118037 0.849866 0.00538522
0.821623 0.14552 0.0280958 0.00476163
0.000102228 7.5619e-05 0.000223611 0.999599
0.586756 0.0286564 0.38068 0.00390775
0.990307 0.00512596 0.00345573 0.00111145
0.750828 0.15397 0.0795592 0.0156432
0.000593364 0.00223939 0.996907 0.000260297
0.472817 0.502522 0.0211966 0.00346429
0.0394372 0.00669959 0.952914 0.000949173
2.77756e-07 0.999993 2.20547e-06 4.59772e-06
3.21865e-05 0.999829 2.15938e-05 0.000117022
0.00216868 0.00517247 0.99199 0.000669227
0.71268 0.00868675 0.269666 0.00896759
5.97611e-05 3.41581e-05 0.000141028 0.999765
1.37108e-06 0.999976 1.04095e-05 1.26749e-05
0.893655 0.0489256 0.0514409 0.00597805
0.0116322 0.0272362 0.956683 0.00444871
0.000801725 0.000720239 0.998226 0.000251564
0.00664581 0.00972796 0.98098 0.00264584
7.21352e-05 4.13964e-05 0.000296354 0.99959
0.0518343 0.005187 0.940505 0.00247386
0.326947 0.00375743 0.667055 0.00223972
0.619892 0.301634 0.0649114 0.0135632
0.997297 0.00252693 0.000105718 7.02754e-05
0.081394 0.00848674 0.907933 0.0021858
7.39391e-05 7.39976e-05 0.000106972 0.999745
0.98959 0.0031551 0.0064993 0.000755777
0.14183 0.77599 0.0679917 0.0141882
0.00634241 0.00182433 0.990966 0.000866963
0.105302 0.00389763 0.886077 0.00472328
0.000111714 0.000157553 0.000261779 0.999469
7.62011e-05 3.59303e-05 0.000152694 0.999735
0.00548164 0.00418674 0.98919 0.00114141
0.00406511 0.00394833 0.990969 0.0010175
2.36704e-05 6.70264e-06 0.999959 1.09268e-05
0.988374 0.0021191 0.00837471 0.00113207
6.30099e-05 2.98056e-05 0.000134143 0.999773
0.000106425 4.65753e-05 0.000143717 0.999703
0.0344704 0.00156 0.961484 0.0024852
8.53649e-05 0.99965 0.000119073 0.000145495
0.802954 0.0780368 0.102521 0.0164878
0.987603 0.00212183 0.00982154 0.000453981
0.815929 0.0260454 0.150884 0.00714129
0.00213511 0.00196413 0.99485 0.001051
0.0120071 0.967209 0.0179057 0.00287872
0.953302 0.00894866 0.0307903 0.0069591
0.00224642 0.994775 0.00181347 0.00116559
0.000136578 7.56202e-05 0.000282958 0.999505
0.833496 0.0132351 0.148339 0.00492962
0.00656133 0.000894376 0.992281 0.000263629
5.10138e-05 3.46335e-05 9.61173e-05 0.999818
9.66773e-05 4.50947e-05 0.000256008 0.999602
1.03605e-05 3.32064e-05 0.999951 5.79019e-06
0.697553 0.00538128 0.294127 0.00293917
7.15651e-08 0.999998 6.23881e-07 1.66919e-06
0.00699171 0.173501 0.816905 0.00260242
0.0675448 0.927521 0.000764132 0.00416965
0.000109207 3.8993e-05 0.000104531 0.999747
0.000114715 3.97781e-05 0.000310123 0.999535
0.0507799 0.871107 0.0731324 0.00498023
0.538047 0.0109921 0.437385 0.0135753
6.4417e-05 4.59212e-05 0.000220785 0.999669
0.000287161 5.39739e-05 0.999632 2.68473e-05
0.953575 0.0106929 0.0313513 0.00438053
0.943671 0.0495376 0.00215245 0.00463911
0.649481 0.0471151 0.298464 0.00493966
3.88085e-06 0.99998 4.28501e-06 1.1802e-05
0.117957 0.810646 0.0569424 0.0144543
4.29714e-05 2.25129e-05 0.00014901 0.999785
7.46756e-05 0.999845 2.89438e-05 5.17656e-05
0.999124 0.000258688 0.000146255 0.000471112
0.0662029 0.927828 0.00134717 0.00462177
5.97167e-05 2.9319e-05 0.000140968 0.99977
0.00020116 0.000131489 0.000262923 0.999404
0.101942 0.0766607 0.815311 0.0060859
0.00543583 0.984673 0.00782448 0.00206623
0.0109055 0.0485012 0.935993 0.00459969
5.02215e-05 3.38843e-05 0.000454778 0.999461
0.000183015 0.999461 0.000189537 0.000166411
0.804007 0.00459022 0.187462 0.00394014
8.75748e-05 0.000104411 0.000208487 0.9996
3.48783e-05 2.18346e-05 7.75132e-05 0.999866
4.61487e-05 4.81761e-05 0.000120168 0.999785
0.00235134 0.00302605 0.993948 0.000674831
0.993306 0.00147616 0.00385907 0.00135841
2.38569e-07 0.999994 1.99802e-06 3.97296e-06
0.0089538 0.00100972 0.989772 0.000264061
0.589902 0.0103821 0.396243 0.0034731
0.997484 0.00109778 0.000431415 0.000987241
0.997422 0.00080244 0.00121275 0.000562981
0.000134727 1.29161e-05 0.999838 1.47774e-05
2.35152e-05 1.03376e-05 3.05672e-05 0.999936
4.10779e-05 2.35982e-05 6.65906e-05 0.999869
4.02668e-06 1.27482e-05 0.999981 2.36634e-06
6.76997e-05 5.72167e-05 9.53391e-05 0.99978
1.55878e-06 0.999977 6.36081e-06 1.50869e-05
0.304607 0.0028661 0.689726 0.00280076
0.999474 0.000160108 0.000109729 0.000256066
9.84951e-05 5.93707e-05 0.000210535 0.999632
9.01325e-05 3.21957e-05 9.10135e-05 0.999787
9.96091e-08 0.999997 6.74731e-07 2.24213e-06
0.572014 0.00421814 0.421603 0.00216519
0.000107985 4.35829e-05 0.000267144 0.999581
0.0280142 0.765185 0.198833 0.00796833
0.000284238 0.000190724 0.999468 5.69137e-05
0.000108578 8.62584e-05 0.000179416 0.999626
0.996138 0.00191721 0.00146786 0.000477253
6.3782e-05 3.78589e-05 0.000196655 0.999702
0.000231439 0.000170394 0.00032013 0.999278
0.853447 0.145752 0.00051407 0.000286985
5.61483e-05 3.16845e-05 0.000112928 0.999799
0.000659575 0.999076 0.000143876 0.000120961
0.98615 0.00942906 0.00127077 0.00314985
0.998789 0.000498364 0.000180751 0.000532368
6.58881e-05 3.17351e-05 0.000245722 0.999657
0.01711 0.0017846 0.980462 0.000643866
0.121605 0.00327093 0.873572 0.00155197
0.00587739 0.0410453 0.951063 0.00201453
2.06361e-05 5.02646e-06 0.999967 7.71818e-06
0.00956933 0.980817 0.00864723 0.000966612
4.98986e-05 5.62092e-05 6.21746e-05 0.999832
6.18401e-06 0.999941 2.68983e-05 2.59027e-05
0.997919 0.000480996 0.000623434 0.000976059
0.985748 0.0040966 0.00711943 0.00303635
0.966232 0.00625953 0.0248838 0.00262431
0.995602 0.00110428 0.00125319 0.00204095
0.876107 0.0211709 0.0994562 0.00326631
0.919109 0.0733553 0.00385424 0.00368122
3.35637e-07 0.99999 5.38029e-06 4.00214e-06
6.32521e-05 3.0993e-05 0.000140338 0.999765
0.00509507 0.000672223 0.993919 0.000313737
0.721935 0.00522377 0.271429 0.00141307
0.00847832 0.919305 0.0708199 0.00139693
0.923786 0.0038772 0.0694143 0.00292237
0.000213551 0.999075 0.000447278 0.00026396
0.998806 0.000244597 0.000456559 0.000493443
5.40526e-06 1.82341e-05 0.999973 3.28365e-06
0.00120651 0.997837 0.000218392 0.000737676
0.106149 0.397735 0.47755 0.018566
0.969953 0.0240033 0.00255835 0.00348539
0.00333739 0.039756 0.95497 0.00193684
0.000662233 0.000388927 0.000396681 0.998552
0.00305193 0.0164405 0.979577 0.000931005
5.276e-05 3.71014e-05 0.000212793 0.999697
0.700151 0.00930905 0.281843 0.00869629
5.60379e-05 3.83071e-05 0.00019842 0.999707
4.46824e-05 2.68519e-05 9.27751e-05 0.999836
0.168664 0.0159515 0.813192 0.00219239
1.41498e-06 0.999979 9.88447e-06 1.00104e-05
4.35192e-05 5.72055e-05 0.000130725 0.999769
0.00111947 0.84016 0.157443 0.00127734
0.0670281 0.504013 0.408179 0.0207792
0.185386 0.0294415 0.781129 0.00404331
0.000898177 0.000207971 0.998846 4.79805e-05
0.0228331 0.000567521 0.975981 0.000617918
0.0289612 0.00492597 0.964629 0.00148338
0.0070872 0.729135 0.260532 0.00324582
0.0786535 0.48003 0.430224 0.0110925
0.00418371 0.977823 0.016448 0.00154525
6.98973e-05 6.58678e-05 0.000343885 0.99952
0.0013271 0.00136991 0.99674 0.000563096
0.00121748 0.955998 0.0414907 0.00129399
0.000147297 9.31424e-05 0.000229908 0.99953
0.0488879 0.31649 0.624069 0.0105532
4.22884e-05 2.11507e-05 6.44388e-05 0.999872
0.00309465 0.00135521 0.995383 0.000167296
0.912591 0.0418785 0.0412638 0.0042667
0.000126064 4.90251e-05 0.000118507 0.999706
0.00373174 0.0948695 0.897929 0.00346944
0.0580403 0.0265075 0.911522 0.00393017
6.17745e-06 0.999942 2.18717e-05 2.96553e-05
0.00224202 0.988962 0.00737786 0.00141854
0.525874 0.457608 0.00809553 0.00842242
0.000107239 4.32258e-05 0.000279906 0.99957
5.61482e-05 0.999771 3.4271e-05 0.000138487
0.466508 0.00127089 0.527581 0.00463952
3.39815e-05 1.67035e-05 6.67207e-05 0.999883
1.27293e-05 4.36246e-06 0.999976 7.32007e-06
0.966002 0.0165912 0.014719 0.0026877
0.00116405 0.00853857 0.988792 0.00150548
0.946131 0.0136644 0.0364521 0.00375294
0.000337014 0.000355665 0.999242 6.51512e-05
0.981146 0.00262499 0.0156518 0.000576931
0.992832 0.00445881 0.00222168 0.00048761
0.840056 0.0110023 0.145011 0.00393022
4.24835e-05 2.06807e-05 0.000141629 0.999795
