0.0101359 0.854618 0.131769 0.00347745
0.0811706 0.0141584 0.899871 0.00480018
0.00144556 0.00106433 0.996893 0.000597081
0.000178401 0.000220671 0.00104751 0.998553
0.351376 0.182718 0.427765 0.038142
0.0206614 0.00667179 0.970516 0.0021507
0.546696 0.158149 0.264725 0.0304309
0.00426928 0.00235258 0.99178 0.00159853
0.0516734 0.110396 0.825994 0.0119358
0.000230075 0.000196444 0.000881377 0.998692
7.41144e-05 0.000106981 0.000335013 0.999484
0.0210845 0.963076 0.0128268 0.00301296
0.112637 0.668699 0.204881 0.0137836
6.88025e-05 6.50334e-05 0.000220559 0.999646
0.000598 0.000805983 0.00261995 0.995976
5.38506e-05 4.0156e-05 0.000166664 0.999739
0.0125404 0.0193625 0.965515 0.00258163
0.286984 0.061777 0.637397 0.0138423
0.0657324 0.819729 0.104346 0.0101931
0.149278 0.00657362 0.836851 0.00729809
0.0169524 0.0224921 0.955921 0.00463409
0.000320168 0.000383953 0.000838626 0.998457
0.626891 0.05704 0.30119 0.0148788
5.35864e-05 6.34741e-05 0.00028541 0.999597
0.0144459 0.395655 0.580258 0.00964113
0.659702 0.0784212 0.243196 0.0186816
0.00147576 0.00145693 0.0021902 0.994877
0.337953 0.251685 0.394013 0.0163487
0.00170696 0.000951008 0.996817 0.000524901
0.0358311 0.884474 0.0733192 0.00637527
8.28864e-05 5.73288e-05 0.000162222 0.999698
0.000225973 7.99077e-05 0.999633 6.11904e-05
0.0455877 0.00962804 0.941022 0.00376222
0.195198 0.0529555 0.721018 0.0308288
0.658264 0.121284 0.183232 0.0372199
0.319348 0.132129 0.535237 0.013286
0.0309161 0.959392 0.00757688 0.00211516
3.4703e-05 4.19343e-05 0.000222439 0.999701
0.00701278 0.0179633 0.971351 0.00367285
0.000244711 0.000256141 0.00117341 0.998326
0.000244858 0.000166801 0.000433083 0.999155
0.00949808 0.00664627 0.98186 0.00199525
5.094e-05 4.85918e-05 0.000145358 0.999755
9.00358e-05 6.74803e-05 0.000411726 0.999431
0.232819 0.0204302 0.729406 0.0173449
0.0452578 0.804122 0.140217 0.0104027
0.0893851 0.375193 0.520921 0.0145007
0.611167 0.15679 0.183451 0.0485914
0.00840621 0.00444016 0.98504 0.00211314
0.0133506 0.0124659 0.97181 0.00237313
0.128894 0.288277 0.568075 0.0147535
0.0528869 0.0220631 0.913324 0.0117258
0.0845713 0.384567 0.516944 0.0139174
0.0107498 0.0013871 0.985777 0.00208622
0.0402953 0.0173174 0.937431 0.00495587
0.472771 0.144754 0.327865 0.0546104
0.0112358 0.0180449 0.965988 0.00473086
0.000118598 0.000137276 0.000508948 0.999235
0.000351935 0.000113865 0.999432 0.000101837
0.000888014 0.998247 0.00065542 0.000209723
0.00698602 0.98256 0.00894169 0.00151236
0.00149548 0.996008 0.00200164 0.000494847
0.000214405 0.000161315 0.000391582 0.999233
0.33754 0.160344 0.479381 0.0227352
0.00011329 0.000144978 0.000448382 0.999293
0.414081 0.284435 0.265628 0.0358556
0.00222518 0.994799 0.0023599 0.000615878
0.0802367 0.0715035 0.838691 0.00956898
0.00104109 0.997608 0.00104084 0.000310467
0.000406046 0.000184135 0.99928 0.000129864
0.0026507 0.976535 0.0193266 0.00148793
0.000541226 0.000215352 0.999092 0.000152017
0.503244 0.243831 0.181387 0.0715373
4.28807e-05 4.0956e-05 0.000115504 0.999801
0.455826 0.439538 0.0810723 0.0235639
0.13502 0.0167233 0.838787 0.00946897
8.74735e-05 7.65861e-05 0.000231348 0.999605
7.9826e-05 0.000114197 0.000431804 0.999374
0.690276 0.081304 0.192024 0.036396
0.730668 0.0761997 0.168565 0.0245669
0.0404654 0.910243 0.0440656 0.00522646
0.119731 0.394052 0.467698 0.0185198
0.0516307 0.772461 0.168815 0.00709296
0.00569908 0.983784 0.00901287 0.00150369
0.025501 0.832972 0.135211 0.00631577
0.000161866 0.000155918 0.00036021 0.999322
9.49445e-05 8.4525e-05 0.000264182 0.999556
0.00181249 0.0039705 0.010961 0.983256
0.216077 0.603741 0.166309 0.0138726
0.00265648 0.00171278 0.994921 0.000709837
0.00202367 0.0026285 0.00423463 0.991113
0.0267527 0.00779768 0.961532 0.00391783
0.369713 0.352105 0.197028 0.0811543
0.150218 0.341368 0.487203 0.0212111
2.67574e-05 1.62616e-05 4.71715e-05 0.99991
6.80063e-05 6.89706e-05 0.000231045 0.999632
0.000134167 0.000123182 0.000516976 0.999226
0.0075881 0.00315837 0.987631 0.00162242
0.000160712 0.000122148 0.000384474 0.999333
0.0538322 0.711466 0.223961 0.010741
0.0101556 0.980492 0.00742889 0.00192324
0.0106444 0.00320335 0.983695 0.00245714
0.00488895 0.989069 0.00495296 0.00108945
9.40812e-05 0.000122962 0.000339758 0.999443
0.00167856 0.00187747 0.0029132 0.993531
4.09311e-05 3.99677e-05 0.000106699 0.999812
7.24715e-05 7.37445e-05 0.000278563 0.999575
0.00015624 0.000145529 0.000618564 0.99908
0.00119757 0.000925647 0.00195269 0.995924
0.00748162 0.00500226 0.985791 0.00172525
0.000167 0.000105871 0.000331846 0.999395
0.000215065 8.42286e-05 0.999633 6.78258e-05
0.00154105 0.000345952 0.99781 0.000303309
0.132594 0.0196836 0.841167 0.0065553
0.0432226 0.896764 0.0532624 0.00675112
0.158054 0.697721 0.127932 0.0162932
0.00677931 0.00230801 0.989568 0.0013444
0.0673218 0.0759633 0.841489 0.0152257
0.00487972 0.00124997 0.993117 0.000753573
0.03828 0.0105958 0.942246 0.00887851
0.304092 0.301698 0.371233 0.022977
0.00135601 0.00157813 0.00241611 0.99465
4.63683e-05 3.45726e-05 0.000112388 0.999807
0.744149 0.174547 0.0597449 0.0215592
0.000995408 0.000883404 0.00129165 0.99683
0.000105248 0.000114669 0.000287316 0.999493
0.000117702 0.000142262 0.000619955 0.99912
0.168794 0.341354 0.469607 0.0202444
0.769477 0.0334736 0.187178 0.00987116
0.000884178 0.000745062 0.997902 0.000468423
0.0417159 0.843122 0.105952 0.00921068
0.00273383 0.00139865 0.995232 0.000635265
0.00048034 0.000196876 0.99917 0.000153107
0.000224959 0.000181939 0.000940691 0.998652
0.0211657 0.970418 0.00648927 0.00192716
0.00012414 0.000208846 0.000593843 0.999073
0.000166419 0.000122542 0.000771419 0.99894
0.0213718 0.00446435 0.971081 0.00308275
0.141668 0.014196 0.83925 0.00488671
0.139931 0.0892996 0.760325 0.0104438
0.0198655 0.0105167 0.966712 0.00290566
0.227577 0.0537971 0.70591 0.0127166
0.0150011 0.00265248 0.981066 0.00128005
0.000273266 0.000108054 0.99953 8.83571e-05
0.00296576 0.0015201 0.99479 0.00072374
0.068721 0.860231 0.0631399 0.00790848
0.0972283 0.320438 0.559279 0.0230547
0.00010138 5.99955e-05 0.000273423 0.999565
0.00276433 0.990553 0.00563801 0.00104502
0.309303 0.0537404 0.625305 0.0116521
0.0603116 0.0335347 0.88928 0.0168733
0.41096 0.33804 0.21512 0.0358801
5.47162e-05 5.44198e-05 0.000145757 0.999745
0.433001 0.0860676 0.464905 0.016027
0.000789821 0.000221415 0.998758 0.000231114
0.0303976 0.00655617 0.960219 0.00282716
0.0143362 0.00492486 0.978975 0.00176368
0.59746 0.115459 0.266114 0.0209669
0.322114 0.258536 0.328353 0.0909962
0.0954387 0.0111032 0.888912 0.00454622
0.0229762 0.0708625 0.900169 0.00599188
0.0202828 0.00585632 0.969337 0.00452354
0.487717 0.0204483 0.479468 0.0123667
0.00888128 0.976233 0.0129315 0.00195415
0.0478027 0.0559066 0.883531 0.0127597
0.0874955 0.802304 0.0958937 0.0143072
0.272997 0.617051 0.0966681 0.0132832
0.0170397 0.0179806 0.960543 0.00443614
0.00281406 0.00215496 0.99452 0.000510767
6.54267e-05 6.04179e-05 0.000192408 0.999682
0.00340952 0.00192208 0.993923 0.000745371
0.117126 0.0692875 0.801531 0.0120551
0.222686 0.115165 0.649248 0.0129011
0.279861 0.0361328 0.669048 0.0149581
0.00029723 0.000211406 0.00160788 0.997883
0.0273787 0.942197 0.0264219 0.00400207
0.00299661 0.00180966 0.994221 0.000972751
0.525821 0.0291183 0.431953 0.0131075
0.000182729 0.000193107 0.000620915 0.999003
0.00149544 0.00194857 0.00269862 0.993857
0.206199 0.0368704 0.749481 0.00744912
0.000159257 0.000187928 0.000520589 0.999132
0.46116 0.0632547 0.455779 0.0198066
3.57191e-05 3.71236e-05 9.26924e-05 0.999834
0.00137324 0.000799456 0.997435 0.000392453
0.0291487 0.162029 0.802406 0.00641637
0.251503 0.0825588 0.64996 0.015978
0.0072213 0.00427699 0.98682 0.00168193
0.0189121 0.0222604 0.954932 0.00389501
0.113454 0.507602 0.362877 0.0160671
0.00074141 0.000626599 0.0010905 0.997542
4.46568e-05 4.68742e-05 0.000162531 0.999746
0.0208321 0.941106 0.0344379 0.00362433
0.019442 0.0203021 0.957143 0.00311266
0.00793156 0.00484406 0.985599 0.00162576
0.106659 0.0113848 0.873327 0.00862892
0.0347849 0.00882141 0.952676 0.00371799
0.161318 0.0179077 0.814309 0.00646554
2.73084e-05 3.27124e-05 0.000102753 0.999837
0.00568818 0.00159787 0.991734 0.000980266
5.49348e-05 4.32282e-05 0.000138577 0.999763
0.058259 0.920074 0.0172919 0.00437556
0.00411018 0.00155555 0.993276 0.00105815
0.000792747 0.000319147 0.99866 0.000227845
0.149626 0.64632 0.188214 0.0158405
5.43224e-05 5.43916e-05 0.000183883 0.999707
7.93423e-05 1.84766e-05 0.999875 2.70605e-05
0.07111 0.787047 0.132184 0.00965871
0.420481 0.0626446 0.477539 0.0393353
0.00058324 0.000243741 0.998997 0.000175605
0.0122134 0.0100339 0.97479 0.0029624
0.00529363 0.00282934 0.990481 0.00139641
9.10436e-05 9.05049e-05 0.000280084 0.999538
0.00198835 0.995864 0.00165456 0.000493368
0.00454793 0.00184028 0.992537 0.0010749
0.000489287 0.000169045 0.999212 0.000129378
0.208889 0.191963 0.584794 0.0143533
0.307903 0.256033 0.40796 0.0281048
0.0130783 0.00772649 0.976826 0.00236864
0.00865963 0.00150644 0.98864 0.00119375
0.00149385 0.00183253 0.00349603 0.993178
0.00676211 0.00173769 0.990447 0.00105287
6.47761e-05 7.18513e-05 0.000226353 0.999637
0.43605 0.0146236 0.539664 0.00966251
6.46816e-05 1.92574e-05 0.999887 2.86639e-05
7.16063e-05 8.41922e-05 0.000308334 0.999536
9.81544e-05 0.000130797 0.000781933 0.998989
0.000438974 9.47316e-05 0.99938 8.61207e-05
0.0744171 0.677965 0.233513 0.0141051
4.00633e-05 1.18146e-05 0.999927 2.15063e-05
0.203737 0.0700164 0.695916 0.0303306
0.0050737 0.000848424 0.993402 0.000676153
0.000120753 0.000123284 0.000430449 0.999326
0.0147868 0.0161861 0.965598 0.00342891
0.0219896 0.0354426 0.937542 0.00502568
0.000146988 0.000151039 0.000746961 0.998955
0.13864 0.580268 0.261384 0.0197075
0.0676906 0.0134802 0.913211 0.00561814
0.00463962 0.984443 0.00960458 0.00131306
0.320382 0.0168135 0.650579 0.0122251
0.00193558 0.00204618 0.00379972 0.992218
0.358321 0.117714 0.492099 0.0318659
0.00924226 0.00365395 0.984967 0.00213722
0.000189305 0.000212292 0.000821513 0.998777
0.000103095 9.94331e-05 0.000214024 0.999583
4.11339e-05 4.28651e-05 0.000138464 0.999777
0.248612 0.057974 0.681695 0.0117184
0.035856 0.921696 0.0373259 0.0051216
0.568091 0.155324 0.227863 0.0487224
0.0421951 0.0965757 0.851596 0.00963349
0.465258 0.039846 0.480429 0.0144672
0.0296093 0.0136235 0.951632 0.00513554
0.000139232 0.00015373 0.000485892 0.999221
0.0209515 0.0167591 0.959187 0.00310207
0.000449019 0.000550905 0.00181398 0.997186
0.000184148 0.000188625 0.000937411 0.99869
0.029687 0.0113541 0.956734 0.00222531
0.0404462 0.0141343 0.941384 0.00403561
0.00329562 0.0019077 0.993717 0.00107993
0.00503101 0.990221 0.00374487 0.00100281
6.01479e-05 2.52632e-05 0.999887 2.70021e-05
7.9208e-05 9.5079e-05 0.000301778 0.999524
0.0120817 0.0133143 0.971183 0.00342149
0.00096997 0.996681 0.00193627 0.000412751
0.00467205 0.00116614 0.99326 0.000901916
0.0157743 0.00440315 0.977875 0.00194718
0.00383091 0.000454825 0.99486 0.000853976
0.00173165 0.996201 0.00160718 0.000460087
7.31423e-05 5.36876e-05 0.000151821 0.999721
0.647103 0.0292643 0.309687 0.0139455
0.000254461 8.65971e-05 0.999583 7.6392e-05
0.0143444 0.00497615 0.9766 0.00407961
0.00157 0.000788237 0.99726 0.000381825
7.2225e-05 8.3854e-05 0.000247044 0.999597
0.0768137 0.149729 0.765088 0.0083696
0.00628178 0.00363862 0.988576 0.00150325
0.00751618 0.00367442 0.987189 0.00161999
0.0491651 0.0105799 0.935486 0.00476861
0.00143495 0.00142164 0.00232929 0.994814
0.00197913 0.00101739 0.996428 0.000575629
0.176591 0.0701237 0.740119 0.013166
0.0160023 0.0329763 0.947424 0.00359728
0.00043472 0.000124729 0.999355 8.5677e-05
0.166353 0.703687 0.11498 0.0149806
0.0138087 0.00344765 0.980662 0.00208201
0.000119113 0.000109746 0.000673591 0.999098
0.000431513 0.000191302 0.999268 0.000109565
7.55176e-05 7.12036e-05 0.000267343 0.999586
0.00135143 0.996958 0.00130843 0.000381806
4.06418e-05 3.77552e-05 0.000158426 0.999763
0.0103086 0.00687886 0.979679 0.00313407
0.0881683 0.816879 0.0859414 0.00901137
0.117388 0.303581 0.55952 0.0195119
0.0351533 0.0396869 0.919924 0.005236
0.00525296 0.00534971 0.987087 0.00231058
0.000151328 0.000146974 0.00062107 0.999081
0.208202 0.154853 0.615459 0.0214858
0.0123624 0.0215938 0.963034 0.00300982
0.000698112 0.00021217 0.998951 0.000139061
0.000199806 0.000228624 0.000654543 0.998917
0.00110485 0.000531501 0.998074 0.000290059
0.000685203 0.997877 0.00115473 0.000282867
0.716292 0.12508 0.130514 0.0281136
0.536215 0.153523 0.289123 0.0211383
0.40956 0.160236 0.392526 0.0376783
0.0161083 0.0861345 0.889827 0.00792975
0.0898819 0.55255 0.343085 0.0144832
0.0946519 0.00934076 0.890346 0.00566104
0.000127231 0.000144138 0.000651844 0.999077
0.000963578 0.00053941 0.998229 0.000267891
0.0684196 0.702352 0.216884 0.0123452
0.140859 0.313759 0.527803 0.0175787
0.0658335 0.246934 0.676507 0.0107255
0.420129 0.104993 0.437272 0.0376064
0.0279381 0.00369546 0.965355 0.0030116
0.0482284 0.244407 0.695562 0.0118035
0.0138922 0.00915898 0.972366 0.00458269
0.625158 0.0706047 0.261784 0.0424529
0.703922 0.0236784 0.260961 0.0114395
0.329984 0.0808224 0.567218 0.0219752
0.171636 0.0219687 0.800301 0.00609418
0.000146606 0.000108449 0.000544856 0.9992
0.000190627 4.15148e-05 0.999715 5.29356e-05
3.46363e-05 4.59738e-05 0.00018726 0.999732
0.0142518 0.00445519 0.977756 0.00353704
0.0068201 0.00301318 0.988427 0.0017396
8.53384e-05 4.45568e-05 0.000128532 0.999742
0.0019123 0.00164154 0.99553 0.000916206
0.598471 0.220542 0.144893 0.0360938
0.000119966 0.000127499 0.000484658 0.999268
0.0350693 0.946681 0.0149164 0.00333372
0.0093919 0.975073 0.0133787 0.00215628
0.0334936 0.0331395 0.929136 0.00423111
0.000176185 0.000167298 0.000581194 0.999075
4.17006e-05 1.47368e-05 0.999917 2.63504e-05
0.00141915 0.996635 0.00151962 0.000425985
0.00114877 0.00081501 0.00182958 0.996207
0.00129797 0.00274201 0.00863807 0.987322
0.028182 0.954154 0.014302 0.00336228
0.000115504 0.000133756 0.00049406 0.999257
0.295979 0.332763 0.350075 0.021184
0.00112043 0.00178378 0.00523345 0.991862
0.000129726 9.23761e-05 0.000469475 0.999308
0.00034379 0.000128807 0.999435 9.19195e-05
0.0143573 0.00270508 0.981082 0.00185579
0.0061071 0.00296928 0.989437 0.00148632
4.41196e-05 4.38724e-05 0.000102837 0.999809
0.0516109 0.856391 0.0824152 0.00958335
0.299763 0.0362962 0.655833 0.00810857
0.00502944 0.00210523 0.992012 0.000853141
2.81009e-05 2.64316e-05 0.000109959 0.999835
0.196195 0.0255844 0.770591 0.00762889
0.045827 0.0323966 0.907777 0.0139994
0.0107462 0.968956 0.0180393 0.00225863
0.000174243 0.000199344 0.000761964 0.998864
0.0613546 0.902027 0.0310206 0.00559796
0.732315 0.110238 0.1167 0.0407471
0.43712 0.0428237 0.492065 0.0279913
0.000138065 0.00010272 0.00026628 0.999493
0.0530473 0.0583767 0.876852 0.0117243
7.07661e-05 9.03735e-05 0.000294282 0.999545
0.00193466 0.00153589 0.995647 0.000882528
0.0638185 0.0207711 0.897103 0.018307
0.0515765 0.873715 0.0674367 0.00727181
0.000152851 0.000172742 0.000515681 0.999159
0.000846909 0.000283467 0.998658 0.000212085
0.237352 0.0624377 0.670556 0.0296549
0.0260641 0.957507 0.0135847 0.00284387
8.01965e-05 9.78873e-05 0.000319441 0.999502
0.00784703 0.00972648 0.980591 0.00183565
0.0323579 0.00735539 0.957131 0.00315598
0.000174431 0.000151574 0.999536 0.000137653
0.00482408 0.000856998 0.993727 0.000591574
0.153972 0.0164359 0.822291 0.00730069
0.0429081 0.926482 0.0259029 0.00470675
0.0315816 0.0213859 0.940881 0.00615195
0.0805933 0.79529 0.114417 0.00969953
0.325768 0.227157 0.432386 0.0146887
0.000255683 0.000112999 0.999534 9.73633e-05
0.00888767 0.000841989 0.988715 0.00155488
0.00106596 0.000658221 0.997981 0.000294458
0.104114 0.45756 0.422056 0.0162699
0.000548475 0.00037168 0.00324689 0.995833
0.14022 0.233892 0.605504 0.0203846
0.00722676 0.00990315 0.980728 0.00214156
0.0232765 0.934716 0.0375883 0.0044194
0.000980027 0.000787132 0.997774 0.000458512
0.0351024 0.039971 0.916981 0.00794559
0.0751731 0.0106673 0.908233 0.0059266
0.000114623 9.62665e-05 0.000244063 0.999545
0.0419789 0.021402 0.932567 0.00405218
0.000104382 2.86303e-05 0.999835 3.1632e-05
7.91859e-05 4.36995e-05 0.999822 5.47288e-05
0.0524226 0.861708 0.0780976 0.0077715
0.0184468 0.00598049 0.972954 0.00261858
0.161667 0.189785 0.614625 0.0339234
7.728e-05 0.00010259 0.000640186 0.99918
0.000113326 7.83903e-05 0.000227907 0.99958
0.0772805 0.30638 0.600664 0.015675
0.0374442 0.0186122 0.930967 0.0129766
0.0128796 0.00234094 0.982922 0.00185711
0.0424251 0.940964 0.0130472 0.00356379
0.526307 0.343826 0.102647 0.0272205
0.000193982 0.000127189 0.000625434 0.999053
0.0126755 0.00265607 0.983308 0.00136072
6.5661e-05 1.54169e-05 0.999892 2.65082e-05
0.00397715 0.00173774 0.993156 0.00112954
0.0190124 0.00618114 0.971677 0.00312957
0.459347 0.0746441 0.429088 0.0369205
0.498112 0.353879 0.134642 0.0133671
0.0075604 0.984229 0.00664968 0.00156125
0.034075 0.726353 0.231584 0.00798749
0.000295158 0.000327827 0.0011844 0.998193
9.45133e-05 5.67116e-05 0.000324732 0.999524
0.0232173 0.0623313 0.909135 0.00531678
0.0314834 0.92204 0.0408222 0.00565419
0.0193878 0.950305 0.0265369 0.00377036
0.0568181 0.00904238 0.930913 0.00322684
0.293526 0.0361734 0.644956 0.025345
0.000490553 0.000339346 0.00101576 0.998154
0.000190125 0.000130371 0.000370879 0.999309
0.136392 0.0475917 0.808194 0.00782221
0.0480862 0.00837812 0.939927 0.00360858
0.00145593 0.000436306 0.997844 0.000264075
0.184381 0.186872 0.600006 0.0287409
0.00160523 0.00125384 0.00253248 0.994608
5.8134e-05 5.97524e-05 0.000175664 0.999706
0.0003893 0.000430844 0.00168161 0.997498
0.00203517 0.00249824 0.0042511 0.991215
0.00798496 0.00150284 0.989222 0.00129007
0.0133693 0.971411 0.0132007 0.00201896
0.172083 0.343567 0.46213 0.0222193
0.362315 0.0221695 0.596303 0.0192117
0.165447 0.0249771 0.801412 0.00816467
0.229825 0.0230212 0.738924 0.0082297
0.00483006 0.00248178 0.991216 0.00147219
0.0166656 0.00703975 0.974321 0.00197399
0.0107177 0.00341543 0.984106 0.00176082
0.00507538 0.990036 0.00384277 0.00104572
0.123217 0.102322 0.762808 0.0116527
0.000232808 0.000156253 0.000430614 0.99918
0.0555603 0.923143 0.0171877 0.00410861
0.00703213 0.983504 0.00791895 0.00154493
0.128122 0.748054 0.109055 0.014769
0.00187556 0.000448534 0.997326 0.000349803
3.32184e-05 2.87338e-05 0.00011272 0.999825
0.000930546 0.000270313 0.998636 0.000162755
4.51749e-05 3.28097e-05 7.7595e-05 0.999844
0.00411436 0.984897 0.00930775 0.00168108
0.00765244 0.00419955 0.986824 0.00132365
0.0086221 0.00239616 0.987547 0.00143532
0.0247328 0.268709 0.694891 0.0116672
6.7412e-05 3.89146e-05 0.000109693 0.999784
0.00240886 0.00119516 0.995731 0.000665411
0.0195096 0.0312249 0.944786 0.00447976
0.0341941 0.00510536 0.956323 0.00437741
0.757478 0.0300333 0.19143 0.0210592
0.282801 0.23387 0.447557 0.0357717
0.0127438 0.00404642 0.981393 0.00181664
0.0056186 0.971294 0.0212264 0.00186133
0.00720666 0.00524768 0.985834 0.00171168
0.132083 0.0699721 0.777959 0.0199867
0.28695 0.460054 0.187501 0.0654952
0.000926125 0.997482 0.00124422 0.00034726
0.00928298 0.977767 0.0110414 0.00190855
0.0794528 0.319996 0.586559 0.0139916
7.36544e-05 7.50737e-05 0.000274364 0.999577
0.00233115 0.000667993 0.996536 0.000464993
0.0353802 0.0172882 0.942668 0.00466375
7.32595e-05 0.000117925 0.000393239 0.999416
0.515045 0.092589 0.371619 0.0207476
0.00251153 0.00240518 0.99439 0.00069344
0.490718 0.159304 0.310305 0.0396729
0.0410844 0.881044 0.0716206 0.00625088
0.00669075 0.00480367 0.986631 0.00187486
0.685302 0.152709 0.141121 0.0208677
0.000104253 5.05149e-05 0.000164581 0.999681
0.0108636 0.00636269 0.980707 0.00206638
0.029628 0.0366129 0.928531 0.00522856
2.71534e-05 1.76237e-05 6.70862e-05 0.999888
0.385708 0.144002 0.419949 0.0503403
0.00171262 0.000405144 0.997557 0.000325201
0.306386 0.317737 0.331918 0.0439589
0.103609 0.678069 0.204412 0.01391
0.000153653 0.000149462 0.000563651 0.999133
0.00566646 0.985999 0.00695442 0.00137982
0.0394898 0.086328 0.864316 0.00986574
8.27376e-05 5.10165e-05 0.000275813 0.99959
0.000986206 0.000303725 0.998526 0.000184263
0.00138552 0.000570302 0.997685 0.000359526
0.228459 0.0233028 0.74091 0.00732807
0.00239596 0.994725 0.00228466 0.000594149
0.00917775 0.0154153 0.972536 0.00287086
0.0253046 0.957161 0.0143126 0.00322157
0.000130727 0.000132335 0.000533382 0.999204
0.00277418 0.000778857 0.996009 0.000438049
0.0022555 0.00293894 0.00359689 0.991209
0.000174263 0.000197074 0.0010341 0.998595
0.00328911 0.000774683 0.995391 0.000545369
0.416886 0.313072 0.22922 0.0408218
0.167749 0.067444 0.746648 0.0181588
0.00504841 0.985682 0.0079265 0.00134327
0.0134635 0.00393447 0.980142 0.0024598
0.0411834 0.045156 0.901999 0.0116619
0.000130128 5.09035e-05 0.999777 4.18911e-05
7.13495e-05 7.77734e-05 0.000260635 0.99959
0.00146724 0.993494 0.00437543 0.000662855
0.000162756 0.000178303 0.00102166 0.998637
0.637434 0.0251964 0.329132 0.00823773
0.12985 0.0690286 0.777041 0.0240799
0.0272905 0.956105 0.0135328 0.00307178
0.0848693 0.0193479 0.890146 0.00563662
0.000308158 0.00020605 0.00098052 0.998505
0.281772 0.0863159 0.610827 0.021086
0.0246668 0.908015 0.0615444 0.005774
0.000184023 0.000168536 0.000828861 0.998819
0.00784285 0.984818 0.00581767 0.00152124
0.0019453 0.000837017 0.996773 0.000444793
0.0185812 0.00485109 0.974387 0.00218089
0.00211031 0.995422 0.00192447 0.000542942
0.0499219 0.931816 0.0146711 0.00359117
0.000923119 0.00107899 0.997351 0.00064715
0.00132809 0.0006263 0.997587 0.000458949
0.519972 0.22525 0.20583 0.0489475
0.00109783 0.000422261 0.998217 0.000262618
0.150198 0.174754 0.65481 0.0202376
0.000489275 0.000415046 0.000848511 0.998247
0.0272651 0.949451 0.0197258 0.00355824
0.49482 0.0786384 0.409056 0.017486
0.539645 0.0100018 0.442684 0.00766957
0.000355405 0.000147234 0.999391 0.000106102
6.37205e-05 5.12119e-05 0.000272177 0.999613
0.0316307 0.00753795 0.95363 0.00720089
0.0229979 0.0121563 0.960604 0.00424224
0.000119165 0.00013323 0.000383269 0.999364
0.516557 0.0794055 0.375236 0.0288009
2.11654e-05 2.2515e-05 6.49922e-05 0.999891
0.17955 0.275414 0.524665 0.0203711
0.00221076 0.00256225 0.00341111 0.991816
6.80217e-05 6.62144e-05 0.000176045 0.99969
0.805703 0.0241179 0.153677 0.0165027
0.000755503 0.000372711 0.998611 0.000260297
0.062032 0.748798 0.177712 0.0114582
0.456621 0.419819 0.112021 0.0115382
0.000159307 0.000107486 0.000311153 0.999422
0.00143136 0.995804 0.00230691 0.000457311
0.00471272 0.00226791 0.991957 0.00106204
0.0619322 0.0239455 0.894617 0.0195057
0.000129275 3.05448e-05 0.999797 4.32427e-05
0.016286 0.976702 0.00539162 0.00162068
0.0250604 0.896469 0.0734051 0.00506527
0.181059 0.483636 0.311736 0.0235693
0.0487161 0.786027 0.157386 0.00787085
0.0260179 0.0236892 0.938149 0.0121433
0.73644 0.0552408 0.187637 0.0206824
0.0015519 0.99667 0.00135341 0.000424393
7.627e-05 8.72591e-05 0.000263913 0.999573
0.000123087 0.000159369 0.000683705 0.999034
3.75116e-05 2.61804e-05 6.44527e-05 0.999872
5.20022e-05 4.71026e-05 0.000162048 0.999739
0.0836262 0.0226155 0.885879 0.00787972
0.0295658 0.817822 0.14552 0.00709239
0.000306401 7.61149e-05 0.99955 6.7226e-05
0.000994446 0.000370345 0.998366 0.000269525
2.41464e-05 1.76442e-05 5.67016e-05 0.999902
0.00870105 0.97354 0.015546 0.0022126
0.00481682 0.00203483 0.992119 0.00102969
0.150187 0.499384 0.329285 0.0211437
0.000114508 0.000125566 0.000565179 0.999195
0.0757647 0.601876 0.310353 0.0120065
0.249995 0.133732 0.601062 0.0152113
0.000123202 0.000160528 0.000443264 0.999273
0.0116122 0.00209246 0.984648 0.00164714
0.0290523 0.0312977 0.935646 0.00400442
0.0423499 0.27873 0.668993 0.00992706
0.0385409 0.0169342 0.93868 0.00584466
0.0206045 0.00718876 0.968879 0.00332794
0.0261479 0.947875 0.0225107 0.00346629
0.0174611 0.00352059 0.977492 0.00152673
0.334926 0.189086 0.439857 0.0361311
0.00762847 0.980262 0.0104114 0.00169813
0.0248494 0.00560522 0.965773 0.00377218
0.00733683 0.00697611 0.984083 0.00160383
0.00053266 0.000193907 0.999089 0.000184206
0.0376894 0.84454 0.111373 0.0063978
0.154889 0.738334 0.0960482 0.0107294
0.239179 0.349409 0.379555 0.0318575
0.0286611 0.0221622 0.945252 0.00392448
0.00198838 0.000954588 0.996536 0.000520963
0.218826 0.435714 0.329569 0.0158919
0.00292293 0.00299151 0.99248 0.00160557
0.000585744 0.000515436 0.00206779 0.996831
0.0323985 0.00886434 0.955747 0.00298962
0.000115354 0.000109525 0.000275247 0.9995
0.00694427 0.00234755 0.989443 0.00126489
0.0352801 0.0705574 0.887716 0.00644691
0.000600652 0.000390317 0.00276666 0.996242
0.744787 0.128319 0.108115 0.0187786
0.0996678 0.0347166 0.847658 0.017958
0.0602311 0.889754 0.0439212 0.00609363
0.00273363 0.000883752 0.995821 0.000561868
0.0357574 0.0108866 0.948747 0.00460886
0.0928402 0.133257 0.764851 0.00905216
0.00111595 0.000662808 0.997759 0.000462058
0.00674615 0.00170266 0.990409 0.00114194
0.0108099 0.955597 0.0306392 0.00295379
0.000140223 9.28687e-05 0.000235755 0.999531
0.320483 0.117648 0.544695 0.017174
0.000252772 0.000193039 0.00132173 0.998232
0.0384712 0.0155902 0.941821 0.00411801
0.00617276 0.00698923 0.985236 0.00160199
6.51822e-05 6.90322e-05 0.000233352 0.999632
0.00118603 0.000646769 0.997851 0.000315843
0.00450243 0.00351092 0.990842 0.00114482
4.83843e-05 3.69129e-05 0.000206109 0.999709
0.000107931 0.000113565 0.000346335 0.999432
5.82593e-05 6.30708e-05 0.00022256 0.999656
9.46277e-05 0.000111445 0.000297252 0.999497
6.25245e-05 6.2273e-05 0.000200162 0.999675
0.0852034 0.0170938 0.88124 0.0164628
0.0319344 0.0106894 0.95239 0.0049865
0.0162528 0.0234438 0.95674 0.0035636
0.00825023 0.00200873 0.988436 0.00130536
0.712047 0.0508189 0.221746 0.015388
6.9108e-05 2.86561e-05 0.999872 3.06293e-05
0.789242 0.0578916 0.128722 0.0241443
0.038066 0.0260659 0.930289 0.00557883
6.21216e-05 7.25116e-05 0.000310569 0.999555
4.17479e-05 4.58417e-05 0.000136837 0.999776
0.0142359 0.052099 0.929794 0.00387057
0.00104564 0.0011268 0.00192368 0.995904
0.000209788 0.000199315 0.0011974 0.998393
0.0222107 0.747256 0.222948 0.0075855
4.40293e-05 4.11189e-05 0.000151532 0.999763
0.0012118 0.00123569 0.00263701 0.994915
0.0760896 0.531569 0.379965 0.0123761
0.0372861 0.635841 0.314587 0.012286
0.00790752 0.982415 0.00817461 0.00150321
0.110633 0.0251774 0.856879 0.0073099
0.074204 0.836349 0.0812704 0.00817635
0.271372 0.0764866 0.615899 0.0362427
0.00626854 0.0021654 0.990334 0.00123163
0.000106131 7.40134e-05 0.000350805 0.999469
9.87783e-05 0.000109802 0.00034787 0.999444
0.144051 0.0361931 0.812341 0.00741459
0.00331421 0.00207082 0.993454 0.00116138
0.00113313 0.00147465 0.00230258 0.99509
0.000107138 0.00010736 0.00038115 0.999404
0.000259508 0.00011491 0.999529 9.69996e-05
0.0267556 0.93677 0.0318081 0.00466648
0.00425218 0.00177038 0.993299 0.000678767
7.85592e-05 7.00694e-05 0.000242032 0.999609
0.261139 0.0795008 0.60929 0.0500707
0.00135654 0.000708751 0.997546 0.000388255
0.12414 0.0109738 0.859435 0.00545174
0.0916902 0.0145904 0.889502 0.00421728
0.747 0.0627064 0.181068 0.00922468
0.105226 0.015802 0.867907 0.0110648
0.024035 0.00415961 0.969777 0.00202864
0.0239737 0.00840837 0.961076 0.00654184
3.74152e-05 3.93411e-05 0.000133065 0.99979
0.345123 0.00821205 0.634317 0.0123481
0.00110328 0.000401686 0.99814 0.000355215
3.18953e-05 3.26827e-05 0.00011821 0.999817
0.0600663 0.163648 0.762514 0.0137716
0.00750361 0.981945 0.00885391 0.00169732
6.0977e-05 6.66467e-05 0.000305659 0.999567
0.70852 0.0148411 0.265632 0.011006
0.000212129 4.26777e-05 0.9997 4.50703e-05
0.158644 0.013465 0.820954 0.00693658
0.00097416 0.000524419 0.998131 0.000370774
0.0207844 0.0446093 0.929601 0.00500524
9.66793e-05 5.07528e-05 0.00015793 0.999695
0.00674106 0.00451676 0.987079 0.0016629
0.424556 0.0542542 0.50711 0.0140802
2.68981e-05 3.00474e-05 8.51521e-05 0.999858
0.000106636 0.000106024 0.00028202 0.999505
0.0260298 0.033391 0.935929 0.00464969
0.362154 0.338938 0.280453 0.0184546
0.000107079 0.000171093 0.000490236 0.999232
0.00518743 0.00213651 0.991721 0.00095471
0.484018 0.0363895 0.463777 0.0158148
0.0478189 0.0704566 0.873191 0.00853295
0.000948084 0.00054256 0.998229 0.000280071
0.0200557 0.0157374 0.960068 0.0041393
0.0348289 0.017213 0.943247 0.0047114
0.00178351 0.996069 0.00168101 0.000466757
0.0328702 0.953055 0.0111624 0.00291224
0.00267251 0.00245369 0.993763 0.00111061
0.02569 0.00628482 0.964216 0.00380906
0.000116647 0.000126302 0.000489067 0.999268
0.00525081 0.986177 0.00732673 0.00124492
0.116464 0.0777709 0.796676 0.00908975
0.00140602 0.000766552 0.997454 0.000373621
0.00674488 0.000863241 0.991501 0.000891157
0.0138279 0.00424902 0.979743 0.00218036
0.000431133 0.000626169 0.00220388 0.996739
0.00851321 0.0021272 0.988282 0.00107799
0.0569616 0.0302664 0.905893 0.00687855
0.0671509 0.0439244 0.873345 0.0155792
0.0765465 0.069508 0.840064 0.0138816
0.00522842 0.00187872 0.991954 0.000938734
0.00123775 0.00090474 0.00186793 0.99599
0.0599689 0.00504238 0.93207 0.00291877
0.129053 0.328811 0.522136 0.0200001
0.017866 0.00381884 0.975402 0.00291276
0.150924 0.0509152 0.772491 0.0256692
0.000127075 0.000158214 0.000529093 0.999186
5.89266e-05 6.01106e-05 0.000179326 0.999702
0.00120797 0.000474082 0.997968 0.000350271
0.00057138 0.000269431 0.998926 0.000233445
0.00141448 0.0010051 0.996888 0.000691987
0.249713 0.0333552 0.705038 0.0118935
0.000114682 0.00010901 0.00048677 0.99929
7.36514e-05 4.81896e-05 0.000221471 0.999657
0.123019 0.0404972 0.811362 0.0251217
0.0140289 0.973992 0.00982321 0.00215616
0.592367 0.0701877 0.304505 0.0329403
0.601897 0.140035 0.235814 0.0222534
0.238115 0.0989477 0.648899 0.014038
0.00853345 0.00125294 0.989146 0.00106791
0.0611036 0.14949 0.771588 0.0178185
0.0638213 0.0270327 0.88804 0.021106
0.0972292 0.815628 0.0761154 0.0110275
0.000389985 0.000474466 0.00157442 0.997561
0.100504 0.0200063 0.874633 0.00485679
0.00737949 0.00250162 0.988951 0.00116775
5.50926e-05 4.19507e-05 0.000171415 0.999731
0.000112482 0.000111241 0.000415684 0.999361
7.02737e-05 3.0683e-05 0.999868 3.11178e-05
0.202577 0.0143764 0.777384 0.00566316
0.001225 0.997163 0.00125306 0.000358528
0.054392 0.106584 0.83067 0.00835408
0.627585 0.26188 0.0809184 0.0296164
0.000125386 0.000121606 0.000265735 0.999487
0.000231566 0.000111284 0.00191632 0.997741
0.00181898 0.000858736 0.996792 0.000530431
0.0203888 0.00574284 0.968758 0.00511041
0.000137497 0.000160823 0.000626256 0.999075
0.000872884 0.000496131 0.998335 0.00029564
0.585232 0.0762074 0.298354 0.0402067
0.652864 0.177876 0.140079 0.0291808
0.0531016 0.099024 0.838355 0.00951957
0.0372449 0.914163 0.0422378 0.00635466
0.120221 0.56881 0.290617 0.0203512
5.68996e-05 5.73111e-05 0.000207227 0.999679
0.0788572 0.843706 0.0658535 0.0115833
0.821187 0.017498 0.146603 0.0147114
0.478206 0.402695 0.0977305 0.0213689
9.41046e-05 0.000103198 0.000382837 0.99942
0.000166692 0.000128603 0.000476316 0.999228
0.136155 0.0842437 0.765913 0.0136884
0.0695378 0.765791 0.15115 0.0135204
0.00411799 0.00208518 0.99299 0.000806677
9.1771e-05 9.18486e-05 0.000473241 0.999343
0.0383773 0.900317 0.0554159 0.00589015
0.0332222 0.00891446 0.95408 0.00378342
0.000116596 0.000145128 0.000501631 0.999237
0.0001139 0.000125742 0.000351739 0.999409
3.14875e-05 3.41925e-05 0.000107954 0.999826
0.0425172 0.0353985 0.915503 0.00658114
0.627816 0.0588021 0.296596 0.0167851
0.00152622 0.996422 0.00161497 0.000436569
0.000941267 0.000469076 0.998298 0.000291936
0.348338 0.0271903 0.614685 0.00978601
0.764452 0.0392205 0.17519 0.0211376
0.810491 0.0257832 0.150835 0.0128907
0.00564286 0.00363001 0.989556 0.00117089
3.07082e-05 1.86101e-05 5.1403e-05 0.999899
4.94774e-05 5.07788e-05 0.000145417 0.999754
7.31055e-05 3.47529e-05 0.999857 3.52125e-05
0.00128859 0.000976957 0.00201839 0.995716
0.00666516 0.985872 0.00605882 0.00140432
0.214494 0.0245426 0.750541 0.0104219
0.594008 0.0222414 0.365816 0.017934
9.0763e-05 0.000101911 0.000293404 0.999514
3.06189e-05 1.962e-05 8.22112e-05 0.999868
0.00732485 0.985932 0.00543978 0.00130358
0.0277697 0.0343151 0.932369 0.00554621
0.000156172 0.000111579 0.000512758 0.99922
0.00721177 0.0080799 0.983317 0.00139115
0.0473996 0.0149452 0.933161 0.00449422
0.00123454 0.00173758 0.00256367 0.994464
0.336683 0.0565191 0.593777 0.0130207
0.000121922 0.000132291 0.000551394 0.999194
0.000281591 0.000225873 0.000700377 0.998792
0.158191 0.283935 0.540897 0.0169773
7.0211e-05 7.28665e-05 0.000217339 0.99964
0.0594564 0.794715 0.136445 0.00938308
0.0183429 0.00683328 0.96991 0.00491344
0.740679 0.0363643 0.207058 0.0158981
0.000159148 0.000158596 0.000844086 0.998838
0.00243103 0.000631106 0.996505 0.000433068
0.0200064 0.013466 0.96322 0.00330752
0.0159588 0.0267361 0.953934 0.00337099
0.00132975 0.000970196 0.997064 0.000635708
0.000662989 0.000297109 0.998858 0.00018165
0.000617664 0.000505133 0.000954795 0.997922
0.00728979 0.984188 0.00709956 0.00142237
0.435964 0.0261327 0.523637 0.0142672
0.060648 0.00703311 0.923892 0.00842736
0.133236 0.0182681 0.842182 0.00631478
0.512569 0.0220658 0.44912 0.0162459
0.570423 0.0660497 0.351695 0.0118318
0.289858 0.275271 0.395772 0.0390988
0.00486704 0.965036 0.0285082 0.00158917
4.21765e-05 4.46365e-05 0.000141826 0.999771
0.00203681 0.000499763 0.997084 0.000379035
0.0546871 0.0296193 0.909429 0.00626474
0.00508129 0.00643681 0.987581 0.000900501
0.0706059 0.0166059 0.907667 0.00512087
0.0343344 0.928172 0.0332009 0.00429271
0.58348 0.0293569 0.37118 0.0159823
7.18691e-05 3.52824e-05 0.99986 3.289e-05
0.231651 0.706064 0.0510909 0.0111943
0.0131699 0.00818856 0.976659 0.00198213
0.609362 0.121744 0.237996 0.030898
0.00461236 0.00465558 0.98942 0.00131207
0.00050889 0.000471052 0.00178305 0.997237
0.0231955 0.0148715 0.958111 0.00382226
9.61228e-05 9.77861e-05 0.000554231 0.999252
0.277113 0.0304577 0.674274 0.0181551
0.000111251 0.000133816 0.000361059 0.999394
9.95892e-05 9.38742e-05 0.00033758 0.999469
0.000604009 0.000193422 0.999081 0.000121535
0.0246743 0.756661 0.211318 0.00734697
3.14433e-05 3.76129e-05 0.00016785 0.999763
0.00197236 0.00181748 0.995594 0.000616394
0.169508 0.0710415 0.736576 0.0228746
0.00149802 0.000451327 0.997777 0.000273958
0.0615289 0.017726 0.917221 0.00352464
0.029953 0.0133654 0.952152 0.0045296
0.00380772 0.00135241 0.994037 0.000802515
0.00212605 0.00254288 0.994672 0.000658942
0.0116222 0.00998926 0.975485 0.0029036
0.0384769 0.795575 0.158657 0.0072913
2.98338e-05 3.54894e-05 0.000284907 0.99965
0.0129939 0.00271869 0.982083 0.00220446
0.0862337 0.416168 0.484409 0.0131899
0.000224998 0.000187533 0.000641876 0.998946
0.0378107 0.0625392 0.893223 0.00642762
1.08628e-05 1.05055e-05 4.11375e-05 0.999938
0.00515599 0.00235123 0.991746 0.000747138
0.295975 0.146614 0.539279 0.0181318
0.000138303 0.000132602 0.000295975 0.999433
0.198145 0.264377 0.516658 0.0208198
0.0451175 0.0373267 0.906649 0.0109068
0.0113242 0.978194 0.00840311 0.00207823
0.054336 0.797938 0.138915 0.00881127
0.104839 0.0669259 0.803992 0.0242432
0.000138113 0.00010923 0.00071728 0.999035
0.0151246 0.976248 0.00675258 0.00187447
0.117483 0.00957834 0.862612 0.0103264
6.9954e-05 7.02301e-05 0.000206623 0.999653
0.0021329 0.00172835 0.995158 0.000980373
0.326039 0.103087 0.555039 0.015835
0.0315786 0.0143405 0.948632 0.00544935
0.218325 0.11008 0.658763 0.012833
0.0105439 0.00456694 0.983378 0.00151125
0.644847 0.119279 0.215498 0.0203759
0.220067 0.246883 0.489984 0.0430665
0.0602925 0.0124261 0.922025 0.00525603
8.65048e-05 8.83409e-05 0.00026639 0.999559
