0.298412 0.375406 0.250689 0.0754932
0.281474 0.0826128 0.571387 0.0645264
0.309937 0.276172 0.317576 0.0963153
8.71377e-07 1.35747e-06 4.67922e-06 0.999993
0.36369 0.234345 0.295425 0.106541
0.208496 0.0723514 0.661485 0.0576669
0.358189 0.223032 0.286229 0.13255
0.318598 0.240077 0.353511 0.0878137
0.356239 0.325343 0.243588 0.0748297
2.27999e-06 1.97411e-06 5.04402e-06 0.999991
1.02759e-06 1.11839e-06 2.20946e-06 0.999996
0.31666 0.307169 0.293369 0.0828028
0.392004 0.258213 0.222164 0.127619
1.95509e-06 1.80442e-06 4.45022e-06 0.999992
0.000102383 0.000123132 0.000380929 0.999394
1.48116e-05 9.02738e-06 3.23634e-05 0.999944
0.305396 0.131026 0.494159 0.0694196
0.325182 0.211636 0.391582 0.0715995
0.343342 0.377458 0.194001 0.0852001
0.34645 0.0927485 0.430599 0.130202
0.286011 0.249227 0.356458 0.108304
9.46804e-08 1.28288e-07 2.34147e-07 1
0.409898 0.226145 0.275616 0.0883407
6.02425e-07 4.89344e-07 3.12972e-06 0.999996
0.211492 0.167439 0.477598 0.143471
0.417317 0.24857 0.240299 0.0938134
2.46729e-05 2.56574e-05 5.09767e-05 0.999899
0.295984 0.306285 0.321582 0.0761482
0.334319 0.121742 0.456717 0.0872217
0.340334 0.355354 0.231022 0.0732895
9.9409e-06 9.02825e-06 2.23383e-05 0.999959
0.365387 0.298496 0.256692 0.0794253
0.225208 0.0783965 0.626953 0.0694423
0.396568 0.222204 0.236487 0.144741
0.374653 0.18074 0.332701 0.111905
0.358534 0.28928 0.266041 0.0861448
0.381257 0.279272 0.237082 0.102389
5.99705e-07 5.00746e-07 1.72854e-06 0.999997
0.40982 0.267958 0.217508 0.104713
6.36338e-06 5.51921e-06 1.2108e-05 0.999976
4.26539e-05 4.37612e-05 0.000100486 0.999813
0.230683 0.141112 0.537503 0.0907018
4.1829e-07 5.8373e-07 1.24774e-06 0.999998
5.31326e-06 5.15413e-06 1.75992e-05 0.999972
0.350297 0.0839281 0.458673 0.107101
0.310194 0.226659 0.338921 0.124226
0.241527 0.236026 0.425812 0.0966345
0.336661 0.198238 0.321172 0.143929
0.347292 0.122015 0.448196 0.0824972
0.240617 0.107336 0.572944 0.0791028
0.322124 0.210919 0.360894 0.106062
0.338221 0.272397 0.255127 0.134254
0.282721 0.246552 0.371904 0.0988235
0.357832 0.118361 0.418085 0.105721
0.372972 0.278117 0.273423 0.075488
0.367887 0.274003 0.235729 0.122382
0.22475 0.138095 0.537841 0.0993148
9.78483e-06 1.62487e-05 2.98562e-05 0.999944
0.35715 0.155386 0.400365 0.0870987
0.292101 0.384928 0.242062 0.0809092
0.320725 0.323568 0.286131 0.069577
0.320187 0.407643 0.193252 0.0789178
4.49002e-06 3.14693e-06 1.23644e-05 0.99998
0.318995 0.25121 0.363943 0.0658524
1.13207e-06 1.08561e-06 2.83596e-06 0.999995
0.404319 0.25783 0.245953 0.0918975
0.293799 0.334881 0.284789 0.0865317
0.366203 0.368552 0.205276 0.059968
0.292323 0.344462 0.277617 0.0855983
0.299828 0.120023 0.49982 0.0803287
0.30482 0.398323 0.213796 0.0830607
0.318094 0.274165 0.33673 0.0710105
0.343263 0.217058 0.287223 0.152456
3.42989e-06 3.14221e-06 5.29592e-06 0.999988
0.360034 0.185211 0.329646 0.125108
0.363077 0.141373 0.372015 0.123535
4.20557e-06 3.14383e-06 1.27676e-05 0.99998
1.69601e-06 2.20988e-06 4.95147e-06 0.999991
0.394439 0.191432 0.29271 0.12142
0.372411 0.224917 0.259869 0.142802
0.397806 0.292821 0.205083 0.10429
0.297765 0.263719 0.320853 0.117663
0.350164 0.312153 0.243916 0.0937673
0.304446 0.389391 0.22274 0.0834232
0.228472 0.236715 0.429738 0.105075
1.05226e-06 1.90732e-06 4.78093e-06 0.999992
9.24154e-06 5.80221e-06 2.58276e-05 0.999959
8.74342e-05 0.000102577 0.000725777 0.999084
0.356008 0.295347 0.27075 0.0778939
0.27476 0.121559 0.54113 0.0625504
3.11764e-05 4.2882e-05 7.78396e-05 0.999848
0.321333 0.130539 0.421324 0.126804
0.329468 0.217423 0.308136 0.144973
0.323945 0.222438 0.340287 0.113329
7.49791e-07 9.31978e-07 3.15224e-06 0.999995
2.7385e-06 3.30862e-06 1.07685e-05 0.999983
1.20551e-06 1.04846e-06 3.9318e-06 0.999994
0.382577 0.202195 0.317607 0.0976208
6.06499e-07 5.79232e-07 4.51066e-06 0.999994
0.272259 0.18006 0.397828 0.149853
0.313026 0.317947 0.281172 0.0878548
0.253663 0.0904882 0.543725 0.112124
0.305374 0.346446 0.277451 0.0707292
7.80825e-07 7.36125e-07 2.16925e-06 0.999996
3.39743e-05 4.04775e-05 8.13721e-05 0.999844
7.05591e-06 7.39223e-06 2.72296e-05 0.999958
1.12787e-06 1.12946e-06 3.09602e-06 0.999995
6.64424e-07 6.02713e-07 1.66095e-06 0.999997
0.000712777 0.000598496 0.00114795 0.997541
0.300884 0.127875 0.517922 0.0533188
1.8146e-05 1.80407e-05 4.96555e-05 0.999914
0.373736 0.36011 0.202957 0.0631967
0.244812 0.0581686 0.629617 0.0674022
0.345668 0.187743 0.373965 0.0926242
0.326602 0.235867 0.333101 0.104429
0.42056 0.174721 0.289075 0.115645
0.233677 0.0948015 0.60837 0.0631517
0.25818 0.233269 0.410186 0.098364
0.284402 0.127157 0.522336 0.066105
0.335988 0.0836676 0.452866 0.127478
0.375248 0.259573 0.288024 0.0771552
2.32143e-05 2.80831e-05 4.78771e-05 0.999901
2.72952e-05 2.17284e-05 4.38138e-05 0.999907
0.376662 0.216559 0.277823 0.128956
0.000564017 0.000632758 0.00126381 0.997539
1.99377e-06 2.51956e-06 6.19386e-06 0.999989
5.85667e-07 4.2136e-07 2.75272e-06 0.999996
0.307429 0.227431 0.343895 0.121245
0.355356 0.208729 0.358097 0.0778174
0.206423 0.26456 0.451323 0.0776935
0.312066 0.357985 0.243882 0.0860674
0.297289 0.119902 0.501866 0.0809441
0.372368 0.319404 0.244974 0.0632543
2.35911e-06 2.5633e-06 1.0953e-05 0.999984
0.373244 0.262409 0.263946 0.100401
4.89399e-06 5.84339e-06 1.15852e-05 0.999978
1.40971e-06 1.1429e-06 4.84309e-06 0.999993
0.302364 0.13242 0.447698 0.117518
0.359469 0.289553 0.268983 0.0819946
0.413975 0.214571 0.30012 0.0713334
0.374907 0.296778 0.255926 0.0723896
0.325098 0.267766 0.33549 0.0716461
0.227656 0.0667583 0.649144 0.056441
0.308151 0.108634 0.494341 0.0888746
0.200508 0.14376 0.559353 0.0963785
0.343193 0.370939 0.206996 0.078873
0.377071 0.364307 0.187862 0.0707603
0.00016323 0.000100655 0.000133907 0.999602
0.31588 0.365224 0.241908 0.0769878
0.40529 0.252746 0.257664 0.0843004
0.354357 0.258927 0.251059 0.135657
0.328929 0.305351 0.253669 0.112051
1.93481e-07 2.98337e-07 6.78336e-07 0.999999
0.350845 0.257523 0.319406 0.0722267
0.343879 0.295341 0.278268 0.0825114
0.28119 0.0781512 0.57448 0.066179
0.328251 0.239657 0.331911 0.100181
0.369767 0.280284 0.263329 0.0866206
0.337046 0.209542 0.309786 0.143627
0.389411 0.257477 0.268108 0.0850037
0.325102 0.269199 0.312098 0.093601
0.359293 0.171338 0.378404 0.0909646
0.377797 0.275208 0.261165 0.0858295
0.313655 0.343024 0.269549 0.0737716
0.27843 0.192237 0.419705 0.109628
0.321016 0.362234 0.227365 0.0893855
0.382487 0.295826 0.233113 0.0885742
0.274154 0.183129 0.439043 0.103675
0.329717 0.348506 0.244679 0.0770975
1.50895e-06 1.61419e-06 3.2752e-06 0.999994
0.282125 0.119712 0.538239 0.0599234
0.369286 0.32483 0.245352 0.0605319
0.349043 0.298056 0.274486 0.0784152
0.366515 0.213144 0.290992 0.129349
3.84682e-05 1.20301e-05 5.99792e-05 0.999889
0.349678 0.301972 0.264597 0.0837535
0.311311 0.1127 0.489776 0.0862125
0.388821 0.24779 0.263545 0.0998447
5.18962e-06 4.99881e-06 1.35423e-05 0.999976
9.6272e-06 1.5413e-05 1.83704e-05 0.999957
0.388571 0.234649 0.293649 0.0831309
2.66418e-06 3.9002e-06 1.07075e-05 0.999983
0.418644 0.151442 0.284041 0.145873
4.93817e-07 5.93994e-07 1.18337e-06 0.999998
0.278461 0.162669 0.47846 0.0804099
0.317781 0.280014 0.331261 0.0709441
0.416777 0.231939 0.258922 0.0923611
0.258991 0.119748 0.570704 0.0505574
0.286899 0.242455 0.373077 0.0975687
0.345586 0.357158 0.210743 0.0865129
0.000335368 0.000409863 0.000804652 0.99845
1.04633e-06 9.63932e-07 3.4773e-06 0.999995
0.25353 0.25228 0.396101 0.0980888
0.384341 0.324698 0.224236 0.066725
0.410518 0.286111 0.236862 0.0665082
0.37301 0.11175 0.40597 0.109269
0.249728 0.110373 0.542826 0.0970727
0.396137 0.236196 0.271331 0.0963359
2.21452e-07 3.51825e-07 7.3163e-07 0.999999
0.416013 0.192634 0.297322 0.0940307
4.39384e-05 2.396e-05 9.4341e-05 0.999838
0.393774 0.274307 0.241542 0.0903768
0.327897 0.170174 0.39881 0.103119
0.373637 0.140868 0.402097 0.083398
0.387666 0.241483 0.268845 0.102006
1.9205e-06 2.66567e-06 4.72066e-06 0.999991
0.326626 0.311243 0.274017 0.0881139
0.305421 0.241138 0.357901 0.0955408
0.37298 0.140546 0.342447 0.144028
0.368959 0.343574 0.220239 0.0672268
0.306356 0.234055 0.358195 0.101394
0.305472 0.217949 0.368895 0.107684
1.73037e-06 1.93857e-06 6.35616e-06 0.99999
0.305712 0.344135 0.265307 0.0848457
0.226007 0.16132 0.520145 0.0925281
0.379813 0.312545 0.234004 0.0736382
0.390163 0.381129 0.176066 0.0526421
0.422362 0.304369 0.216674 0.0565956
0.361767 0.309777 0.223718 0.104738
0.35967 0.13732 0.393726 0.109285
0.00277679 0.00265719 0.0037318 0.990834
0.35674 0.134281 0.413778 0.0952013
3.44482e-07 5.05046e-07 1.32981e-06 0.999998
0.426613 0.233186 0.243454 0.0967466
0.309989 0.282499 0.315005 0.0925076
3.92218e-07 5.93358e-07 2.50706e-06 0.999997
2.57499e-06 2.13815e-06 8.36941e-06 0.999987
0.348933 0.32254 0.244096 0.0844315
0.327139 0.199448 0.369412 0.104
0.304281 0.269094 0.333964 0.0926607
0.396512 0.210329 0.27117 0.121988
0.342653 0.0967637 0.440961 0.119623
2.97732e-07 2.43955e-07 1.74941e-06 0.999998
0.28748 0.291482 0.317878 0.10316
0.296725 0.198373 0.404649 0.100253
7.56008e-07 1.01907e-06 3.70763e-06 0.999995
0.36834 0.224308 0.288029 0.119323
0.296256 0.122042 0.484851 0.0968497
0.312573 0.391965 0.220022 0.0754407
0.388937 0.13672 0.350285 0.124058
0.00207557 0.00205101 0.00329404 0.992579
0.400768 0.19918 0.275095 0.124958
0.323729 0.188394 0.382859 0.105019
1.35715e-06 8.40323e-07 5.29026e-06 0.999992
5.56301e-07 1.01076e-06 1.69162e-06 0.999997
3.25882e-07 4.22183e-07 1.03645e-06 0.999998
0.38528 0.277346 0.253485 0.0838894
0.30416 0.275197 0.337148 0.0834944
0.397387 0.274844 0.217358 0.11041
0.275053 0.267344 0.362044 0.0955595
0.419448 0.23277 0.240962 0.10682
0.321298 0.141121 0.449901 0.0876806
1.05649e-05 1.16567e-05 2.31835e-05 0.999955
0.252786 0.210627 0.452817 0.0837704
0.000104977 9.96119e-05 0.00038504 0.99941
7.41192e-07 8.60252e-07 3.35661e-06 0.999995
0.348044 0.254581 0.327003 0.0703714
0.359604 0.210267 0.328361 0.101768
0.313365 0.0958868 0.51211 0.0786377
0.335121 0.430429 0.168771 0.0656789
0.379388 0.252725 0.263952 0.103934
2.94568e-08 5.95988e-08 1.27096e-07 1
0.300059 0.23335 0.364451 0.102141
0.322668 0.378425 0.221105 0.0778032
0.335549 0.128753 0.42776 0.107938
0.324756 0.236613 0.33955 0.0990809
0.40233 0.102869 0.408911 0.0858901
0.299832 0.351581 0.27035 0.0782368
1.73217e-05 1.22087e-05 3.15503e-05 0.999939
0.447706 0.202018 0.232068 0.118208
0.381336 0.339862 0.22173 0.057073
0.414674 0.196162 0.263284 0.12588
0.32005 0.15625 0.444415 0.0792839
1.06053e-06 1.13629e-06 2.73919e-06 0.999995
0.383053 0.248219 0.281729 0.0869981
0.37746 0.156732 0.37541 0.0903984
0.224482 0.12527 0.542009 0.108239
0.320546 0.143207 0.423931 0.112317
0.00047562 0.000536183 0.000812901 0.998175
0.341023 0.105212 0.470669 0.0830958
0.352814 0.223729 0.355568 0.0678883
0.25579 0.113429 0.560683 0.0700975
0.349329 0.311931 0.270579 0.0681614
0.401762 0.225911 0.269494 0.102833
0.404087 0.237967 0.260258 0.0976883
4.71516e-07 6.5281e-07 2.27601e-06 0.999997
0.403377 0.279079 0.242002 0.075542
1.39109e-06 1.40415e-06 4.76108e-06 0.999992
0.29514 0.345921 0.279396 0.0795426
7.23588e-07 7.23363e-07 1.89395e-06 0.999997
0.282308 0.269704 0.355485 0.0925033
0.318204 0.229262 0.358215 0.0943187
0.386028 0.247046 0.249718 0.117209
0.297173 0.144663 0.483505 0.0746587
0.384557 0.208708 0.256363 0.150372
9.06962e-06 7.92294e-06 2.02726e-05 0.999963
0.411533 0.304461 0.21833 0.0656761
0.296292 0.264565 0.348794 0.0903495
0.368725 0.282203 0.274359 0.0747132
2.54882e-06 2.33043e-06 6.07675e-06 0.999989
0.345949 0.309298 0.271568 0.0731853
0.315952 0.367666 0.233767 0.0826155
0.343805 0.229122 0.3025 0.124573
0.335949 0.256209 0.328234 0.0796087
0.361377 0.286718 0.248725 0.103181
0.218153 0.187449 0.476291 0.118107
0.298278 0.189155 0.367055 0.145512
0.301099 0.123897 0.46966 0.105344
9.05182e-07 1.43861e-06 4.26863e-06 0.999993
0.329791 0.328449 0.280036 0.0617232
0.260317 0.172002 0.392738 0.174943
0.314134 0.173239 0.412712 0.0999148
0.230352 0.17701 0.507345 0.085293
0.382988 0.261682 0.234612 0.120717
0.339388 0.161413 0.393481 0.105717
0.295514 0.330646 0.286553 0.087287
0.302398 0.282408 0.32533 0.0898638
0.42313 0.184799 0.267812 0.124259
0.418325 0.220386 0.254106 0.107183
0.280679 0.105021 0.539459 0.0748409
0.390174 0.23205 0.277041 0.100735
5.65213e-06 5.00403e-06 1.60608e-05 0.999973
0.341458 0.332076 0.248098 0.0783681
2.27722e-06 3.13779e-06 1.24637e-05 0.999982
0.406421 0.159073 0.319847 0.114659
0.328565 0.180666 0.380382 0.110386
1.16095e-05 1.37012e-05 2.14708e-05 0.999953
0.197552 0.315995 0.405424 0.0810289
0.334047 0.32331 0.244469 0.098174
1.68003e-06 1.45843e-06 4.83054e-06 0.999992
0.359174 0.267902 0.283784 0.0891398
0.316127 0.374952 0.236276 0.0726442
0.332915 0.162783 0.430946 0.0733555
4.08676e-06 4.27387e-06 7.49511e-06 0.999984
0.118346 0.0603579 0.759639 0.061657
0.289749 0.345197 0.280356 0.0846976
0.00068074 0.000612646 0.00109084 0.997616
8.27747e-05 7.78117e-05 0.000638534 0.999201
0.32277 0.302039 0.289057 0.0861341
2.67843e-05 3.94227e-05 7.98449e-05 0.999854
0.330421 0.315939 0.269158 0.0844825
7.71148e-05 9.41935e-05 0.00042182 0.999407
0.000105532 5.03541e-05 7.62803e-05 0.999768
0.39494 0.289627 0.246984 0.068449
0.308706 0.128711 0.456837 0.105745
0.197228 0.119831 0.595183 0.0877582
3.81458e-06 5.15346e-06 1.60478e-05 0.999975
0.372968 0.265519 0.256624 0.10489
0.367855 0.317802 0.232966 0.0813762
0.222665 0.173868 0.519239 0.084228
2.01951e-06 1.61446e-06 4.93898e-06 0.999991
0.390968 0.242473 0.279987 0.0865718
0.370234 0.277102 0.213383 0.13928
0.355467 0.31947 0.231014 0.0940492
2.37055e-06 2.61157e-06 5.14371e-06 0.99999
0.312312 0.323017 0.277782 0.0868887
0.275369 0.181279 0.367742 0.17561
0.373924 0.303349 0.233008 0.089719
1.40268e-05 8.90007e-06 2.77082e-05 0.999949
0.361912 0.298629 0.260855 0.0786033
2.05943e-06 2.15289e-06 5.32181e-06 0.99999
0.211044 0.217388 0.4881 0.0834683
0.341829 0.226648 0.324739 0.106784
0.310175 0.243002 0.348256 0.0985674
7.77487e-08 1.28477e-07 2.55105e-07 1
0.398718 0.341866 0.197381 0.0620348
0.407302 0.179919 0.274173 0.138606
0.386108 0.255864 0.228661 0.129368
7.34176e-06 1.31495e-05 3.12268e-05 0.999948
0.310694 0.251152 0.346425 0.0917284
0.230813 0.073572 0.622044 0.0735708
0.115542 0.109378 0.69494 0.0801396
0.253235 0.130205 0.540592 0.0759683
0.321696 0.158713 0.42132 0.0982714
0.309477 0.320819 0.282435 0.0872691
0.294707 0.252196 0.376052 0.0770446
0.322001 0.364044 0.238274 0.0756803
0.368153 0.385112 0.185863 0.0608725
0.287431 0.239286 0.359044 0.114238
0.404813 0.0729333 0.425661 0.0965929
0.275532 0.171218 0.483913 0.0693371
0.297843 0.207833 0.371186 0.123138
2.16674e-05 1.24341e-05 6.03867e-05 0.999905
0.292071 0.196899 0.385499 0.125532
0.34909 0.231368 0.333492 0.0860498
0.325712 0.333646 0.263514 0.0771293
0.180564 0.25281 0.481988 0.084638
0.283679 0.25803 0.359579 0.0987116
0.313401 0.134209 0.455997 0.0963935
3.32751e-06 3.61217e-06 8.43235e-06 0.999985
0.348963 0.224434 0.340291 0.0863119
0.321261 0.298656 0.270022 0.110061
0.132609 0.0847031 0.707849 0.0748387
0.33484 0.292517 0.285692 0.0869503
0.396396 0.210733 0.289521 0.103351
0.3522 0.255747 0.290073 0.101981
1.86395e-06 1.45356e-06 4.82326e-06 0.999992
7.11927e-06 6.02726e-06 1.8896e-05 0.999968
0.344645 0.21854 0.313191 0.123624
0.374256 0.188019 0.293798 0.143927
0.330374 0.140147 0.430687 0.0987931
0.412214 0.241326 0.229435 0.117024
0.367213 0.28361 0.251779 0.0973984
4.0581e-06 3.2742e-06 1.63336e-05 0.999976
0.336599 0.214326 0.353834 0.0952407
0.316631 0.278388 0.296624 0.108357
0.328164 0.139005 0.428944 0.103888
0.407574 0.196617 0.281881 0.113929
0.332274 0.116911 0.373787 0.177028
0.3288 0.294764 0.304734 0.0717009
0.339392 0.359195 0.21409 0.0873222
0.343137 0.246197 0.334659 0.0760072
3.84813e-06 2.9046e-06 8.00134e-06 0.999985
3.90779e-05 3.45189e-05 6.83159e-05 0.999858
0.266547 0.142908 0.512301 0.0782437
0.340422 0.338011 0.238839 0.0827285
0.353 0.33086 0.244264 0.0718756
0.227747 0.0792629 0.632217 0.0607735
0.382264 0.263654 0.255912 0.0981701
3.25565e-05 3.02577e-05 0.000130053 0.999807
1.73242e-05 1.90578e-05 4.75601e-05 0.999916
0.357113 0.27996 0.285055 0.0778727
0.354901 0.15504 0.398239 0.0918206
0.362206 0.178214 0.382899 0.0766811
0.339439 0.328711 0.229411 0.102439
0.000658405 0.000713026 0.00129215 0.997336
3.00386e-06 3.98504e-06 6.54315e-06 0.999986
7.10517e-05 8.83926e-05 0.000339731 0.999501
1.93676e-05 2.65468e-05 5.0514e-05 0.999904
0.317739 0.158307 0.410345 0.113609
0.307627 0.322362 0.307658 0.0623529
0.323 0.325484 0.258024 0.0934919
0.360993 0.126645 0.364798 0.147564
0.42731 0.20611 0.266512 0.100068
0.38663 0.277832 0.254725 0.0808139
0.289104 0.24704 0.377309 0.0865458
0.331934 0.235414 0.332568 0.100084
0.227426 0.0816583 0.625083 0.0658321
0.317207 0.329806 0.2774 0.0755873
0.34038 0.254794 0.316938 0.0878876
3.4707e-05 4.3088e-05 8.93039e-05 0.999833
0.371326 0.280978 0.230917 0.116779
0.299522 0.354819 0.279472 0.0661863
0.377173 0.266669 0.248794 0.107364
0.320346 0.143879 0.443998 0.0917772
1.49166e-06 1.01781e-06 3.06201e-06 0.999994
0.366367 0.183237 0.375889 0.074507
1.36219e-06 1.84537e-06 5.94552e-06 0.999991
0.276335 0.342471 0.284285 0.0969091
0.391272 0.276947 0.242548 0.0892333
0.366236 0.126419 0.404619 0.102726
0.233381 0.229873 0.422759 0.113987
1.56487e-06 2.16889e-06 3.41865e-06 0.999993
0.325008 0.195449 0.37393 0.105614
0.315266 0.255015 0.342001 0.0877172
0.329201 0.141422 0.422528 0.106848
0.399644 0.14255 0.30389 0.153915
0.365847 0.313456 0.231894 0.0888027
0.354818 0.140024 0.395422 0.109737
0.293649 0.355818 0.252491 0.0980423
0.293641 0.26941 0.367619 0.0693299
0.43302 0.201474 0.262734 0.102772
0.317955 0.200587 0.336621 0.144837
0.318763 0.374416 0.220525 0.0862952
0.324516 0.355953 0.246785 0.0727452
0.341959 0.216377 0.331095 0.110569
1.40323e-06 1.45748e-06 3.62325e-06 0.999994
0.257564 0.0882966 0.586861 0.067278
0.336348 0.245781 0.312453 0.105417
6.00276e-07 8.95187e-07 1.74985e-06 0.999997
0.397878 0.201862 0.266317 0.133943
0.264218 0.154967 0.525811 0.0550048
0.347209 0.333486 0.222907 0.0963974
0.304026 0.252181 0.349999 0.0937935
0.309831 0.194274 0.398419 0.097476
0.366733 0.206438 0.287608 0.139221
1.5309e-05 1.57747e-05 2.94065e-05 0.99994
0.223408 0.183819 0.503322 0.0894505
0.332074 0.176856 0.434478 0.0565924
1.1053e-05 7.16921e-06 2.66379e-05 0.999955
0.325712 0.178091 0.330806 0.165392
0.271381 0.0854593 0.574566 0.068594
0.355579 0.309568 0.240147 0.0947064
0.309232 0.217093 0.359907 0.113768
8.80808e-06 8.03992e-06 1.44367e-05 0.999969
0.301572 0.333356 0.29252 0.0725527
0.286482 0.21438 0.396978 0.10216
1.58034e-05 1.14532e-05 2.34673e-05 0.999949
0.34533 0.203218 0.377269 0.0741831
0.335343 0.309331 0.287522 0.0678043
0.395858 0.253984 0.269008 0.0811499
0.286301 0.334741 0.289829 0.0891288
0.316915 0.291836 0.297093 0.0941565
0.317106 0.277212 0.327619 0.0780637
4.5643e-06 3.41088e-06 1.02907e-05 0.999982
0.383274 0.350611 0.208263 0.0578522
2.58641e-05 3.10087e-05 5.27138e-05 0.99989
1.60614e-07 3.18881e-07 1.10743e-06 0.999998
0.38423 0.339233 0.219461 0.0570751
0.350357 0.300141 0.257924 0.0915776
0.341288 0.130689 0.393243 0.134781
0.321034 0.418891 0.186753 0.073321
0.295633 0.123864 0.477064 0.103439
0.250314 0.181958 0.471756 0.095971
0.367819 0.269054 0.267588 0.0955392
4.10769e-06 4.25705e-06 1.20256e-05 0.99998
0.320276 0.368532 0.232413 0.0787789
1.88795e-06 2.01535e-06 6.87921e-06 0.999989
0.335188 0.225195 0.357484 0.0821326
0.409735 0.195874 0.266907 0.127484
0.379206 0.289734 0.221897 0.109163
0.302426 0.0838758 0.534569 0.0791297
2.69798e-05 2.47844e-05 0.000131345 0.999817
0.350923 0.159189 0.378873 0.111014
0.315302 0.378746 0.213178 0.0927742
4.93388e-07 7.13496e-07 2.17579e-06 0.999997
0.306182 0.329184 0.275548 0.0890864
0.320743 0.340121 0.25857 0.0805656
0.323504 0.142352 0.440793 0.0933506
0.295713 0.345967 0.277576 0.0807438
0.359922 0.294974 0.236195 0.108909
0.178063 0.128105 0.611172 0.0826603
0.340882 0.202042 0.347157 0.109919
0.347596 0.207797 0.300668 0.143939
0.366937 0.294084 0.264574 0.0744042
0.387655 0.306601 0.232705 0.0730399
0.000359897 0.000390786 0.000676972 0.998572
0.334173 0.410505 0.184803 0.0705191
0.385933 0.248913 0.29031 0.074845
0.421016 0.234818 0.243572 0.100594
0.340749 0.129285 0.437298 0.0926676
3.05852e-06 3.63718e-06 1.23042e-05 0.999981
0.243776 0.0563667 0.583858 0.116
0.23102 0.121758 0.554769 0.0924533
8.65483e-07 9.96078e-07 2.61017e-06 0.999995
0.375426 0.220216 0.252177 0.152181
2.66843e-06 4.44668e-06 1.27455e-05 0.99998
0.331563 0.247132 0.30936 0.111945
2.71744e-05 3.12164e-05 6.06392e-05 0.999881
2.52955e-07 6.56722e-07 8.50941e-07 0.999998
0.41601 0.1555 0.310916 0.117574
0.332485 0.090859 0.509409 0.0672467
0.279939 0.186841 0.356041 0.17718
0.375272 0.359671 0.198548 0.0665088
8.35981e-06 6.79322e-06 2.11808e-05 0.999964
0.301159 0.403591 0.206891 0.0883598
0.345741 0.120949 0.443996 0.089314
0.382009 0.241299 0.246292 0.1304
0.334558 0.270456 0.300936 0.0940505
0.33832 0.264892 0.261508 0.13528
0.254536 0.234877 0.355854 0.154733
0.366152 0.22443 0.275041 0.134378
0.273046 0.181048 0.389259 0.156648
0.41786 0.237342 0.226275 0.118522
0.387114 0.223676 0.257297 0.131913
0.304746 0.318317 0.293421 0.0835163
3.64718e-06 3.70288e-06 1.22183e-05 0.99998
6.49329e-07 5.842e-07 2.90013e-06 0.999996
6.6658e-07 8.69562e-07 2.93241e-06 0.999996
8.70086e-07 6.75871e-07 3.57008e-06 0.999995
0.332493 0.160857 0.405575 0.101075
0.341602 0.335913 0.232601 0.0898838
0.367086 0.348598 0.224026 0.0602904
0.335542 0.284925 0.307035 0.0724977
1.03405e-05 6.57848e-06 1.84919e-05 0.999965
0.364609 0.339511 0.222701 0.0731799
0.216551 0.139925 0.552869 0.090655
0.294831 0.222011 0.349886 0.133273
7.59625e-07 8.59889e-07 3.86546e-06 0.999995
0.34611 0.306772 0.263623 0.083494
0.335544 0.307324 0.276068 0.0810639
8.09674e-06 6.23241e-06 1.47639e-05 0.999971
0.337488 0.15805 0.394545 0.109918
0.35882 0.363023 0.217925 0.0602324
0.344667 0.217841 0.355998 0.0814938
0.299776 0.153015 0.453119 0.0940899
0.27606 0.132573 0.483146 0.10822
0.312326 0.381514 0.231082 0.0750778
0.221755 0.0663988 0.648997 0.0628496
0.338314 0.321489 0.236469 0.103729
0.280914 0.328626 0.313887 0.0765738
0.400936 0.192583 0.288074 0.118407
0.258993 0.147917 0.533358 0.0597316
0.352968 0.309287 0.255735 0.0820099
0.2743 0.23232 0.365891 0.127488
0.348726 0.292607 0.282416 0.0762514
0.338574 0.324223 0.241727 0.0954752
0.309192 0.151191 0.462581 0.077037
0.312683 0.131879 0.487871 0.0675671
0.347825 0.270739 0.302526 0.07891
0.204648 0.271653 0.445365 0.0783339
1.17966e-05 1.3876e-05 8.03701e-05 0.999894
0.24351 0.109955 0.577043 0.0694924
1.10298e-06 1.77752e-06 4.27265e-06 0.999993
0.247963 0.191632 0.460853 0.0995525
0.313384 0.216041 0.381016 0.0895596
4.12203e-05 1.60019e-05 0.000103735 0.999839
0.313846 0.160311 0.441658 0.0841856
0.456575 0.19251 0.238567 0.112348
0.322253 0.231048 0.356782 0.0899168
0.273626 0.112439 0.556113 0.0578222
0.200066 0.072846 0.65259 0.074498
0.364986 0.35981 0.206738 0.0684661
0.350843 0.238978 0.309991 0.100189
0.367203 0.113487 0.422953 0.0963569
0.329873 0.26932 0.305363 0.0954433
1.29584e-05 8.63648e-06 2.50798e-05 0.999953
0.396955 0.214444 0.301184 0.0874171
4.6987e-06 4.64822e-06 1.44861e-05 0.999976
0.272494 0.0910575 0.572913 0.0635356
0.31281 0.213624 0.378019 0.0955472
2.8635e-06 3.18634e-06 5.70215e-06 0.999988
0.330131 0.293511 0.313429 0.0629298
0.266817 0.138085 0.522176 0.0729222
5.98171e-06 5.08588e-06 1.38786e-05 0.999975
6.46652e-07 7.69953e-07 1.61999e-06 0.999997
4.85691e-07 5.34571e-07 1.43899e-06 0.999997
2.23565e-06 2.14714e-06 5.41575e-06 0.99999
1.5906e-07 2.20773e-07 8.00941e-07 0.999999
0.375977 0.177912 0.299329 0.146782
0.327947 0.164025 0.407439 0.100589
0.285993 0.305539 0.33332 0.0751491
0.409877 0.187407 0.295281 0.107436
0.433469 0.224596 0.216941 0.124994
0.321021 0.222947 0.362626 0.0934062
0.39931 0.187843 0.255757 0.15709
0.22969 0.147613 0.531643 0.0910539
2.98986e-06 5.53824e-06 1.48603e-05 0.999977
4.18018e-07 6.12442e-07 1.26563e-06 0.999998
0.308577 0.129252 0.490834 0.0713377
2.88906e-05 3.41404e-05 5.90763e-05 0.999878
2.63718e-06 2.55678e-06 1.0717e-05 0.999984
0.271452 0.290707 0.346792 0.0910492
2.90826e-06 1.82385e-06 4.81213e-06 0.99999
1.91086e-05 2.48655e-05 4.89151e-05 0.999907
0.271603 0.199008 0.361774 0.167615
0.355849 0.369604 0.204893 0.0696538
0.300553 0.318769 0.31136 0.0693187
0.321684 0.278578 0.324217 0.0755204
0.311307 0.233808 0.361418 0.0934674
0.355412 0.250946 0.252199 0.141444
0.177278 0.0655087 0.703201 0.0540123
9.79088e-05 5.06923e-05 8.76803e-05 0.999764
1.2854e-06 1.40263e-06 3.6091e-06 0.999994
0.422471 0.190439 0.299448 0.0876423
0.263756 0.119293 0.49861 0.118341
2.82464e-05 3.79172e-05 6.43064e-05 0.999869
2.41345e-06 2.97216e-06 6.17193e-06 0.999988
0.320724 0.240782 0.327838 0.110657
0.331943 0.333162 0.247575 0.0873199
0.38653 0.295764 0.248417 0.0692889
1.97569e-05 1.46223e-05 5.39387e-05 0.999912
0.331708 0.195019 0.339681 0.133592
0.35624 0.136471 0.421744 0.0855452
0.325178 0.214726 0.383637 0.0764597
0.394114 0.234048 0.277309 0.0945284
0.343363 0.278436 0.310793 0.0674085
0.398888 0.275023 0.230826 0.0952635
0.349185 0.209026 0.330812 0.110977
0.441661 0.187292 0.249506 0.121541
1.18968e-06 1.37626e-06 3.43258e-06 0.999994
0.412728 0.143378 0.2818 0.162094
0.356389 0.266177 0.296011 0.0814234
6.44151e-07 8.20496e-07 2.0523e-06 0.999996
0.275436 0.19668 0.422808 0.105076
0.283315 0.364876 0.28443 0.0673796
3.96355e-07 3.00871e-07 1.90856e-06 0.999997
0.448675 0.244841 0.204695 0.101789
0.347477 0.302413 0.254737 0.0953725
0.357083 0.211248 0.348284 0.0833853
0.157421 0.076891 0.655583 0.110105
0.296964 0.283671 0.322516 0.0968497
4.0051e-06 4.5827e-06 9.21511e-06 0.999982
0.239998 0.183788 0.478241 0.0979728
0.330848 0.159131 0.432302 0.0777183
4.71592e-07 6.00583e-07 1.17603e-06 0.999998
4.46615e-07 8.12368e-07 1.79032e-06 0.999997
0.302653 0.12605 0.498387 0.0729093
0.364187 0.294583 0.26319 0.0780393
5.20612e-06 5.11469e-06 1.18367e-05 0.999978
0.369626 0.296326 0.258823 0.0752249
0.394219 0.243133 0.273316 0.0893312
0.378097 0.309357 0.233313 0.0792333
0.371436 0.260035 0.295614 0.072915
0.307008 0.250323 0.378989 0.0636804
0.32093 0.323095 0.281356 0.0746195
0.293506 0.331897 0.290213 0.0843846
0.36297 0.287817 0.241963 0.10725
0.235085 0.169067 0.509065 0.086783
0.306751 0.158452 0.430245 0.104552
1.44598e-06 1.66892e-06 4.02777e-06 0.999993
0.275362 0.342023 0.312753 0.0698617
0.352823 0.26685 0.303353 0.0769744
0.298345 0.138619 0.476006 0.0870295
0.426937 0.191682 0.285449 0.0959314
0.413854 0.171715 0.307666 0.106765
7.9108e-05 8.17483e-05 0.00038299 0.999456
0.365887 0.126281 0.404692 0.10314
0.264376 0.217619 0.427276 0.0907297
0.360734 0.250485 0.252968 0.135812
0.363809 0.317346 0.21324 0.105604
0.295864 0.112025 0.517524 0.0745876
0.000576166 0.000507092 0.000887673 0.998029
0.315571 0.120814 0.465163 0.098452
0.332281 0.24354 0.311658 0.112522
0.290846 0.107703 0.49387 0.107581
0.34075 0.229183 0.311927 0.11814
3.83984e-06 4.01828e-06 1.56168e-05 0.999977
2.87278e-07 3.94514e-07 9.76665e-07 0.999998
0.33092 0.231401 0.332637 0.105042
0.342388 0.175248 0.355668 0.126695
0.209987 0.254767 0.454045 0.0812016
0.366552 0.157861 0.368548 0.107039
3.29464e-06 3.33064e-06 7.78188e-06 0.999986
7.39226e-05 3.94794e-05 6.37843e-05 0.999823
0.338264 0.22779 0.323984 0.109962
0.31079 0.329197 0.27684 0.0831734
0.382825 0.152396 0.328922 0.135856
0.331044 0.149218 0.440599 0.07914
0.373656 0.217212 0.32913 0.0800024
0.420304 0.184475 0.308068 0.0871525
0.287737 0.256655 0.355598 0.100011
0.380215 0.221915 0.265952 0.131918
0.370774 0.241853 0.270802 0.116571
4.22532e-05 4.35257e-05 0.000178985 0.999735
0.432523 0.215824 0.272436 0.0792178
0.336161 0.297276 0.296863 0.0697002
1.03088e-05 1.35827e-05 2.22199e-05 0.999954
1.70577e-06 1.8207e-06 5.46772e-06 0.999991
0.391354 0.265935 0.259193 0.0835181
0.361267 0.254706 0.296589 0.0874381
0.296638 0.342016 0.2828 0.0785461
0.355929 0.266955 0.296127 0.0809885
0.351976 0.264028 0.274679 0.109316
1.53517e-06 2.62748e-06 5.31254e-06 0.999991
6.641e-05 2.10418e-05 7.78548e-05 0.999835
0.328045 0.280531 0.317129 0.074295
0.286191 0.0713819 0.521578 0.120849
4.56464e-07 5.87242e-07 1.83272e-06 0.999997
0.336251 0.118251 0.457049 0.0884495
0.377562 0.131495 0.346843 0.1441
0.349499 0.215123 0.304117 0.131261
0.239431 0.239608 0.431138 0.089823
0.360687 0.366207 0.191982 0.0811239
0.285128 0.216336 0.354041 0.144494
1.80091e-06 1.6562e-06 4.41764e-06 0.999992
0.324727 0.353995 0.232991 0.0882864
0.41241 0.176183 0.291548 0.11986
0.372557 0.255343 0.242586 0.129513
5.29562e-06 5.5402e-06 1.05179e-05 0.999979
3.27191e-06 2.18798e-06 2.11458e-05 0.999973
0.329408 0.204322 0.389886 0.0763841
0.299142 0.22162 0.376799 0.10244
0.402853 0.288472 0.234932 0.0737427
1.9308e-06 2.51778e-06 7.41748e-06 0.999988
0.331802 0.262477 0.317301 0.0884205
0.305798 0.118082 0.458911 0.11721
3.15513e-06 4.41675e-06 1.51402e-05 0.999977
7.46863e-08 1.09517e-07 1.97031e-07 1
1.93049e-06 2.33963e-06 7.79208e-06 0.999988
0.382568 0.261998 0.262521 0.0929135
0.432714 0.20978 0.255586 0.10192
0.29799 0.348862 0.265944 0.0872043
0.35641 0.129216 0.419993 0.0943814
0.386496 0.263235 0.248434 0.101835
0.411934 0.135851 0.295387 0.156828
0.420904 0.228559 0.224793 0.125744
0.204295 0.171134 0.53475 0.0898208
8.20311e-07 1.14618e-06 3.71573e-06 0.999994
1.58936e-06 2.09747e-06 3.28845e-06 0.999993
0.338818 0.247633 0.326493 0.0870559
0.000175835 0.000173646 0.000300737 0.99935
0.337623 0.356523 0.223215 0.0826386
0.342125 0.183975 0.369937 0.103963
0.419845 0.142488 0.278706 0.158962
1.03788e-06 1.32008e-06 3.56458e-06 0.999994
1.69444e-05 1.04337e-05 3.31551e-05 0.999939
0.316423 0.404893 0.201921 0.0767628
0.248969 0.215707 0.440491 0.0948322
5.83664e-06 5.50351e-06 2.19943e-05 0.999967
0.302812 0.12916 0.489455 0.0785728
0.339567 0.208054 0.353794 0.0985854
2.36368e-05 3.41073e-05 5.2626e-05 0.99989
0.361028 0.278661 0.275635 0.0846758
7.57623e-07 9.23149e-07 3.06517e-06 0.999995
1.70382e-06 1.27044e-06 9.30273e-06 0.999988
0.400905 0.359125 0.19037 0.0496006
3.39694e-06 3.30094e-06 5.82815e-06 0.999987
0.320754 0.374687 0.224651 0.0799074
0.426135 0.183316 0.26179 0.128759
0.433155 0.147335 0.274405 0.145105
7.41372e-07 7.86147e-07 3.61929e-06 0.999995
0.252786 0.0737948 0.611702 0.0617167
0.256065 0.215094 0.431682 0.0971595
0.246024 0.106825 0.575557 0.0715939
0.179766 0.190574 0.557761 0.0718984
0.326648 0.296325 0.304453 0.0725746
0.000977481 0.000890221 0.0015203 0.996612
0.297944 0.309178 0.312951 0.0799273
0.376574 0.202447 0.285073 0.135906
0.395692 0.25521 0.254397 0.0947008
0.383374 0.252354 0.271204 0.0930675
0.398996 0.170187 0.287173 0.143644
0.368654 0.294533 0.2542 0.0826135
0.368716 0.292697 0.250897 0.0876898
0.347049 0.329228 0.245616 0.0781062
2.77833e-07 5.36442e-07 1.23953e-06 0.999998
0.226422 0.061742 0.650642 0.0611949
0.382249 0.325358 0.230041 0.0623518
0.332861 0.326344 0.260179 0.0806151
0.331055 0.135145 0.428816 0.104984
0.29553 0.250314 0.356844 0.0973124
0.399332 0.152425 0.296658 0.151584
0.349627 0.235756 0.322278 0.0923397
0.371906 0.282625 0.25721 0.0882589
0.394157 0.281402 0.236892 0.0875495
0.368103 0.180765 0.305006 0.146127
0.324677 0.273351 0.306984 0.0949884
1.83045e-05 1.72085e-05 9.18563e-05 0.999873
0.347515 0.161838 0.405271 0.0853752
2.57509e-07 3.88261e-07 1.40614e-06 0.999998
0.38391 0.114153 0.371833 0.130104
3.8953e-06 4.40777e-06 1.14926e-05 0.99998
6.7154e-07 4.67538e-07 2.53253e-06 0.999996
0.378414 0.287961 0.266409 0.0672166
0.27565 0.305249 0.336326 0.0827742
1.92538e-06 2.97204e-06 1.01771e-05 0.999985
0.340004 0.209627 0.360783 0.0895865
0.426184 0.222914 0.249424 0.101478
0.373711 0.146625 0.40347 0.0761935
0.314392 0.338418 0.267653 0.0795363
0.229536 0.109152 0.560589 0.100723
0.286089 0.106985 0.52922 0.0777065
0.245205 0.124045 0.565556 0.0651945
0.310266 0.212512 0.372808 0.104414
0.27051 0.24386 0.347573 0.138056
1.67537e-06 9.72588e-07 4.55604e-06 0.999993
0.443951 0.191987 0.257397 0.106664
0.33936 0.285491 0.289267 0.0858814
1.11203e-06 1.0056e-06 9.09384e-06 0.999989
0.305176 0.1827 0.438397 0.0737263
7.06547e-07 4.78284e-07 1.12794e-06 0.999998
0.324275 0.339004 0.263956 0.0727657
0.399347 0.248525 0.269065 0.083063
2.36897e-06 3.61748e-06 5.62802e-06 0.999988
0.337444 0.220876 0.355898 0.0857825
0.260321 0.303158 0.350248 0.086274
0.328201 0.302299 0.278864 0.0906364
0.304803 0.190593 0.345115 0.159489
0.398153 0.223909 0.217506 0.160432
2.99199e-06 3.2757e-06 1.14674e-05 0.999982
0.391176 0.251967 0.238063 0.118795
0.359588 0.103549 0.373063 0.163799
3.56472e-07 3.90057e-07 8.79188e-07 0.999998
0.219892 0.182995 0.504097 0.0930153
0.407122 0.270628 0.23863 0.0836197
0.417418 0.16621 0.302738 0.113634
0.357455 0.242958 0.321159 0.0784279
0.332089 0.198608 0.336945 0.132358
0.304401 0.138227 0.468284 0.0890876
0.357508 0.31485 0.240264 0.0873783
0.266418 0.0749399 0.572735 0.0859071
7.42308e-07 1.13492e-06 2.69111e-06 0.999995
