3.52493e-06 0.999932 4.98404e-05 1.43513e-05
0.728457 0.0359504 0.224889 0.0107037
0.05049 0.565141 0.37534 0.0090291
0.00015845 0.00018573 0.00117213 0.998484
0.456094 0.0235166 0.500285 0.0201043
0.180426 0.0218171 0.790868 0.00688912
0.931701 0.0491107 0.0104016 0.00878661
0.000144413 0.000213877 0.999586 5.55474e-05
0.00206617 0.997414 0.000257547 0.000262569
0.000189166 0.00013806 0.000416259 0.999257
0.000213471 0.000222724 0.000611296 0.998953
0.000251353 0.998808 0.00059112 0.000349287
0.0045767 0.968337 0.0210191 0.00606728
5.69865e-05 4.13372e-05 0.000156545 0.999745
0.000245743 0.000211531 0.000607587 0.998935
0.00013616 6.33755e-05 0.000155331 0.999645
0.0145546 0.347337 0.631395 0.00671367
0.283097 0.0884273 0.618654 0.00982123
3.30544e-05 0.999892 3.82518e-05 3.64206e-05
0.0181398 0.000430499 0.980181 0.00124823
0.0153093 0.145899 0.832756 0.00603591
0.000121548 0.000134186 0.000270373 0.999474
0.975884 0.0130103 0.00883752 0.00226768
5.39756e-05 7.21402e-05 0.000113415 0.99976
0.0132352 0.912882 0.0712368 0.00264665
0.78696 0.0143347 0.187331 0.0113745
0.000127244 0.000133867 0.000275012 0.999464
0.0828656 0.904197 0.00873364 0.00420417
0.00131446 0.000186219 0.998423 7.69041e-05
0.000200742 0.999649 7.32568e-05 7.70576e-05
5.17538e-05 4.92005e-05 9.59578e-05 0.999803
0.000541782 0.000386605 0.999011 6.04694e-05
0.467423 0.0350692 0.487423 0.0100844
0.937251 0.0198533 0.0368644 0.00603177
0.770153 0.18077 0.00892568 0.0401519
0.086934 0.0380322 0.871995 0.00303845
2.40157e-05 0.999771 4.47079e-05 0.000160426
0.00011353 0.000191809 0.000443009 0.999252
2.66002e-06 0.999956 1.80441e-05 2.30842e-05
0.000114086 9.46505e-05 0.000452809 0.999338
0.00046529 0.000328163 0.000443847 0.998763
0.00048397 5.74076e-05 0.999412 4.65049e-05
3.50598e-05 2.75274e-05 8.66068e-05 0.999851
0.000186382 0.000104158 0.000678644 0.999031
0.138988 0.00528435 0.84985 0.00587764
0.0117589 0.839833 0.13468 0.0137281
0.618903 0.130967 0.24289 0.0072407
0.821209 0.120137 0.0298317 0.0288228
0.132162 0.00303357 0.863819 0.000985675
0.00545385 0.0103642 0.98312 0.00106223
0.0299371 0.0482067 0.916406 0.00545063
0.952091 0.0256485 0.0174348 0.00482591
0.0128693 0.0589807 0.92454 0.00361052
0.0234882 0.00117853 0.973885 0.00144847
0.00538912 0.00194709 0.992372 0.000291936
0.984639 0.00800335 0.00503289 0.00232485
0.00856628 0.0153347 0.974526 0.0015726
0.000574182 0.000881339 0.00111097 0.997433
5.15e-05 1.76983e-05 0.999926 4.63693e-06
1.23604e-08 0.999999 2.70396e-07 4.19262e-07
1.16535e-06 0.999965 1.94754e-05 1.41891e-05
9.56629e-09 0.999999 2.32387e-07 5.30814e-07
0.000101994 0.000102952 0.000141062 0.999654
0.898659 0.0639349 0.0341677 0.00323864
0.000214709 0.00020619 0.000637908 0.998941
0.90085 0.024896 0.0644885 0.00976587
4.91453e-07 0.999986 6.19072e-06 6.97248e-06
0.94226 0.0251008 0.0306203 0.00201922
5.15997e-08 0.999997 9.32778e-07 1.65688e-06
4.1529e-05 2.86397e-05 0.999923 6.74944e-06
7.46292e-09 0.999999 1.77217e-07 4.44973e-07
0.0690736 0.843374 0.0834629 0.00408957
0.641442 0.27491 0.0257016 0.057947
6.1937e-05 4.90941e-05 0.000160045 0.999729
0.64812 0.322714 0.0103554 0.0188112
0.0325442 0.00134389 0.963864 0.00224759
4.87208e-05 5.44764e-05 0.000135062 0.999762
0.000252108 0.000278762 0.000778361 0.998691
0.685112 0.241643 0.0119724 0.0612729
0.701448 0.0366171 0.241942 0.0199927
0.000134435 0.998166 0.00105817 0.000641002
0.0309259 0.130329 0.829282 0.00946312
0.000292146 0.998749 0.000597675 0.000360829
7.66953e-08 0.999997 1.21263e-06 1.64373e-06
0.00142891 0.992619 0.00522878 0.000723259
0.000152312 0.000102812 0.000210099 0.999535
6.69737e-05 8.20698e-05 0.000137237 0.999714
0.0002593 0.000286562 0.000914026 0.99854
0.650297 0.160052 0.18012 0.0095313
0.00843875 0.140896 0.846875 0.00378989
0.000167205 0.000159621 0.000347489 0.999326
0.00141343 0.000517169 0.997515 0.000554578
0.0202792 0.962943 0.00468691 0.0120909
0.0266234 0.0660783 0.898195 0.00910356
2.36807e-05 1.99875e-05 3.64597e-05 0.99992
0.00013518 0.00012628 0.000483814 0.999255
0.000231818 0.000192563 0.000478222 0.999097
5.66732e-05 0.000112104 0.999795 3.6065e-05
0.000187009 0.000227677 0.000304927 0.99928
0.00173077 0.988254 0.00886787 0.00114694
3.75875e-05 0.999671 0.000190611 0.000100808
0.00227725 0.00070271 0.996581 0.000439448
1.04087e-06 0.999975 1.21641e-05 1.21151e-05
0.000190646 0.00019559 0.000784565 0.998829
0.000186387 0.000174418 0.000354031 0.999285
0.00011695 0.000276182 0.000295536 0.999311
0.000156651 0.000128057 0.000315627 0.9994
6.75397e-05 5.4639e-05 0.000177003 0.999701
0.000163719 0.000269298 0.00022689 0.99934
0.00639085 0.0723081 0.918914 0.00238657
0.000403036 0.000308831 0.000402325 0.998886
2.08906e-05 2.36864e-05 0.999951 4.13917e-06
0.00430074 0.00038205 0.995159 0.000158292
0.827936 0.0034452 0.164087 0.00453162
0.000858644 0.99488 0.00353283 0.000728465
0.0415074 0.782955 0.152064 0.023473
0.202013 0.0108124 0.783723 0.00345126
0.0150909 0.0227268 0.958972 0.00321087
0.0388762 0.00289687 0.956888 0.00133945
0.364774 0.00958031 0.614297 0.0113483
0.679008 0.0812364 0.227612 0.0121429
0.00017394 0.000131911 0.000333943 0.99936
5.6848e-05 4.15685e-05 8.0044e-05 0.999822
0.908462 0.0669912 0.0105043 0.0140421
8.39256e-05 0.000165061 0.000162888 0.999588
0.000115088 0.000106361 0.00048625 0.999292
8.68616e-05 0.000126673 0.000192509 0.999594
0.0702057 0.189104 0.726431 0.0142586
0.950756 0.016953 0.028406 0.00388454
3.80076e-06 9.89574e-07 0.999993 2.00288e-06
2.60179e-05 0.999795 0.000124391 5.4236e-05
0.00607303 0.00637302 0.985732 0.00182215
3.62044e-05 4.31392e-05 0.999913 7.18745e-06
0.000114552 7.20531e-05 0.000454962 0.999358
2.52991e-05 0.999783 4.90694e-05 0.000142192
0.000277119 0.000289727 0.000741463 0.998692
0.000170308 9.7588e-05 0.000465351 0.999267
0.00545976 0.000727154 0.993432 0.000381373
0.457902 0.00700169 0.532197 0.00289927
0.723472 0.0440963 0.224486 0.00794564
0.00336905 0.0106826 0.985536 0.000412796
0.0716314 0.037638 0.885671 0.00505979
0.177705 0.00707653 0.811389 0.00382971
3.62912e-05 1.77923e-05 0.999941 4.38307e-06
0.000147124 1.25694e-05 0.999825 1.51856e-05
1.18147e-05 0.999936 3.07278e-05 2.15055e-05
0.00582071 0.993749 0.000176738 0.000253419
0.000123701 6.52284e-05 0.000142775 0.999668
1.41332e-07 0.999994 3.4389e-06 2.27519e-06
0.508215 0.0246638 0.458211 0.00891026
0.889167 0.0328465 0.0698851 0.00810077
0.978627 0.020424 0.000599061 0.000349933
7.45072e-05 4.61111e-05 0.000187895 0.999691
0.662813 0.0940618 0.231944 0.011181
0.000300572 7.29016e-05 0.999607 1.97108e-05
0.492888 0.0219696 0.476562 0.00858113
0.00173504 0.000445162 0.997659 0.000160468
0.919472 0.0320335 0.0424625 0.00603235
0.0228994 0.947432 0.0077734 0.021895
0.00493691 0.000293461 0.99463 0.000139318
0.00173089 0.0676806 0.929412 0.00117666
0.0115677 0.000917349 0.986556 0.000958469
0.994943 0.00295305 0.00119909 0.000904705
4.94107e-06 0.999908 5.17753e-05 3.5539e-05
0.042058 0.143825 0.805583 0.00853361
5.0712e-05 0.999896 1.84671e-05 3.51527e-05
0.230856 0.479087 0.278922 0.0111336
0.0222074 0.457502 0.511115 0.00917617
0.00363037 0.0014045 0.994784 0.000180873
6.85892e-05 6.45121e-05 0.00015354 0.999713
0.00290139 0.0326018 0.963344 0.00115246
0.973929 0.0122865 0.0128212 0.000963678
0.0305135 0.00310244 0.965679 0.000705495
0.773466 0.00772287 0.197882 0.0209295
0.000136003 9.49512e-05 0.000397818 0.999371
7.69187e-05 0.999642 0.000187559 9.3591e-05
0.00373124 0.000404812 0.995739 0.000125288
0.733198 0.00597122 0.251946 0.00888436
0.000169828 0.000124556 0.000357924 0.999348
0.000129197 0.000149134 0.000323739 0.999398
0.445793 0.0205787 0.525658 0.00797051
0.000195519 0.000162112 0.000902317 0.99874
0.976701 0.00488276 0.0069611 0.0114548
9.65931e-05 7.78481e-05 0.000304656 0.999521
0.00409497 0.0164811 0.978332 0.00109178
0.00289739 0.993757 0.00256477 0.000781299
0.596905 0.0529991 0.34035 0.00974675
0.00491045 0.022005 0.971421 0.00166399
0.000666207 0.00210086 0.996924 0.000308714
1.78417e-05 0.999855 9.00512e-05 3.74484e-05
8.14051e-05 0.00010527 0.000140591 0.999673
0.00013647 0.00013191 0.000320515 0.999411
0.00113334 0.987412 0.0106942 0.000760336
0.87861 0.108653 0.0107388 0.00199744
9.39089e-05 0.000103536 0.999781 2.12713e-05
0.00816775 0.00084349 0.989833 0.00115588
0.0231819 0.00138377 0.973962 0.00147216
0.251154 0.00727266 0.737307 0.00426623
6.54537e-05 4.50007e-05 0.000214568 0.999675
3.57429e-05 3.85929e-05 0.99991 1.55419e-05
4.78398e-05 6.14988e-05 0.00010858 0.999782
0.0020318 0.994889 0.00117358 0.00190539
0.000924765 0.000263203 0.998739 7.25729e-05
0.0160406 0.00118085 0.982462 0.000316484
0.0226391 0.626465 0.330233 0.0206622
5.57873e-05 3.69411e-05 0.00017568 0.999732
3.05244e-06 3.98132e-06 0.999992 1.21077e-06
0.0127538 0.898372 0.0831856 0.00568906
0.625344 0.0408129 0.310415 0.0234279
4.00864e-05 5.5193e-05 0.999896 8.41332e-06
0.00587033 0.00826102 0.984385 0.00148347
0.00149073 0.00165374 0.996482 0.000373036
0.000172206 0.00015338 0.000681315 0.998993
1.32532e-06 0.999977 9.3399e-06 1.19707e-05
0.000227276 3.56879e-05 0.99971 2.72285e-05
0.000196071 0.000163931 0.999612 2.79879e-05
0.0121132 0.00758738 0.979752 0.000547862
0.984392 0.00931534 0.00574404 0.000548827
0.961498 0.0342112 0.00316456 0.00112623
0.00338537 0.00120283 0.994978 0.000433625
0.000199402 0.000465155 0.000323708 0.999012
0.000370225 9.3105e-05 0.999487 4.95895e-05
5.73576e-05 4.25215e-05 0.000196153 0.999704
0.544527 0.00217934 0.445434 0.00786022
1.3934e-05 2.27266e-05 0.999958 5.69408e-06
0.000197735 0.000278776 0.000990973 0.998533
0.000224233 0.000404716 0.000904018 0.998467
4.54832e-06 3.11402e-06 0.999991 1.02301e-06
0.00951416 0.691811 0.29115 0.00752414
7.09032e-06 1.33144e-05 0.999976 3.40446e-06
0.459958 0.0235133 0.492694 0.0238346
0.0019016 0.0006243 0.997249 0.000224871
8.80248e-05 0.000116207 0.000191085 0.999605
0.00593381 0.59987 0.391466 0.0027301
0.00084566 0.0056268 0.992813 0.000714937
0.000187704 0.000165781 0.000977313 0.998669
0.0308942 0.833926 0.112334 0.0228453
0.73935 0.00929906 0.245012 0.00633894
4.40275e-07 0.999989 6.34642e-06 3.95377e-06
0.0127157 0.00105571 0.984051 0.00217735
0.00018514 0.000423027 0.000349844 0.999042
0.446741 0.140836 0.325726 0.0866973
0.00363751 0.0011127 0.99498 0.000269437
7.92267e-05 9.16215e-05 0.000176655 0.999653
0.000109956 6.63373e-05 0.000139004 0.999685
8.34293e-05 5.49616e-05 0.000264891 0.999597
0.82651 0.0252301 0.1424 0.00586017
0.00205455 0.995458 0.00182455 0.000663004
0.978044 0.00942156 0.0094881 0.00304623
0.00737743 0.0301173 0.96019 0.00231493
0.545623 0.00930576 0.433524 0.0115477
0.0225752 0.004733 0.96973 0.00296158
0.000154585 0.000109773 0.000365636 0.99937
0.0134711 0.00358538 0.982244 0.000699215
0.000232401 0.000249028 0.00054533 0.998973
9.20813e-05 7.1289e-05 0.000599391 0.999237
0.0708543 0.0180338 0.906931 0.00418064
4.01948e-05 1.31633e-05 0.999941 5.34161e-06
0.00960912 0.000850509 0.989251 0.000288961
1.26684e-07 0.999996 1.10651e-06 2.34249e-06
2.22734e-06 3.23395e-06 0.999994 6.75168e-07
4.86614e-05 4.74649e-05 0.000133661 0.99977
0.0123152 0.0689225 0.91451 0.00425177
6.82177e-09 0.999999 1.8259e-07 3.91099e-07
0.00138112 0.000450329 0.997975 0.00019372
0.000461278 0.000170256 0.999317 5.1468e-05
0.0174903 0.000863681 0.980475 0.00117149
5.52157e-07 0.999987 5.3347e-06 6.68849e-06
5.08388e-05 3.65149e-05 8.89721e-05 0.999824
0.557168 0.0118003 0.42124 0.00979215
6.67032e-05 5.49783e-05 0.999868 9.86191e-06
0.931852 0.0578931 0.00240321 0.00785205
0.00927509 0.00925234 0.979443 0.00202921
0.000115165 0.000125482 0.000393334 0.999366
0.0070331 0.0226794 0.969422 0.000865289
0.000902691 0.000189771 0.99883 7.7231e-05
0.000344292 6.74916e-05 0.999513 7.56343e-05
0.306426 0.00875967 0.678719 0.00609529
0.000167808 0.000436825 0.000295773 0.9991
0.000136602 8.0448e-05 0.999765 1.80616e-05
0.117135 0.120225 0.753735 0.00890593
0.00415696 0.028176 0.966403 0.00126364
0.241566 0.0903203 0.660787 0.00732623
0.0190617 0.932079 0.0371739 0.0116859
0.000112147 0.000109484 0.99974 3.85793e-05
0.000138497 0.000113815 0.000621987 0.999126
0.00306739 0.0334923 0.960972 0.00246824
0.00010748 9.53221e-05 0.000421666 0.999376
1.91362e-07 0.999992 3.20698e-06 4.3179e-06
9.85205e-05 6.1865e-05 0.00031287 0.999527
0.00508162 0.00469361 0.989285 0.000940182
0.0069925 0.958589 0.0309808 0.00343729
0.0225464 0.791346 0.167224 0.0188833
0.0204805 0.0358844 0.940989 0.0026461
8.08075e-05 0.999195 0.000508947 0.000215541
8.42955e-05 5.80256e-05 0.000188868 0.999669
0.976282 0.00823284 0.0145962 0.000888703
0.0116599 0.69435 0.288357 0.00563266
0.457655 0.136483 0.395548 0.0103135
0.000171105 0.000176564 0.000698088 0.998954
0.000194263 0.000337733 0.99939 7.84321e-05
8.92631e-08 0.999997 1.51467e-06 1.48807e-06
0.920814 0.0511846 0.0155176 0.0124841
0.817478 0.0178271 0.159003 0.00569146
0.980103 0.0127424 0.00237511 0.00477912
0.0710716 0.0988631 0.823894 0.00617141
0.00829246 0.933102 0.0535066 0.00509843
0.900322 0.00358876 0.0933803 0.00270885
0.000180002 0.000202763 0.00129673 0.998321
0.0126839 0.976624 0.00964009 0.00105219
0.00347842 0.984042 0.0105935 0.00188568
0.0307176 0.0547375 0.91096 0.00358438
0.146536 0.0918298 0.75645 0.00518394
0.976791 0.00753196 0.012824 0.00285318
0.0114217 0.00130066 0.986536 0.000741981
4.58537e-05 0.995021 0.00477275 0.000160845
0.0014984 0.00190644 0.996149 0.000446289
0.409433 0.480185 0.0104441 0.0999381
0.730958 0.0067304 0.251484 0.0108285
0.081395 0.00150449 0.916139 0.000961933
0.244256 0.0071632 0.746232 0.00234859
0.000123956 9.05479e-05 0.000368844 0.999417
4.11574e-06 5.48242e-06 0.999989 1.62143e-06
7.93254e-05 0.000171618 0.000241935 0.999507
0.959329 0.0339128 0.00203217 0.0047259
0.00348755 0.00100121 0.99524 0.000271397
5.76449e-05 4.60386e-05 7.9092e-05 0.999817
1.40676e-05 3.29449e-06 0.999978 4.91573e-06
0.977831 0.0150365 0.00261693 0.00451546
0.000167872 0.000138445 0.00043167 0.999262
0.0153564 0.974268 0.00685605 0.00351922
6.38363e-06 0.999925 3.29793e-05 3.51134e-05
0.0100124 0.0479979 0.939626 0.00236328
0.000146619 0.00011344 0.000301524 0.999438
6.98541e-08 7.17199e-09 1 4.45112e-08
9.94697e-08 0.999996 1.57951e-06 2.30008e-06
0.000140055 0.000202848 0.000228725 0.999428
0.00032997 0.000389138 0.00145691 0.997824
0.00183633 0.994662 0.00267242 0.000829479
0.000321822 0.000463649 0.000709632 0.998505
0.201352 0.0908143 0.699756 0.00807782
0.00022719 0.000267652 0.000610632 0.998895
0.000124948 7.53353e-05 0.000180534 0.999619
0.000990252 0.000560144 0.998362 8.7512e-05
0.00363108 0.00104757 0.994837 0.000484293
0.000188533 2.29641e-05 0.999763 2.50064e-05
9.52583e-05 0.000194964 0.000209349 0.9995
2.77685e-05 0.99964 0.000197009 0.000134894
0.0711304 0.0198738 0.906274 0.00272148
0.000478898 2.69099e-05 0.999467 2.73901e-05
6.87228e-05 4.87796e-05 0.000122855 0.99976
0.0168176 0.000735629 0.982028 0.000418693
0.781481 0.10844 0.0936898 0.0163899
2.44086e-06 0.99996 1.30481e-05 2.50305e-05
8.1001e-05 6.92933e-05 0.000211201 0.999638
0.0252559 0.930496 0.0405703 0.00367807
0.891797 0.0689718 0.0243061 0.0149248
0.984829 0.00709815 0.0050491 0.00302356
5.93401e-05 3.69617e-05 9.16418e-05 0.999812
0.345511 0.387177 0.232561 0.0347514
0.000156768 0.000151386 0.000414179 0.999278
1.74613e-05 4.26855e-06 0.999973 4.96437e-06
0.113045 0.00366562 0.879428 0.00386191
0.00437309 0.970106 0.0226595 0.00286182
6.34722e-05 6.16949e-05 0.000159389 0.999715
0.963868 0.0146715 0.020378 0.00108221
0.764392 0.0841648 0.115613 0.0358304
2.64446e-05 0.999778 5.30667e-05 0.00014225
0.000490411 0.000791322 0.000962677 0.997756
0.00141714 0.00675605 0.991242 0.000585099
0.318698 0.0178242 0.656368 0.00710921
3.20519e-07 3.52765e-08 1 1.75348e-07
0.000820375 4.29434e-05 0.999097 4.00946e-05
0.940604 0.00416655 0.0519793 0.00324997
0.0026052 0.990468 0.00593289 0.00099384
0.504286 0.11817 0.370106 0.00743814
0.000942969 0.99882 0.000111581 0.000125781
0.0101562 0.00198647 0.987544 0.000312974
2.04394e-06 2.7969e-06 0.999995 4.6154e-07
0.0262313 0.00113349 0.970938 0.00169665
0.00246818 0.182117 0.813328 0.00208599
0.0364166 0.264324 0.686832 0.0124271
0.000139622 7.72522e-05 0.000302161 0.999481
0.0243492 0.105761 0.861491 0.00839942
0.0007372 0.00498674 0.994027 0.000249505
1.25163e-05 0.999838 7.14887e-05 7.7767e-05
1.2585e-05 2.90518e-06 0.999981 3.95377e-06
0.00131182 0.00899717 0.988878 0.000812699
0.328444 0.0060165 0.660884 0.00465539
0.000162152 8.7872e-05 0.000189848 0.99956
0.00144063 0.000764167 0.997618 0.00017684
1.72881e-05 2.57747e-05 0.999951 6.1646e-06
4.69329e-08 8.3289e-09 1 5.07298e-08
5.04378e-05 0.999662 0.000138794 0.000148531
0.000288451 0.000360701 0.999234 0.000116658
0.330201 0.0777362 0.567613 0.0244495
0.000232683 0.00041987 0.000709459 0.998638
9.77405e-05 0.000100246 0.000142505 0.99966
0.0283545 0.696146 0.253204 0.0222954
0.833864 0.0397918 0.0942922 0.0320522
0.0193841 0.00216684 0.977421 0.00102763
0.000282735 0.998458 0.000254808 0.00100466
0.950804 0.0399687 0.00489624 0.00433084
0.000270016 0.000201601 0.000659147 0.998869
0.000558177 0.000229934 0.999145 6.6484e-05
2.38092e-05 2.92823e-05 0.999939 7.59191e-06
0.000871137 0.000320038 0.998712 9.68648e-05
0.000128624 0.000236064 0.999538 9.69756e-05
0.619311 0.0324599 0.331023 0.0172059
0.458213 0.520594 0.0153442 0.00584879
1.19009e-06 0.999973 7.58936e-06 1.77258e-05
0.00385275 0.294705 0.697931 0.00351096
0.000239742 0.000202713 0.000941933 0.998616
9.96545e-05 0.000103337 0.000158078 0.999639
0.00776838 0.892712 0.0950844 0.00443533
4.08477e-05 0.999633 0.000183726 0.000142616
2.38431e-05 0.999814 6.44363e-05 9.80658e-05
0.673249 0.0123393 0.308246 0.00616511
0.987818 0.00597129 0.00403978 0.00217093
0.000953289 0.000835672 0.000532125 0.997679
0.00047317 0.00034269 0.000494203 0.99869
0.588033 0.0413426 0.360827 0.00979666
0.0783578 0.00132339 0.918749 0.00156964
0.608397 0.0529428 0.331968 0.00669206
0.980209 0.0190673 0.000390043 0.000333924
0.000146375 0.000324268 0.000269393 0.99926
7.50123e-05 5.97485e-05 0.00028308 0.999582
0.00011298 9.19843e-05 0.000304284 0.999491
0.000176474 0.000163612 0.000389768 0.99927
0.00740943 0.00140919 0.990511 0.000670585
3.97943e-06 0.99994 2.75821e-05 2.87969e-05
0.0129685 0.977994 0.00733716 0.00170013
0.0455278 0.00196338 0.947522 0.0049868
0.941479 0.0137672 0.0394022 0.0053513
0.0772476 0.00495428 0.916037 0.00176103
0.000427159 0.000334267 0.999147 9.19794e-05
0.000465682 0.000277238 0.999181 7.592e-05
0.15065 0.0135405 0.832426 0.00338339
2.42004e-05 0.999805 9.63266e-05 7.45024e-05
0.011437 0.00414615 0.983335 0.00108189
0.000458717 0.000358607 0.000575928 0.998607
0.000409142 0.998482 0.000334929 0.000774414
1.33315e-06 0.99996 2.22686e-05 1.67695e-05
0.00422969 0.929219 0.058124 0.00842775
0.00283607 0.00053714 0.996408 0.000218467
9.24536e-05 5.84321e-05 0.0001381 0.999711
0.360075 0.0218526 0.614156 0.00391593
4.12001e-05 3.24432e-05 5.59307e-05 0.99987
3.82146e-08 0.999997 1.44128e-06 1.15011e-06
0.0158455 0.0454901 0.933673 0.0049909
0.00231025 0.00083305 0.99654 0.000316469
0.0391305 0.651949 0.301863 0.00705692
3.55899e-05 4.02434e-05 5.61441e-05 0.999868
0.00027428 0.000652071 0.998957 0.000116511
0.0270755 0.927062 0.0418524 0.00401038
0.0649436 0.0049315 0.927017 0.00310807
0.980896 0.00347688 0.00579963 0.00982792
0.963982 0.0341912 0.0011593 0.000667038
0.0130486 0.00255006 0.983388 0.00101323
9.49805e-08 0.999993 4.11334e-06 2.27337e-06
0.213937 0.134189 0.646022 0.00585223
0.226231 0.201731 0.530354 0.0416838
0.014321 0.969263 0.00554877 0.0108675
8.38371e-08 0.999997 1.19824e-06 1.4411e-06
3.70528e-05 0.999744 0.000104399 0.000114646
0.0391384 0.621621 0.313061 0.02618
5.42251e-05 4.51483e-05 0.000139875 0.999761
0.0123978 0.00230662 0.984442 0.000853494
5.77573e-05 3.33809e-05 0.999895 1.38146e-05
0.000198024 0.000212282 0.000777326 0.998812
0.911352 0.0065618 0.0734495 0.0086362
0.00658249 0.0381254 0.953489 0.00180269
0.976164 0.0149911 0.00402939 0.00481551
0.00158681 0.987073 0.00986661 0.00147329
0.00801999 0.0345119 0.954571 0.0028973
0.351204 0.557203 0.056679 0.0349138
7.08334e-05 6.79352e-05 0.000101869 0.999759
0.000873981 0.000105852 0.998944 7.6114e-05
0.00488379 0.151621 0.841287 0.00220831
0.000117783 5.79066e-05 0.000127696 0.999697
0.369544 0.404141 0.139355 0.0869606
0.00691363 0.000851398 0.991877 0.000357585
0.948966 0.0494991 0.000959453 0.000575653
0.109449 0.314425 0.556984 0.0191417
9.61985e-05 7.59199e-05 0.000343888 0.999484
1.3889e-06 0.999958 2.425e-05 1.65546e-05
0.0336998 0.686308 0.26774 0.0122526
0.000101303 0.000115372 0.000177084 0.999606
0.621512 0.0322543 0.34094 0.0052935
0.449751 0.296284 0.246652 0.00731248
0.0180102 0.00121246 0.980191 0.000586076
5.86457e-07 0.999985 7.14064e-06 7.53406e-06
0.00904509 0.929182 0.0590333 0.00273924
0.000657488 0.998045 0.000887684 0.000410032
0.000172626 0.000140153 0.00053783 0.999149
0.984836 0.0103471 0.00427576 0.000541401
0.000312117 0.000215288 0.000474211 0.998998
0.000124192 0.000137701 0.000615809 0.999122
0.979255 0.00736746 0.0127222 0.000655029
0.98896 0.0105823 0.000214823 0.00024252
0.0127313 0.011313 0.970039 0.00591651
2.08032e-08 0.999999 2.87711e-07 7.1796e-07
0.0184686 0.00454208 0.974643 0.0023469
0.00889782 0.021699 0.966675 0.00272862
6.23237e-07 7.92171e-07 0.999998 1.59811e-07
0.000210619 0.000180298 0.000660338 0.998949
6.90312e-08 0.999998 9.79386e-07 1.20601e-06
0.000140776 0.000160722 0.00135203 0.998346
0.986301 0.00794469 0.00461552 0.00113894
0.0293228 0.0115326 0.951513 0.00763179
0.000396007 0.998383 0.000336017 0.000885356
0.527439 0.0431628 0.418387 0.0110109
0.000515025 0.000516968 0.000375618 0.998592
0.134502 0.0115923 0.843351 0.0105543
2.96952e-06 0.999959 2.29016e-05 1.47472e-05
0.000202301 0.000198329 0.000705946 0.998893
3.17115e-05 0.999701 0.000178305 8.92864e-05
0.00527862 0.0078787 0.986445 0.000397758
0.0032751 0.000454949 0.996038 0.000231698
3.01283e-07 0.999991 3.7475e-06 4.78537e-06
0.000139077 0.999231 0.000177536 0.000452536
3.06838e-06 5.15859e-07 0.999995 1.52189e-06
0.00211454 0.000951014 0.996622 0.000311952
0.17535 0.786015 0.0151328 0.0235022
0.0028452 0.00119826 0.99573 0.000226512
0.767471 0.0900439 0.1242 0.0182848
7.75173e-05 0.000124122 0.000128703 0.99967
1.17878e-08 0.999999 3.06994e-07 6.08067e-07
0.974985 0.0137942 0.00872822 0.00249231
0.838637 0.00397056 0.148473 0.00892003
1.7952e-05 1.64086e-05 0.999963 3.07945e-06
0.000120459 6.80729e-05 0.000403593 0.999408
0.119612 0.00451739 0.870192 0.00567925
0.012054 0.000994872 0.986261 0.000690158
0.000104583 7.30538e-05 0.000323926 0.999498
0.565292 0.222367 0.174594 0.0377464
6.54235e-05 0.000149697 0.000161338 0.999624
0.0156535 0.0265558 0.953627 0.00416365
0.000198563 0.000170753 0.000354368 0.999276
0.000106013 6.3277e-05 0.00015452 0.999676
0.987332 0.00320944 0.00359903 0.00585946
0.00815766 0.000672623 0.990931 0.000238474
0.00238317 0.983733 0.0122025 0.00168148
0.0404558 0.0114968 0.947015 0.00103296
7.67615e-05 8.45272e-05 0.000114834 0.999724
5.58991e-09 1 1.32774e-07 2.64275e-07
0.000101157 3.82231e-05 0.999848 1.27388e-05
0.958203 0.0187898 0.0130408 0.00996629
2.71631e-05 1.639e-05 0.999953 3.79548e-06
6.4626e-05 0.999569 8.82328e-05 0.000278248
0.000816826 0.994248 0.0043681 0.000566835
0.0339691 0.736592 0.205247 0.024192
0.00345068 0.959823 0.0347293 0.00199727
0.000337548 0.999198 0.000182564 0.000281553
0.853458 0.0760016 0.0516246 0.0189161
9.50842e-08 0.999996 2.13951e-06 2.18287e-06
0.000223717 0.000169759 0.000778027 0.998828
6.01283e-05 8.31895e-05 0.000138944 0.999718
4.38546e-05 3.48391e-05 6.07775e-05 0.999861
5.44874e-05 5.90547e-05 0.000122314 0.999764
0.0659629 0.00622837 0.922429 0.00538015
3.14131e-05 0.999546 0.000282134 0.000140898
0.873634 0.0134362 0.110956 0.00197338
0.0772427 0.0452213 0.875082 0.0024534
0.000110934 6.69426e-05 0.000125284 0.999697
5.09944e-07 0.999995 1.52593e-06 3.43317e-06
0.000195595 1.96191e-05 0.999759 2.58894e-05
0.0782619 0.254055 0.649973 0.0177095
0.000214322 0.000255817 0.00119882 0.998331
0.000421924 0.998032 0.001085 0.000460746
0.328984 0.0404797 0.625757 0.00477903
0.000163721 0.000179626 0.000413456 0.999243
0.00595715 0.00121978 0.992249 0.000574242
0.898415 0.0811403 0.0185516 0.00189355
0.00324178 0.194128 0.801132 0.00149841
0.0960867 0.0109821 0.886913 0.0060186
0.0142414 0.00151268 0.983114 0.00113143
1.39894e-05 0.99996 1.21548e-05 1.37993e-05
0.356432 0.0204054 0.615423 0.00773935
0.965198 0.0235371 0.00364639 0.00761888
1.97605e-06 0.999953 2.6625e-05 1.83221e-05
7.68194e-05 9.51753e-05 0.999787 4.11193e-05
0.00300524 0.00713605 0.989169 0.000690103
0.000767149 0.000484889 0.998656 9.21083e-05
0.00208765 0.968369 0.0279649 0.00157863
0.586812 0.268713 0.134103 0.0103719
0.136358 0.861359 0.000873674 0.00140968
0.0135348 0.0399168 0.944154 0.00239469
0.00588869 0.00928371 0.982792 0.00203514
0.263983 0.0514374 0.679816 0.00476329
2.18786e-05 4.62408e-06 0.999965 8.16398e-06
0.000626139 0.000558597 0.000499158 0.998316
0.205292 0.011706 0.776821 0.00618092
0.000151172 9.69733e-05 0.000216368 0.999536
0.000551251 7.11787e-05 0.99933 4.75305e-05
0.00135472 0.00353072 0.994629 0.000485345
0.000119285 0.000108199 0.000338254 0.999434
0.881894 0.00813938 0.107853 0.00211424
0.27319 0.0792746 0.599297 0.0482389
0.00506495 0.956904 0.0344008 0.00362987
0.0267287 0.00881739 0.962604 0.00185006
0.323431 0.00973182 0.663589 0.00324785
0.00883317 0.00683952 0.983885 0.00044269
0.00112245 0.000785154 0.997871 0.000221712
0.00112931 0.000393807 0.998345 0.000132112
0.00012501 0.998718 0.000849356 0.00030759
7.70334e-05 4.67131e-05 9.38256e-05 0.999782
0.924427 0.0325916 0.0375167 0.00546484
0.000145392 7.93046e-05 0.000565439 0.99921
0.193729 0.0270096 0.770154 0.00910697
0.00145163 0.00614561 0.991872 0.000530667
6.48566e-05 6.30615e-05 0.000260798 0.999611
0.00955042 0.984309 0.00544136 0.000698866
0.0463567 0.0727221 0.876443 0.0044783
6.13783e-05 7.40606e-05 0.000130417 0.999734
0.00019443 0.000181466 0.000441227 0.999183
0.000116008 7.85855e-05 0.000354752 0.999451
0.000208376 0.000229334 0.000660607 0.998902
9.17614e-05 7.14069e-05 0.000322539 0.999514
0.387942 0.0126295 0.586262 0.0131668
0.0638447 0.00659135 0.925493 0.00407115
0.0282497 0.96019 0.0099724 0.00158801
8.40838e-05 0.00015338 0.999715 4.71246e-05
0.910621 0.00916507 0.070505 0.00970937
9.02488e-07 9.77732e-07 0.999998 2.13998e-07
0.951834 0.0213388 0.0163622 0.0104645
0.0914604 0.00391773 0.901856 0.00276627
0.000371049 0.00054946 0.000930198 0.998149
6.3308e-05 4.01414e-05 0.00019923 0.999697
0.00299971 0.936859 0.0573266 0.00281436
0.000235094 0.000174306 0.000404777 0.999186
0.000169198 0.000109965 0.000808621 0.998912
1.8912e-06 0.999931 5.06682e-05 1.69763e-05
9.79738e-05 6.60502e-05 0.000141047 0.999695
0.000117135 0.000100912 0.00032723 0.999455
0.00398176 0.963696 0.0301621 0.00215996
1.67659e-06 0.999969 1.54621e-05 1.39183e-05
8.21693e-06 0.999864 8.35691e-05 4.4305e-05
0.506808 0.0789958 0.404371 0.00982554
0.00692863 0.954331 0.0350227 0.0037179
0.920468 0.0137745 0.0584887 0.00726863
0.197087 0.00940665 0.790296 0.00321022
0.000138623 8.57466e-05 0.000205677 0.99957
0.000165356 0.00015569 0.000642074 0.999037
0.751648 0.0474001 0.192431 0.00852008
0.000612664 0.000178221 0.999047 0.000161675
0.00022248 0.000223134 0.000457772 0.999097
0.000108315 0.000109069 0.000239603 0.999543
1.77271e-06 2.27663e-06 0.999995 4.52907e-07
1.62567e-05 0.999839 6.03949e-05 8.47997e-05
1.97662e-05 1.70485e-05 0.999959 4.30516e-06
5.0337e-05 6.19102e-05 0.000140303 0.999747
0.0664286 0.00302174 0.926984 0.00356559
0.000234004 0.000304702 0.999412 4.96609e-05
0.206494 0.0186346 0.770332 0.00453906
0.01645 0.00115011 0.982 0.000399907
0.968916 0.0269751 0.00281847 0.0012909
0.974625 0.0100917 0.0102515 0.00503152
0.000245027 8.35637e-05 0.999648 2.33925e-05
0.920624 0.0630549 0.00295853 0.0133628
9.94523e-05 6.92909e-05 0.000512205 0.999319
0.953917 0.00318449 0.032303 0.0105957
0.00115523 0.000321894 0.998448 7.49251e-05
6.9218e-05 4.74649e-05 0.00023086 0.999653
0.0376353 0.740088 0.210132 0.0121438
3.5723e-06 0.999897 6.39807e-05 3.52238e-05
5.39495e-05 7.75187e-05 0.000121426 0.999747
0.873515 0.00216424 0.117448 0.00687334
1.12596e-05 1.39209e-05 0.999971 3.85345e-06
0.629237 0.0379503 0.322915 0.00989794
6.01378e-05 2.03985e-05 0.99991 9.64554e-06
0.00939127 0.854164 0.131815 0.00462907
4.23636e-05 4.39817e-05 7.12334e-05 0.999842
0.000226966 2.8259e-05 0.999716 2.84102e-05
0.862188 0.0153062 0.117502 0.00500413
6.20412e-05 4.47217e-05 0.000182278 0.999711
0.000160649 0.000116318 0.00021999 0.999503
0.024899 0.0842735 0.885921 0.00490683
0.387471 0.0278292 0.579982 0.00471772
0.000216373 0.000248592 0.000547255 0.998988
0.256916 0.0645491 0.671191 0.00734422
0.969372 0.0110004 0.0168299 0.00279767
0.287487 0.0594899 0.635922 0.0171013
6.00419e-05 0.000136792 0.999779 2.41193e-05
0.680432 0.232496 0.080676 0.00639567
0.0398896 0.00617948 0.953065 0.000865635
3.41413e-07 0.99999 4.45315e-06 5.54656e-06
0.000124878 0.999045 0.000231661 0.000598115
0.000409263 0.0011037 0.998297 0.00018965
0.0815227 0.00338314 0.91161 0.00348473
0.000103932 9.23445e-05 0.000398713 0.999405
1.5545e-06 0.99996 2.16403e-05 1.65266e-05
0.637677 0.112764 0.23615 0.0134094
0.00351625 0.0053497 0.989918 0.00121631
5.24441e-05 3.4049e-05 0.999899 1.43885e-05
0.000443318 0.00044174 0.998917 0.000198456
0.000101123 9.10269e-05 0.000420056 0.999388
0.0110696 0.00169657 0.986497 0.000736801
0.112073 0.00408196 0.881376 0.00246865
0.651841 0.215125 0.11847 0.0145631
0.985473 0.0136887 0.000509178 0.000328841
0.0304201 0.00471937 0.963417 0.00144401
0.000140344 0.000209642 0.000232594 0.999417
0.901887 0.00853913 0.0851911 0.00438224
0.0738988 0.147092 0.762507 0.0165026
0.00108185 0.00038654 0.998331 0.000200621
0.0624222 0.0033939 0.930771 0.00341287
0.000195811 0.000403186 0.000445964 0.998955
0.000143115 9.55532e-05 0.000437253 0.999324
0.00202391 0.000984151 0.996684 0.000307499
0.0015733 0.000880337 0.997264 0.00028283
2.11077e-05 5.32075e-06 0.999967 6.70505e-06
0.901673 0.00877391 0.0833729 0.00617989
9.93504e-05 7.73097e-05 0.000340383 0.999483
0.000125175 9.2521e-05 0.000193117 0.999589
0.0218775 0.00121556 0.975126 0.00178118
0.000474088 0.998434 0.000690749 0.00040156
0.571552 0.0564467 0.343031 0.0289706
0.898396 0.00650518 0.0931896 0.00190928
0.642905 0.0414968 0.304696 0.0109021
9.99524e-05 7.51827e-05 0.999782 4.30889e-05
0.024373 0.780403 0.184641 0.0105827
0.898376 0.0256108 0.0607275 0.0152853
0.0144273 0.863273 0.107872 0.0144279
0.000158418 0.000138712 0.000394757 0.999308
0.552389 0.0260506 0.413691 0.00786949
0.00743653 0.000986565 0.991325 0.000252214
6.5932e-05 8.13811e-05 0.000132791 0.99972
0.000159918 0.000112737 0.000721151 0.999006
2.19762e-06 3.17357e-06 0.999994 6.48031e-07
0.426032 0.00695905 0.563574 0.00343575
1.09276e-07 0.999996 1.39054e-06 2.15377e-06
0.0035792 0.0148484 0.980715 0.000857133
0.0375764 0.952259 0.00194492 0.00821934
0.000136431 7.64e-05 0.000164248 0.999623
0.000113989 7.02748e-05 0.000365306 0.99945
0.124252 0.796934 0.0732015 0.00561255
0.326376 0.0147002 0.642822 0.0161017
0.00016867 0.000223241 0.000829968 0.998778
0.000831015 0.00013925 0.998976 5.39487e-05
0.851435 0.0216627 0.117349 0.00955277
0.849413 0.115944 0.0176463 0.0169973
0.241838 0.0414272 0.71002 0.00671524
1.67466e-06 0.999987 3.31532e-06 7.65106e-06
0.0482969 0.151258 0.785807 0.0146371
0.000102288 8.75957e-05 0.000454502 0.999356
4.56219e-05 0.999866 3.91778e-05 4.93606e-05
0.987646 0.00256487 0.0035835 0.00620561
0.0771466 0.891452 0.0152993 0.0161022
0.000107641 8.87232e-05 0.000392903 0.999411
0.000261994 0.000306186 0.000387863 0.999044
0.0188878 0.00837295 0.970909 0.00183022
0.0189261 0.826846 0.144539 0.00968815
0.00221935 0.0047936 0.992149 0.000838396
0.000112493 0.000112445 0.00141179 0.998363
0.000571923 0.996824 0.00190959 0.000694617
0.495358 0.0068309 0.491398 0.00641262
0.000140164 0.000256604 0.000353584 0.99925
6.3797e-05 6.78028e-05 0.000155794 0.999713
6.05605e-05 0.000138848 0.000174944 0.999626
0.000246438 0.000214012 0.999473 6.6157e-05
0.816908 0.00889706 0.165164 0.00903074
2.71154e-07 0.999992 3.39181e-06 4.62466e-06
0.0156441 0.00162289 0.982329 0.000403739
0.238774 0.00811242 0.75026 0.00285409
0.974741 0.00747298 0.00668337 0.0111028
0.842772 0.0102322 0.137612 0.00938349
0.000178257 1.85995e-05 0.999786 1.70332e-05
2.65871e-05 2.06662e-05 3.93987e-05 0.999913
7.98194e-05 7.61485e-05 0.000157566 0.999686
7.41018e-07 9.778e-07 0.999998 2.15882e-07
0.000129323 0.000154626 0.000202416 0.999514
1.82806e-06 0.999967 1.07578e-05 2.03523e-05
0.0320758 0.00128998 0.964648 0.00198603
0.985566 0.00296202 0.00580545 0.00566696
0.000187578 0.000163219 0.000526578 0.999123
0.000128509 6.98847e-05 0.000145937 0.999656
7.0891e-08 0.999997 7.5284e-07 1.6139e-06
0.152979 0.00437278 0.840239 0.00240968
0.000223784 0.000156672 0.00085522 0.998764
0.0263083 0.531021 0.433689 0.00898162
3.00225e-05 1.26097e-05 0.999952 4.95856e-06
0.000178465 0.00018987 0.000411395 0.99922
0.975472 0.00894738 0.0130467 0.00253414
0.000119297 0.000104422 0.000528277 0.999248
0.000321803 0.000455308 0.000477878 0.998745
0.92929 0.0689806 0.00125585 0.000473662
0.000108443 9.43199e-05 0.000263371 0.999534
0.00107669 0.998271 0.000407824 0.000244639
0.959213 0.0290136 0.00336552 0.008408
0.981341 0.00511997 0.00489322 0.00864583
0.000126644 8.91213e-05 0.000776683 0.999008
0.0138926 0.00156358 0.983982 0.000561936
0.0391882 0.00237562 0.957077 0.00135943
0.00470354 0.0272309 0.966562 0.00150359
1.77486e-05 3.79215e-06 0.999974 4.72186e-06
0.0613548 0.902237 0.0336751 0.00273301
9.20918e-05 0.0001426 0.000125585 0.99964
6.05419e-06 0.999925 4.33881e-05 2.5138e-05
0.975069 0.00378993 0.00884898 0.0122924
0.94725 0.011342 0.032889 0.00851926
0.85986 0.0187311 0.113328 0.00808169
0.959338 0.00575457 0.0183327 0.0165749
0.0961887 0.00581666 0.896154 0.0018412
0.906369 0.0696133 0.0170709 0.00694714
9.41897e-07 0.999965 2.51126e-05 8.50999e-06
0.000110716 7.5652e-05 0.000324462 0.999489
0.00438325 0.000528239 0.994847 0.000241406
0.666897 0.0132369 0.317492 0.00237366
0.0433409 0.142386 0.811654 0.00261902
0.737579 0.00835932 0.246584 0.00747764
0.000863462 0.990661 0.00723252 0.00124313
0.979659 0.00241105 0.0102933 0.00763613
1.06162e-06 1.5944e-06 0.999997 3.41594e-07
0.00291301 0.991144 0.00291325 0.00302954
0.0187275 0.0546461 0.921096 0.00553006
0.918379 0.0539096 0.0163314 0.0113803
0.000622169 0.0020658 0.997047 0.000265262
0.0008172 0.000780221 0.000519397 0.997883
0.00093273 0.00178849 0.997078 0.000200825
0.000122615 0.000143443 0.00067892 0.999055
0.152279 0.00862057 0.827947 0.0111535
0.000149759 0.000146249 0.000638784 0.999065
5.68362e-05 5.80248e-05 0.000119618 0.999766
0.0920427 0.0208515 0.884454 0.00265164
4.00903e-06 0.9999 7.1072e-05 2.49614e-05
7.85719e-05 0.000154293 0.000230232 0.999537
0.0026709 0.239574 0.755863 0.0018915
0.0105854 0.0118466 0.973263 0.00430485
0.123019 0.0225382 0.850346 0.00409591
0.0002341 6.86879e-05 0.999681 1.61403e-05
0.0225828 0.00128607 0.975037 0.00109453
0.0156884 0.00340769 0.979767 0.00113722
0.00716639 0.124557 0.865672 0.00260445
0.0253549 0.0916729 0.876475 0.00649688
0.00318583 0.938505 0.0565545 0.00175487
0.000119309 0.000231616 0.000585235 0.999064
6.77626e-05 5.84223e-05 0.999847 2.67136e-05
0.00618239 0.361468 0.62832 0.00402956
0.000206603 0.000227576 0.00034869 0.999217
0.0219857 0.106789 0.865691 0.00553446
6.38455e-05 4.78195e-05 0.000103718 0.999785
0.00164796 0.000598867 0.997655 9.85328e-05
0.716452 0.0617517 0.212707 0.00908957
0.000145616 8.4281e-05 0.000174387 0.999596
0.00149079 0.00587349 0.991588 0.00104763
0.00579252 0.00790722 0.984859 0.00144147
1.55138e-05 0.999854 7.55412e-05 5.46361e-05
0.00297086 0.966515 0.0276893 0.00282443
0.729055 0.212233 0.0436986 0.0150135
0.000179423 0.000116324 0.000622516 0.999082
8.02616e-05 0.999435 0.000131006 0.000354023
0.0714621 0.0012447 0.922772 0.00452077
6.18432e-05 5.12316e-05 0.000150719 0.999736
1.7608e-05 4.77334e-06 0.999971 6.20235e-06
0.771065 0.0521056 0.167829 0.00900021
8.71642e-05 0.000260302 0.999569 8.35445e-05
0.697156 0.0307084 0.263186 0.00894926
3.82138e-05 2.02476e-05 0.999936 5.44283e-06
0.78886 0.0081378 0.200438 0.00256404
0.969157 0.0261153 0.00369401 0.00103412
0.560322 0.0247939 0.406071 0.00881357
9.49167e-05 6.8581e-05 0.000402334 0.999434
