score: 0.6422805230740971
Duration: 50.30958342552185
timestamps: [14.10399603843689, 16.75662088394165, 26.202794075012207, 34.080939292907715, 44.14638376235962, 50.30958342552185]
nauc_scores: [0.4659696900511694, 0.6081206309648852, 0.6959606491188599, 0.741922807001195, 0.7258715965735092, 0.7489235139012584]
accuracy: [0.4724588678559176, 0.5347373272714747, 0.611755534922161, 0.6395498004815373, 0.6589347328341827, 0.6568960964794149]
