score: 0.7495166605128404
Duration: 305.1976282596588
