score: 0.7354047494686409
Duration: 300.05164766311646
