batch_size_train: 128
dropout: 0.015879083868266437
lr: 0.0002414299315484947
model: densenet_128
optimizer: Adam
