batch_size_train: 128
dropout: 0.05020115870299986
lr: 0.001046387260307401
model: efficientnet_pytorch_128
optimizer: Adam
