batch_size_train: 128
dropout: 0.8564271866738911
lr: 0.005072513655201478
model: shufflenet10_64
optimizer: Adam
