batch_size_train: 128
dropout: 0.9464568751773911
lr: 0.3972367882881442
model: efficientnet_pytorch_128
optimizer: SGD
