batch_size_train: 128
dropout: 0.02550155615863712
lr: 0.00036639798453251446
model: densenet_224
optimizer: Adam
