batch_size_train: 128
dropout: 0.7320378481637995
lr: 0.4271184857847019
model: efficientnet_pytorch_128
optimizer: SGD
