0.0263548 0.898438 0.00134239 0.0690949 0.00108788 0.00193061 0.00175103
0.185513 0.540675 0.00154077 0.265396 0.00085887 0.00255163 0.00346568
0.79403 0.14323 0.00418467 0.0371221 0.000531458 0.0169406 0.00396058
0.0146823 0.765132 0.000844897 0.213438 0.000723213 0.00203378 0.00314599
0.671952 0.255811 0.00304459 0.0593456 0.00064239 0.00662214 0.00258166
0.551838 0.157975 0.00629112 0.223162 0.00285436 0.0332924 0.0245864
0.0758689 0.0337082 0.0282895 0.00587775 0.00111662 0.67069 0.184449
0.0168749 0.723433 0.000470341 0.256319 0.000557102 0.00109135 0.00125454
0.172276 0.0178096 0.057366 0.0567362 0.00253047 0.149704 0.543577
0.138574 0.0294204 0.439498 0.0099502 0.00348474 0.153882 0.225192
0.0108016 0.796618 0.000208188 0.191342 0.000232242 0.000385317 0.000412597
0.00720719 0.981557 0.000302005 0.00992044 0.000275865 0.000376087 0.000361158
0.0459797 0.387935 0.000482785 0.562399 0.000850557 0.00086742 0.00148526
0.0271297 0.160804 0.0216941 0.0270319 0.12104 0.622127 0.0201736
0.000744446 0.998254 8.51602e-05 0.000716326 7.70024e-05 6.92978e-05 5.41937e-05
0.0724136 0.153719 0.0231131 0.445338 0.189869 0.0949647 0.0205836
0.135333 0.505939 0.00134338 0.351732 0.00106172 0.00234068 0.00225084
0.000450919 0.99873 0.000125004 0.000424891 7.73721e-05 0.000106209 8.5223e-05
0.745409 0.0218124 0.00127003 0.222971 0.000342341 0.00388533 0.00430956
0.409524 0.368949 0.00248787 0.212406 0.00134264 0.00287349 0.0024171
0.00689303 0.844642 0.000136845 0.147486 0.000379914 0.000273176 0.000188743
0.633868 0.107345 0.00149851 0.252971 0.000934009 0.00210614 0.00127754
0.688685 0.0225512 0.00351788 0.248349 0.000695802 0.0134712 0.0227298
0.44665 0.0933146 0.00598392 0.428445 0.0032747 0.0100392 0.0122922
0.116692 0.730846 0.00295089 0.138875 0.00118366 0.00580483 0.00364768
0.123 0.0320394 0.144498 0.00570746 0.00163122 0.333412 0.359713
0.00140507 0.997166 0.000561437 0.000363553 0.000140246 0.000201399 0.000162044
0.0213682 0.819041 0.000456995 0.157 0.000746296 0.000808454 0.000578727
0.00700331 0.884638 0.000124279 0.107444 0.000368069 0.000270072 0.00015217
0.0242343 0.912847 0.0564818 0.000660676 0.00130258 0.00276115 0.00171224
0.109594 0.577555 0.0191905 0.151209 0.00939009 0.101578 0.0314834
0.0136927 0.909003 0.00023537 0.0757949 0.000627571 0.000476024 0.000170265
0.134108 0.529081 0.00232609 0.323629 0.00184118 0.00435677 0.00465731
0.0163542 0.870999 0.00154157 0.0970659 0.00659155 0.00561398 0.00183376
0.478745 0.476007 0.004047 0.0382339 0.000978894 0.00145398 0.000534419
0.454791 0.267053 0.0263549 0.0820013 0.00342646 0.0781197 0.0882535
0.0296814 0.838122 0.00572888 0.0499079 0.00397579 0.0574907 0.0150937
0.330956 0.0917609 0.010567 0.508368 0.00461071 0.0186269 0.035111
0.975763 0.0193749 0.000840735 0.00356712 1.86824e-05 0.000319998 0.000115034
0.0384924 0.764779 0.000385731 0.194521 0.000543059 0.000733737 0.000544912
0.735422 0.17187 0.0102657 0.0629515 0.00148758 0.0120106 0.00599263
0.00140773 0.979059 6.63338e-05 0.0190648 0.000198377 0.000129902 7.33553e-05
0.00153584 0.967179 7.3147e-05 0.0306202 0.000318457 0.000162186 0.000111428
0.1134 0.209309 0.0536904 0.0839497 0.0143235 0.401729 0.123599
0.28103 0.650625 0.00140125 0.0648843 0.000608036 0.000851949 0.000599392
0.0117775 0.831952 0.000333339 0.15373 0.00116883 0.000675721 0.000363219
0.00187458 0.0711124 0.00518612 0.00514369 0.70523 0.210139 0.00131374
0.0826877 0.0195929 0.050862 0.0432775 0.00333747 0.377562 0.422681
0.120937 0.5469 0.0018796 0.322552 0.00148393 0.00331238 0.00293604
0.00373496 0.967594 0.000148127 0.02733 0.000512665 0.000565332 0.000114717
0.000334951 0.998841 5.30347e-05 0.000599609 9.11456e-05 4.95694e-05 3.06887e-05
0.429422 0.457933 0.00152087 0.108498 0.000706644 0.000952534 0.000967829
0.233585 0.352499 0.00347216 0.398036 0.003274 0.00494225 0.00419145
0.0393866 0.407039 0.000838914 0.546674 0.000847039 0.00191497 0.00329885
0.0349145 0.636853 0.000478103 0.325286 0.000769964 0.000761405 0.00093678
0.021032 0.829441 0.000811609 0.144471 0.000595902 0.00132056 0.00232836
0.248368 0.0936469 0.0262663 0.469601 0.0273025 0.0732153 0.0615991
0.00298293 0.992776 0.000419528 0.00288608 0.000267286 0.000383492 0.000285024
0.000226809 0.999173 5.12661e-05 0.000391614 6.94291e-05 5.5658e-05 3.25155e-05
0.35932 0.353015 0.00423639 0.26192 0.00233317 0.00952203 0.00965376
0.0461982 0.665823 0.00101909 0.281507 0.00134875 0.00220754 0.00189643
0.0285897 0.931446 0.00100196 0.02684 0.000877687 0.0097763 0.00146852
0.00526095 0.956374 0.000171173 0.0372116 0.000426298 0.000399994 0.000155785
0.589005 0.10384 0.013872 0.188429 0.0038662 0.0514013 0.0495876
0.0122556 0.90793 0.000216865 0.0784416 0.000258723 0.000588337 0.000308701
0.0184257 0.00594953 0.00593594 0.000397229 8.83529e-05 0.910313 0.0588905
0.000389 0.999082 0.000125751 0.000205969 7.53081e-05 7.44798e-05 4.72788e-05
0.00205589 0.995863 0.000756239 0.000646425 0.000209021 0.000257296 0.000211977
0.448586 0.460543 0.00165777 0.0838895 0.000572887 0.00308729 0.00166297
0.661719 0.306928 0.00284305 0.0260486 0.00096173 0.00120247 0.000297536
0.462154 0.391576 0.00149664 0.142201 0.00111479 0.000916422 0.000541155
0.348368 0.125321 0.00362399 0.501807 0.0020881 0.00712385 0.0116677
0.0127273 0.890161 0.000889539 0.0893997 0.000546555 0.00221162 0.00406425
0.000671646 0.998418 0.000187212 0.000438495 9.73553e-05 0.000102935 8.4164e-05
0.214272 0.5739 0.0235791 0.105638 0.00526022 0.0244743 0.0528769
0.0885598 0.0595671 0.0145018 0.317116 0.00180051 0.0632465 0.455209
0.108274 0.335331 0.0123928 0.0346987 0.0035834 0.454057 0.0516623
0.5695 0.262585 0.00127665 0.162942 0.00154034 0.00146348 0.000692666
0.0145915 0.79508 0.000152442 0.189311 0.000411449 0.000285467 0.000168736
0.000528509 0.996821 6.02552e-05 0.00235906 0.000115399 6.32854e-05 5.26999e-05
0.000273367 0.996765 3.11323e-05 0.00260773 0.000247761 5.26497e-05 2.26132e-05
0.0952269 0.193264 0.0181209 0.0220375 0.00378499 0.595335 0.0722309
0.294731 0.281459 0.394586 0.00461792 0.00357551 0.00988209 0.0111487
0.0173676 0.856748 0.000325682 0.124125 0.000494229 0.000459561 0.000479917
0.00153529 0.989188 9.79989e-05 0.00878386 0.00019268 0.00010308 9.86411e-05
0.60798 0.13392 0.00833976 0.0871204 0.000809677 0.0413341 0.120496
0.630083 0.0424686 0.00518838 0.0324104 0.00043937 0.242983 0.0464275
0.00637549 0.948492 0.000201277 0.043549 0.000572104 0.000627838 0.000182345
0.794822 0.11451 0.00252272 0.0412348 0.000416488 0.0378413 0.00865275
1.63053e-05 0.999958 6.39004e-06 9.52478e-06 3.44537e-06 4.00868e-06 1.99852e-06
0.00129058 0.99612 0.000357377 0.00158209 0.000227347 0.000261059 0.000161124
0.57175 0.0228947 0.00826484 0.0239486 0.000271845 0.0839552 0.288915
0.748086 0.231304 0.00760437 0.00904617 0.00055519 0.00226849 0.00113612
0.00347305 0.806361 9.97915e-05 0.188839 0.000803273 0.000291748 0.000132146
0.109058 0.148823 0.0439363 0.0225788 0.00658318 0.584396 0.0846254
0.00706419 0.967949 0.000274837 0.0236432 0.00029107 0.000399501 0.000378643
0.240253 0.23932 0.0208553 0.383478 0.0101166 0.0397602 0.0662176
0.706455 0.199177 0.00141648 0.0891741 0.000315926 0.00162952 0.0018319
0.0329593 0.907422 0.000697849 0.0509158 0.000416477 0.00550665 0.00208205
0.86306 0.028135 0.000913707 0.103138 0.000228319 0.00315178 0.00137326
0.00369002 0.400154 0.00293869 0.00933103 0.575587 0.00765987 0.000639918
0.404963 0.0779482 0.00288606 0.00310669 0.000113164 0.484669 0.0263139
0.479108 0.491984 0.00092857 0.0109973 0.000165891 0.0148464 0.00197034
0.0192161 0.949027 0.0015109 0.0152955 0.000996067 0.0124687 0.00148613
0.00145891 0.988187 9.95991e-05 0.00976428 0.000264539 0.000139232 8.5823e-05
0.947714 0.0278992 0.000567231 0.0129316 4.13769e-05 0.00856857 0.00227773
0.139186 0.165834 0.031056 0.0935621 0.00506598 0.206882 0.358414
0.000327347 0.992398 2.43171e-05 0.00706928 0.00010976 4.31824e-05 2.82398e-05
0.0260542 0.882281 0.000797939 0.0869913 0.000809207 0.00194997 0.0011166
0.000809446 0.997996 0.0003931 0.000319305 0.000109767 0.000189506 0.000182667
0.00334837 0.885896 9.29021e-05 0.109977 0.000294023 0.000245562 0.000146155
6.49564e-05 0.999808 1.55463e-05 7.77923e-05 1.4927e-05 1.01055e-05 8.99105e-06
0.00626477 0.928753 0.000100889 0.0643945 0.00015508 0.000226565 0.000105123
0.00400234 0.993287 0.0015563 0.000395918 0.000237178 0.000274965 0.000246561
0.000526349 0.992844 8.39731e-05 0.00586426 0.000359731 0.000220733 0.000100728
0.177867 0.775611 0.0147219 0.0225097 0.00259191 0.00349607 0.0032021
0.725195 0.0301521 0.0111413 0.0245969 0.000339936 0.036597 0.171978
0.0265436 0.962299 0.00563007 0.00242075 0.000965575 0.00109234 0.00104863
0.199361 0.0759968 0.0328034 0.329385 0.00706304 0.0793919 0.275999
0.0667974 0.812352 0.00380171 0.0311359 0.00195471 0.0764616 0.00749662
0.00456911 0.990815 0.000435611 0.00300648 0.000271711 0.000549118 0.000352848
0.327363 0.374732 0.00330597 0.286381 0.0019098 0.00290033 0.00340768
0.0267335 0.656763 0.00195967 0.287283 0.0192808 0.00621854 0.00176198
0.00048899 0.995469 6.32968e-05 0.00370111 9.24407e-05 8.78847e-05 9.68793e-05
0.0311433 0.313773 0.00186022 0.601516 0.000728714 0.00645364 0.0445256
0.183395 0.165886 0.0031336 0.608106 0.00111857 0.00608373 0.0322772
0.000796912 0.986758 8.0281e-05 0.01187 0.000153257 0.000194976 0.000146405
0.0227832 0.850548 0.000559602 0.122803 0.00112261 0.00133921 0.000843727
0.0136747 0.928144 0.000298879 0.0565642 0.00051866 0.000555789 0.000243412
0.000484577 0.998841 0.00018029 0.000222923 8.308e-05 0.000118689 6.89426e-05
0.162692 0.519385 0.00444309 0.240738 0.00126499 0.00845354 0.0630228
0.000799939 0.995101 5.98629e-05 0.00378818 0.000144204 6.15101e-05 4.54195e-05
0.0487313 0.0315003 0.00388974 0.868103 0.00595111 0.0197748 0.02205
0.0119892 0.55222 0.00029491 0.433383 0.000515002 0.000709249 0.000888816
0.440342 0.29215 0.00753969 0.219506 0.00260243 0.0209261 0.0169345
0.340951 0.211896 0.00522841 0.41765 0.00410945 0.0107713 0.00939455
0.00010845 0.999715 7.92015e-05 3.11066e-05 2.77168e-05 2.24297e-05 1.61387e-05
0.0011133 0.989059 0.00878782 4.47723e-05 0.000391577 0.000455363 0.000148172
0.000461829 0.99843 0.000111668 0.000602376 0.000280616 6.89291e-05 4.49185e-05
0.000156737 0.999532 2.85469e-05 0.000207282 3.45868e-05 2.50373e-05 1.59144e-05
0.814005 0.0648565 0.0131933 0.0168872 0.00058212 0.0470397 0.0434358
0.0291801 0.930638 0.000310564 0.0351624 0.000278293 0.00349634 0.000934016
2.25899e-05 0.999928 6.36404e-06 2.61376e-05 1.06158e-05 4.34626e-06 2.14151e-06
0.000416718 0.998718 0.00025591 0.000242866 8.67887e-05 0.000177402 0.000102748
0.0468886 0.741991 0.00107956 0.205448 0.00109905 0.00151096 0.00198257
0.276042 0.25926 0.0147294 0.321472 0.00479576 0.0417808 0.0819205
0.000900918 0.993026 9.85346e-05 0.00523039 0.000465159 0.000203193 7.57252e-05
0.351451 0.203064 0.0254184 0.293873 0.0117832 0.0609946 0.0534162
0.264186 0.242272 0.474968 0.00256279 0.00327956 0.00715601 0.00557608
0.419498 0.457712 0.00108246 0.117604 0.000473865 0.00229582 0.00133482
0.00410754 0.941133 0.000209911 0.0534136 0.000380606 0.000352737 0.000402352
0.52201 0.131755 0.0131057 0.0145206 0.000943078 0.23678 0.0808853
0.04165 0.828089 0.100014 0.00409972 0.0033941 0.0128051 0.00994882
0.915223 0.0720221 0.000473324 0.0111339 3.21134e-05 0.000917007 0.000198172
0.750321 0.155101 0.083263 0.00483812 0.000851046 0.00338592 0.00223923
0.180917 0.751541 0.0014107 0.0458139 0.000761885 0.0160276 0.00352795
0.869958 0.0319308 0.00500048 0.0489462 0.000427196 0.0220983 0.0216387
0.0149371 0.8156 0.00187002 0.114492 0.0425505 0.00907572 0.00147478
0.0174949 0.113695 0.015772 0.0429541 0.617744 0.185438 0.00690138
0.152838 0.0776042 0.0311043 0.0127862 0.00449767 0.649824 0.0713457
0.0797176 0.770374 0.00517227 0.132059 0.00585377 0.00436587 0.00245657
0.0644457 0.598719 0.00130267 0.32817 0.000775715 0.00216422 0.00442257
0.0217276 0.0103975 0.00895621 0.000938895 0.000233545 0.874177 0.0835694
0.00010367 0.999557 0.000188307 3.2454e-05 3.26963e-05 5.94961e-05 2.67932e-05
0.00155392 0.996238 0.000740972 0.000627817 0.000401121 0.000275979 0.000161769
0.140261 0.808475 0.00313327 0.02897 0.000873986 0.0146186 0.00366739
0.00137033 0.997482 0.000353289 0.000340874 0.000286433 0.000100315 6.67073e-05
0.257894 0.100935 0.570558 0.00802457 0.00465635 0.0298073 0.0281241
0.0339119 0.887915 0.00625885 0.0460522 0.00233572 0.00681619 0.0167106
0.0602402 0.333626 0.0152679 0.0201474 0.00181659 0.319218 0.249684
0.0210584 0.86181 0.000675836 0.111666 0.000545909 0.0013692 0.00287429
0.0823925 0.75671 0.000681134 0.156839 0.000460041 0.00162873 0.00128891
1.72453e-05 0.999861 8.79486e-05 3.3396e-06 1.15895e-05 1.39765e-05 4.45735e-06
0.0162915 0.798706 0.000287066 0.183323 0.000527986 0.000487621 0.00037691
0.0378759 0.839116 0.000430539 0.121063 0.00036109 0.00072882 0.000424991
0.0155012 0.848518 0.000386348 0.133637 0.00046749 0.00065477 0.000834392
0.343931 0.224352 0.0101849 0.384594 0.01803 0.013002 0.0059057
0.838844 0.064923 0.00174531 0.0714986 0.000288768 0.013322 0.0093784
0.00495546 0.934728 0.000100854 0.0596428 0.000303008 0.000189354 8.10107e-05
0.0275685 0.951912 0.000288282 0.0187977 0.000147647 0.00103869 0.00024737
0.000408716 0.997123 5.13956e-05 0.00220238 8.45941e-05 8.06622e-05 4.91483e-05
0.918826 0.0369649 0.000405037 0.0414412 6.35472e-05 0.0017737 0.000526032
0.642641 0.16833 0.00297585 0.178187 0.00133007 0.00431076 0.00222456
0.0163313 0.971534 0.00078092 0.0094443 0.000385881 0.000806826 0.000717169
0.13121 0.791498 0.00613944 0.0192873 0.00195011 0.0442874 0.00562748
0.0759905 0.908333 0.00665503 0.00404196 0.00222895 0.00169056 0.00106036
0.00994444 0.920379 0.000451875 0.0669401 0.000812576 0.000725377 0.000746658
0.000614546 0.997284 0.000189978 0.00128993 0.000181966 0.000282434 0.000156917
0.00676519 0.611287 0.000190566 0.380172 0.000274003 0.000560004 0.000751051
0.892724 0.0804417 0.000407133 0.0256469 5.36924e-05 0.000565874 0.000160768
0.00296057 0.99227 0.00135225 0.00140436 0.000675293 0.000877578 0.00046013
0.817246 0.0546798 0.00401682 0.0538033 0.000502726 0.0380947 0.031657
0.158113 0.128103 0.0142504 0.0186156 0.00176057 0.550176 0.128981
0.742253 0.130469 0.0115315 0.0150068 0.000674741 0.0757041 0.0243607
0.0227978 0.865937 0.000239997 0.11002 0.000209531 0.000482963 0.000312261
0.00732017 0.930465 0.000152295 0.0612505 0.00035549 0.000311173 0.000145225
0.000930205 0.997708 0.000102236 0.00100646 0.000129972 7.60281e-05 4.72547e-05
0.568081 0.410515 0.00224327 0.0172419 0.000573589 0.0010662 0.000279745
0.00037307 0.998276 4.83137e-05 0.001131 8.848e-05 4.82182e-05 3.49945e-05
0.0201959 0.859242 0.000329122 0.118239 0.000690773 0.00082723 0.000476541
0.163194 0.17146 0.0344327 0.0115857 0.00169109 0.389493 0.228144
0.331768 0.167513 0.0302781 0.0609599 0.00205284 0.073336 0.334091
5.14589e-05 0.999841 3.80643e-05 2.29918e-05 1.97731e-05 1.75684e-05 9.37191e-06
0.0452864 0.861594 0.000321253 0.0918392 0.000401435 0.000368523 0.000189314
0.00929605 0.847734 0.000177491 0.141907 0.000212962 0.000346274 0.000325938
0.117278 0.6716 0.003868 0.190666 0.00169301 0.00682373 0.00807204
0.0113142 0.982374 0.00103264 0.00387269 0.000605152 0.000434511 0.000366804
0.55468 0.0319991 0.00952412 0.313116 0.00262386 0.0387978 0.0492587
0.0458475 0.870696 0.0531864 0.00621104 0.00317107 0.00915359 0.0117345
0.000210314 0.999319 3.39945e-05 0.000345364 2.10325e-05 3.58815e-05 3.47256e-05
0.709339 0.0569503 0.00242146 0.218832 0.000946433 0.00695058 0.00456046
0.000377231 0.99873 0.00017552 0.000351974 0.000142932 0.000149668 7.24316e-05
0.00127229 0.997823 0.000324552 0.000256034 0.000110332 0.000113838 0.000100245
0.00746737 0.486667 0.0075165 0.00500687 0.00313503 0.466408 0.0237993
0.0893748 0.698082 0.0113374 0.0592952 0.0135486 0.111114 0.0172481
0.00694279 0.335007 0.000136881 0.656591 0.000404335 0.00044936 0.000468621
0.0105787 0.852896 0.000478001 0.13264 0.0019899 0.00094005 0.000477516
0.000117251 0.999492 1.99885e-05 0.000263894 8.06961e-05 1.72275e-05 8.64002e-06
0.312825 0.353357 0.00886684 0.273361 0.00335944 0.0151681 0.0330616
0.0001538 0.999622 0.000105721 3.49227e-05 3.22804e-05 3.00295e-05 2.14237e-05
0.515327 0.118841 0.00956 0.311543 0.00399775 0.0197486 0.0209836
0.0134614 0.901564 0.00040206 0.0816903 0.00122912 0.0012284 0.000424429
0.945382 0.0371048 0.000138705 0.0160808 1.22281e-05 0.00097364 0.000307569
0.00010482 0.999667 8.88538e-05 4.5743e-05 2.89375e-05 4.3182e-05 2.17416e-05
0.000387703 0.999099 0.000103948 0.000228491 5.83383e-05 6.57713e-05 5.65583e-05
0.0321735 0.916922 0.0474567 0.000624094 0.000790318 0.00102004 0.00101313
0.254147 0.0639282 0.0123361 0.527147 0.0032571 0.0280879 0.111097
0.00512718 0.864443 0.000193954 0.129246 0.000450812 0.000322054 0.000216785
0.209313 0.345367 0.00378772 0.424981 0.00531449 0.00611717 0.00511869
0.00901342 0.962281 0.00018021 0.027151 0.000208218 0.000912173 0.000253469
0.0215629 0.72952 0.018327 0.0174584 0.021892 0.175584 0.0156554
0.0112182 0.846297 0.00019234 0.140926 0.000711516 0.000436912 0.000218102
0.0457594 0.0439738 0.0326162 0.0188857 0.00174239 0.49071 0.366312
4.00364e-05 0.999802 0.00011882 5.60952e-06 1.29077e-05 1.37324e-05 7.01995e-06
0.00240234 0.964583 8.88595e-05 0.0320566 0.000551901 0.000249269 6.7929e-05
0.714579 0.0956186 0.0097846 0.0753932 0.00114571 0.0416128 0.0618665
0.301712 0.410285 0.0421848 0.175073 0.0174123 0.0311544 0.022178
0.00165553 0.962995 8.89026e-05 0.0341788 0.00080738 0.000216408 5.79729e-05
0.0163717 0.966168 0.00110646 0.0128842 0.000480719 0.00167359 0.00131539
0.00994584 0.834176 0.000231811 0.154245 0.000757909 0.000379276 0.000263435
0.215099 0.212934 0.021641 0.252615 0.00362386 0.039509 0.254578
0.0778857 0.156381 0.0031956 0.725114 0.00177129 0.00912769 0.026524
0.0565193 0.650496 0.000894527 0.287366 0.000910359 0.00160635 0.00220683
0.159384 0.646362 0.00379913 0.171257 0.00182432 0.00913871 0.00823547
0.00223912 0.979563 0.000153714 0.0171638 0.000432984 0.000271369 0.000175646
0.0122822 0.885276 0.000197015 0.101378 0.000320223 0.000323165 0.000223427
0.0310149 0.951359 0.0147796 0.000667829 0.000504469 0.000927721 0.00074638
0.0121618 0.0100952 0.0180036 0.0013431 0.000646766 0.890097 0.0676525
9.17775e-05 0.999709 0.000102926 1.68902e-05 3.74013e-05 2.72996e-05 1.50047e-05
0.00784187 0.912492 0.000235788 0.0779094 0.00066104 0.000627891 0.000232055
0.59816 0.111467 0.0184125 0.108585 0.0028439 0.0635788 0.0969529
0.212293 0.206612 0.0388709 0.188752 0.0167264 0.244189 0.0925558
0.0221786 0.787062 0.000712562 0.186808 0.000653097 0.00126101 0.00132449
0.00649188 0.626754 0.000179948 0.364502 0.00114044 0.000606828 0.000324914
0.00776338 0.936375 0.000159367 0.0548883 0.000347436 0.000319146 0.00014713
0.00904792 0.939643 0.000292343 0.0497066 0.000379314 0.000422347 0.000508438
0.134776 0.0185534 0.055689 0.0148478 0.00154285 0.326923 0.447668
0.314312 0.206855 0.00721155 0.444154 0.00507847 0.011053 0.0113348
0.0158704 0.728949 0.000362749 0.252428 0.000768669 0.000717647 0.000903082
0.0103272 0.775285 0.00019684 0.212967 0.000565159 0.000355304 0.000303234
0.0341956 0.464645 0.000556858 0.497031 0.000621418 0.0012621 0.00168833
0.00468479 0.951635 0.000136331 0.0428762 0.000243051 0.000227507 0.000197278
0.00587178 0.905886 0.000141298 0.0872822 0.000227662 0.00028301 0.0003081
0.0008408 0.997636 8.0084e-05 0.00125585 7.04962e-05 6.05643e-05 5.61735e-05
0.0027708 0.88972 5.91537e-05 0.107091 0.000141487 0.000132512 8.5292e-05
0.00114534 0.997845 0.00039641 0.000258462 0.000122088 0.000120677 0.000112246
0.0218322 0.859052 0.000314344 0.117308 0.000313972 0.000682382 0.000496542
0.00513767 0.98751 0.00105746 0.00356525 0.000429635 0.00130702 0.000993157
0.0269059 0.737488 0.000335032 0.233613 0.000476284 0.000677689 0.000504172
0.600803 0.249983 0.00174108 0.14294 0.000453963 0.00139796 0.00268089
0.0638165 0.601235 0.00869589 0.0247797 0.00779571 0.275314 0.0183626
0.0104678 0.969297 0.000605566 0.0175907 0.000511635 0.00100412 0.000522641
0.0500194 0.798806 0.138435 0.00175227 0.00234461 0.00437796 0.00426522
0.00475862 0.828664 0.000148753 0.165388 0.000296875 0.000344561 0.000399068
0.000174965 0.99906 0.000451629 5.14329e-05 6.03637e-05 0.000143945 5.72924e-05
0.00613336 0.822792 0.000151849 0.170071 0.000335534 0.000293037 0.000223679
0.0234534 0.81887 0.0013139 0.146436 0.00432211 0.00395877 0.00164568
0.00277927 0.990997 0.000286234 0.00505722 0.000233186 0.000317564 0.000329812
0.00281975 0.994783 0.000995776 0.000573132 0.000255176 0.000264962 0.000308387
0.000387183 0.998991 0.000282465 0.000123966 7.37732e-05 8.49779e-05 5.64474e-05
0.000429244 0.998208 0.00031697 0.000469776 0.000159808 0.000287734 0.000128524
0.0197505 0.941772 0.000376624 0.0345256 0.000312087 0.00260852 0.000654537
0.0778626 0.0798277 0.0432198 0.0116341 0.00204143 0.466627 0.318788
0.963666 0.0247389 0.000108271 0.00923265 8.03954e-06 0.00191061 0.000335453
0.00419781 0.947679 0.000293464 0.045909 0.00106705 0.000479226 0.000374385
0.000417677 0.997703 3.74646e-05 0.00169371 7.0784e-05 4.40757e-05 3.31534e-05
0.213141 0.700846 0.000390995 0.0846691 0.000267868 0.000353244 0.000331797
0.00375635 0.801742 7.50294e-05 0.193935 0.000153893 0.000177659 0.000159463
0.000159705 0.999133 2.33586e-05 0.000567346 8.07841e-05 2.24818e-05 1.30175e-05
0.0876495 0.729688 0.00096442 0.175286 0.000575957 0.00144346 0.00439277
0.0196245 0.820678 0.000791682 0.15493 0.00175582 0.00117841 0.00104205
0.000669778 0.997053 0.00016598 0.00158182 0.000141248 0.000234872 0.000153042
0.0348158 0.0556102 0.0179021 0.00211799 0.0013463 0.834891 0.053317
0.0760089 0.0834273 0.0342109 0.0198625 0.00416976 0.647961 0.13436
0.00244153 0.936578 4.4433e-05 0.0606077 0.000141509 0.000127714 5.89874e-05
0.000822291 0.996856 0.000121748 0.00182636 0.00013408 0.000146133 9.33211e-05
0.000326117 0.99919 6.78897e-05 0.000263393 9.03144e-05 3.76569e-05 2.43337e-05
0.0299445 0.846119 0.000518601 0.121349 0.000582431 0.000903343 0.000582858
0.000280702 0.998333 0.000457234 0.000216889 0.000324818 0.000291757 9.52462e-05
0.359325 0.387585 0.0230185 0.121048 0.00777685 0.0499083 0.0513383
0.179315 0.707526 0.00212688 0.101306 0.000886294 0.00573714 0.00310342
0.0153615 0.926803 0.000442855 0.0549878 0.000675075 0.00119501 0.000535006
0.0153067 0.941289 0.00064466 0.0379724 0.00106965 0.0030644 0.000653453
0.849765 0.0512944 0.00164903 0.0868275 0.0002654 0.00538676 0.00481146
0.244016 0.422984 0.00371665 0.317093 0.00287536 0.00507815 0.00423693
0.0115465 0.871463 0.000307048 0.114949 0.000707257 0.000685492 0.00034187
0.00613416 0.936656 0.000697339 0.050701 0.000618511 0.00167621 0.00351717
0.000939183 0.996339 0.00202369 0.000143311 0.000159266 0.000237686 0.000157764
0.000113972 0.999648 8.81317e-05 4.08724e-05 5.86844e-05 3.18723e-05 1.85824e-05
0.00507815 0.854819 0.000129043 0.139189 0.000295128 0.000272142 0.000217435
0.832584 0.0176855 0.00195424 0.136794 0.000314086 0.00529879 0.00536995
0.171106 0.160858 0.00953529 0.537346 0.00417905 0.0309128 0.0860629
0.00253646 0.995667 0.000906891 0.000314703 0.000218317 0.000188435 0.000167817
0.0236417 0.88238 0.000323982 0.0918246 0.000405005 0.000920271 0.000504563
8.79133e-05 0.99965 7.07835e-05 2.35825e-05 0.000139171 1.93675e-05 9.05563e-06
0.961586 0.0142678 0.00012505 0.0236798 1.6968e-05 0.00024284 8.12804e-05
0.00675817 0.816188 0.000187009 0.175723 0.000357549 0.000377586 0.000409146
0.605162 0.157627 0.00818449 0.0110085 0.000541684 0.195383 0.022094
0.00972728 0.910113 0.000231217 0.0787954 0.000322545 0.000411526 0.000398811
0.0105968 0.984432 0.00237029 0.000945139 0.000263432 0.000647993 0.000744407
0.126583 0.320003 0.026181 0.0683226 0.00255525 0.111192 0.345163
0.574703 0.197616 0.00365225 0.214523 0.00165208 0.00393794 0.00391572
0.00168873 0.949112 8.89333e-05 0.0485027 0.000213389 0.000211472 0.000182271
0.00821007 0.711618 0.000188243 0.278551 0.000616062 0.000443196 0.000373977
0.447131 0.499736 0.00381928 0.0437096 0.00133417 0.00281156 0.00145825
0.0371644 0.737339 0.00140031 0.213825 0.00115705 0.00365807 0.00545617
0.138522 0.0820155 0.0172055 0.353814 0.0023288 0.0426521 0.363462
0.0620829 0.680182 0.25418 0.000258732 0.000639825 0.00138327 0.00127301
0.00623079 0.00947916 0.015765 0.0036315 0.00569504 0.930856 0.0283425
0.813453 0.108524 0.00191536 0.067504 0.000359864 0.00619489 0.00204914
0.000342057 0.999184 0.00010228 0.000214721 6.04134e-05 5.64599e-05 3.99011e-05
0.0135018 0.886115 0.00152315 0.0887521 0.0035704 0.00486713 0.00167065
0.000157643 0.999235 2.38359e-05 0.000495291 4.81354e-05 2.182e-05 1.84445e-05
0.0104308 0.951756 0.000273756 0.0357905 0.000467345 0.00103852 0.000242881
0.0121482 0.794551 0.000198218 0.191968 0.000473776 0.000385204 0.000275957
0.00463702 0.984318 0.000281378 0.0097507 0.00023469 0.00043238 0.00034554
0.005747 0.871242 0.000205088 0.121728 0.000434133 0.000396821 0.000247119
0.621053 0.184323 0.0035545 0.178638 0.00120187 0.00691866 0.00431128
1.79625e-05 0.999869 7.12141e-05 4.21352e-06 1.2329e-05 2.039e-05 4.91746e-06
0.1148 0.139629 0.0602398 0.238415 0.0216716 0.163931 0.261314
0.00230339 0.995796 0.000460448 0.000849683 0.000217006 0.000208766 0.00016489
0.00231745 0.988506 0.000119066 0.00863971 0.00018544 0.000128882 0.000103247
0.139173 0.768492 0.000551984 0.0900787 0.000295439 0.000855666 0.000553616
0.131538 0.203713 0.00202065 0.641718 0.000899489 0.00429371 0.0158173
0.00714561 0.925111 0.000717657 0.0613221 0.00152593 0.00237087 0.00180718
0.205168 0.274765 0.0103337 0.37998 0.00344132 0.0330657 0.0932462
0.00389926 0.963437 0.00011967 0.0317447 0.000315947 0.000379341 0.000104076
0.263391 0.560542 0.00173546 0.170936 0.00134012 0.0011705 0.000884188
0.00411107 0.983303 0.000362513 0.0109069 0.00042509 0.000450315 0.000441241
0.317052 0.488719 0.00396594 0.176207 0.00176633 0.00485152 0.00743802
0.0665625 0.0280605 0.0347313 0.00224604 0.000679783 0.752385 0.115335
0.0563347 0.0265908 0.00536175 0.00152364 0.00018434 0.858351 0.0516535
0.059636 0.809311 0.000718512 0.128242 0.000602944 0.000724604 0.000764249
0.00628173 0.98863 0.000723598 0.00317136 0.000436714 0.000435662 0.000320509
0.191394 0.756213 0.0010298 0.0445763 0.000323362 0.00504626 0.0014172
0.406296 0.0976808 0.0126008 0.0172307 0.00107248 0.386555 0.0785646
0.00314173 0.994947 0.00110754 0.000263423 0.000260567 0.000155553 0.00012424
0.924274 0.0406585 9.23398e-05 0.0346768 1.35787e-05 0.000199996 8.48275e-05
0.416907 0.069015 0.00920631 0.429351 0.00330778 0.0251675 0.0470461
0.0350257 0.778387 0.000473142 0.184039 0.000557792 0.000963299 0.000554393
0.133368 0.540177 0.000721072 0.321943 0.00224509 0.000943019 0.000603502
0.19726 0.581511 0.00199932 0.207841 0.00101946 0.00599407 0.00437522
0.0214336 0.808372 0.000351876 0.16754 0.000724968 0.000694227 0.000883555
0.499035 0.0282045 0.00409146 0.411367 0.000757592 0.0117501 0.0447945
0.102386 0.615532 0.00287847 0.258468 0.00117857 0.00622177 0.0133349
0.000833212 0.997391 8.02337e-05 0.00146882 0.000112395 6.97939e-05 4.42353e-05
0.912091 0.0186416 0.00183401 0.0273426 0.000109586 0.0231177 0.0168636
0.00145806 0.995161 0.000157509 0.0027768 0.000179243 0.000131194 0.000136338
0.0147534 0.255346 0.000317055 0.726266 0.000857648 0.001189 0.00127106
0.00536924 0.897534 0.000151379 0.0961529 0.000333802 0.000284457 0.000174256
0.00410278 0.945417 0.000246564 0.048736 0.000245501 0.000572278 0.000679971
0.272206 0.183183 0.00366463 0.521749 0.00262815 0.0062077 0.0103607
0.000999686 0.993914 7.04081e-05 0.00474045 0.000125852 8.16689e-05 6.8174e-05
0.307202 0.461471 0.00317316 0.216006 0.00141633 0.0048469 0.00588471
0.541736 0.350795 0.00365354 0.0988938 0.000784465 0.00225608 0.00188193
0.00537837 0.942255 8.5604e-05 0.0519143 0.000121351 0.000164665 8.0299e-05
0.284067 0.032689 0.0210605 0.480179 0.00894853 0.0799907 0.0930646
0.0337 0.601127 0.000790548 0.358941 0.000568349 0.00159522 0.00327882
0.101529 0.685731 0.00124116 0.20742 0.00104712 0.00176821 0.00126338
0.00669304 0.963502 0.000136006 0.028693 0.000399862 0.000461844 0.000114741
0.00308263 0.993627 0.00196087 0.000328335 0.00047027 0.000323254 0.00020815
0.000377913 0.988719 3.00632e-05 0.0105873 0.000189932 6.40898e-05 3.14048e-05
0.253693 0.0496331 0.0209875 0.114358 0.00151098 0.0505151 0.509302
0.00100762 0.993659 7.38267e-05 0.00493553 0.000160019 9.34667e-05 7.09289e-05
0.00649149 0.986983 0.000628085 0.00462618 0.000406848 0.000515172 0.000348741
0.0127852 0.777813 0.000173806 0.208414 0.000180509 0.000277346 0.000356167
0.294762 0.102222 0.00972139 0.53972 0.00635262 0.0202511 0.026972
0.000207387 0.999232 3.21179e-05 0.000438671 4.01384e-05 2.98816e-05 1.98407e-05
0.00235216 0.970359 0.000117303 0.0265917 0.000204092 0.000196666 0.000179687
0.00393261 0.887028 0.000179291 0.107482 0.000596678 0.000414964 0.000366324
0.00412022 0.971858 0.000158077 0.0231236 0.000175099 0.000239517 0.000325889
0.00233813 0.987358 0.000218431 0.00919262 0.000301483 0.0003564 0.000235185
0.030824 0.676499 0.000421847 0.290138 0.000677651 0.000801742 0.000637866
0.00139952 0.996413 0.000158941 0.00168405 0.000135539 0.000103811 0.000105185
0.000699885 0.997183 0.00025918 0.00118967 0.000168561 0.00030912 0.000191006
0.458877 0.440007 0.00389585 0.0877171 0.00099088 0.00294792 0.00556416
0.085433 0.489567 0.00202406 0.411413 0.00193344 0.00471479 0.00491426
0.000400575 0.998716 0.000329096 0.000184994 0.00015897 0.000130139 8.01483e-05
0.00619283 0.895959 0.000186528 0.0966271 0.000356209 0.000370664 0.000307647
0.0132769 0.946553 0.000583481 0.0268731 0.00112625 0.0100676 0.00151928
0.0100458 0.915382 0.000155815 0.0732163 0.000380735 0.000591149 0.000228583
0.000530835 0.998027 0.000165666 0.000847381 0.000127517 0.000198476 0.000103287
0.129708 0.830524 0.0313617 0.00218312 0.000704592 0.00277168 0.0027469
0.00158662 0.985558 0.000244933 0.0107397 0.000202064 0.00067061 0.00099762
0.0480541 0.916139 0.000924451 0.027449 0.000580726 0.00566509 0.00118774
0.000240634 0.998695 2.96348e-05 0.000914837 6.51393e-05 3.23754e-05 2.21934e-05
0.00336826 0.991934 0.00229985 0.000871796 0.000624903 0.000533196 0.000368131
0.000297829 0.998402 3.61017e-05 0.00113152 5.72508e-05 4.10885e-05 3.417e-05
0.0385724 0.846398 0.00898256 0.0740466 0.00298199 0.0107096 0.0183084
0.0953582 0.149827 0.0242434 0.0125924 0.00176881 0.41142 0.30479
0.00136398 0.988379 0.000124356 0.0094858 0.000236757 0.000237478 0.000172892
0.00585878 0.941556 0.0511617 8.57556e-05 0.000331766 0.00058969 0.000416627
0.00668607 0.940279 0.00145885 0.0387521 0.000869993 0.00573747 0.00621671
0.0206323 0.769736 0.000596055 0.205955 0.00110994 0.00123365 0.000736963
2.49685e-05 0.99978 9.55607e-05 1.11186e-05 2.6209e-05 5.02192e-05 1.20916e-05
0.00150199 0.994261 0.00011433 0.00378817 0.000125183 0.000109267 9.98733e-05
0.0888456 0.274237 0.00406634 0.606765 0.00524315 0.0094921 0.0113514
0.207321 0.671586 0.00109763 0.116821 0.000459553 0.00158735 0.00112759
2.10328e-05 0.999915 6.5963e-06 3.64261e-05 1.24675e-05 4.95836e-06 3.09426e-06
0.00461389 0.834189 0.00016986 0.159597 0.000741453 0.000399735 0.000288537
0.0243843 0.614523 0.000361949 0.358729 0.000420703 0.000727317 0.000853491
0.957653 0.0186059 0.0002168 0.0221194 1.80592e-05 0.00106656 0.000320784
0.00106847 0.9971 0.000212248 0.00116725 0.000165434 0.000168506 0.00011794
0.535351 0.265909 0.0153652 0.106642 0.00304173 0.0442384 0.0294525
0.191971 0.691719 0.00032132 0.115168 0.000236946 0.000304299 0.000279137
0.26074 0.192036 0.00709351 0.404972 0.00143349 0.0148583 0.118868
0.926057 0.0609766 0.00765625 0.00441929 0.000162887 0.00046397 0.000264114
0.00253106 0.983106 0.0122392 0.000214694 0.000502297 0.000886273 0.000520331
7.30023e-05 0.999789 3.0245e-05 5.20326e-05 2.4715e-05 2.03941e-05 1.08123e-05
2.13672e-06 0.999976 1.45308e-05 3.72223e-07 3.18976e-06 3.02346e-06 6.62642e-07
0.0652384 0.873545 0.000747644 0.0568136 0.000338389 0.00243361 0.00088383
0.0376647 0.829716 0.00104071 0.126989 0.000925174 0.00158579 0.00207913
0.00107916 0.984631 6.50341e-05 0.013719 0.00030643 0.000121299 7.75974e-05
0.000701934 0.996814 0.000188352 0.00157658 0.000388142 0.000226545 0.000104268
0.00595533 0.910583 6.78823e-05 0.0830325 0.000114549 0.000159802 8.70013e-05
0.351473 0.38378 0.00689456 0.204504 0.00317746 0.0350937 0.0150775
0.0167482 0.932389 0.000141613 0.0497524 0.0001227 0.000547923 0.000297703
0.000505946 0.998363 5.04909e-05 0.000914399 7.94275e-05 4.84441e-05 3.84153e-05
0.394247 0.14649 0.0244358 0.0604248 0.00463098 0.258831 0.110941
1.98008e-05 0.999827 0.000129555 1.55259e-06 8.56091e-06 9.89922e-06 3.54789e-06
0.0190352 0.899396 0.000350993 0.0794525 0.000483138 0.000739693 0.00054282
0.000227597 0.999318 0.000117644 8.64126e-05 0.000191139 4.03532e-05 1.83958e-05
0.0462817 0.926381 0.0068801 0.0126466 0.00173744 0.00305922 0.00301409
0.905657 0.0476181 0.00176865 0.0365772 0.000167443 0.00426024 0.00395141
0.303199 0.23653 0.0151159 0.394665 0.00818527 0.0191131 0.0231916
0.599728 0.279634 0.0115516 0.0537957 0.00172334 0.0422964 0.0112709
0.0072136 0.885086 0.000161638 0.106269 0.000747954 0.000352896 0.000168435
0.0206083 0.92922 0.000848883 0.037547 0.00117227 0.00904709 0.00155601
0.00044254 0.997444 5.29664e-05 0.00187621 5.48895e-05 6.78582e-05 6.1636e-05
0.000532105 0.998921 0.000180264 0.000155815 8.5357e-05 6.8333e-05 5.74717e-05
0.0829305 0.899424 0.0128346 0.00155358 0.000929227 0.00135753 0.000970032
0.341326 0.148462 0.0188704 0.113028 0.00220828 0.111612 0.264494
0.491694 0.0458204 0.00401163 0.431177 0.0020266 0.0107868 0.0144841
0.000821714 0.997686 9.67962e-05 0.00113647 8.81934e-05 9.56003e-05 7.51641e-05
0.39695 0.18381 0.00262431 0.402001 0.00127599 0.00506147 0.00827732
0.399606 0.0295913 0.0245954 0.0623682 0.00154658 0.102266 0.380026
0.0394213 0.423079 0.00445428 0.431039 0.00190836 0.0168475 0.0832506
0.00317331 0.990286 0.0051142 0.000278012 0.000254665 0.000466414 0.000426931
0.202381 0.57143 0.00256778 0.217164 0.00140922 0.0022621 0.00278523
0.000244014 0.997235 1.94449e-05 0.00239669 6.12761e-05 2.58834e-05 1.78512e-05
0.0504028 0.132943 0.0360172 0.0223153 0.00807353 0.654972 0.0952759
0.0156724 0.822907 0.000544199 0.15814 0.00115797 0.000944873 0.000633099
0.0334467 0.705986 0.00123963 0.248952 0.000713707 0.00226182 0.00739946
0.00104655 0.991927 0.000104707 0.0065328 0.000126214 0.000120344 0.000141986
0.00581308 0.972555 0.000194359 0.0203971 0.000252997 0.000646023 0.000141268
0.000998662 0.994479 0.000175268 0.00361497 0.000311536 0.00025297 0.000167898
0.000930862 0.994619 7.8473e-05 0.00402987 0.000172115 0.000104953 6.42912e-05
0.00497961 0.880783 0.000183494 0.112776 0.000445395 0.000412688 0.000419694
0.415238 0.0261781 0.0280818 0.177561 0.00265479 0.0754761 0.27481
0.506275 0.380361 0.00146212 0.10752 0.000964909 0.0020977 0.00131908
4.92974e-05 0.999623 0.000230705 9.73018e-06 3.51099e-05 3.82016e-05 1.36132e-05
0.00057126 0.997827 6.4096e-05 0.00137051 6.98306e-05 5.07056e-05 4.63322e-05
0.210939 0.0687659 0.00952941 0.650431 0.0108767 0.0283383 0.0211199
0.00103978 0.99269 0.000446203 0.00210999 0.00271415 0.000799284 0.000200316
0.00980403 0.917444 0.000210023 0.0714305 0.00043475 0.000390348 0.000285996
0.0544069 0.765379 0.000977187 0.175288 0.000848629 0.0016217 0.00147873
0.00113346 0.993834 0.000136685 0.0043548 0.000199616 0.000202508 0.000138744
0.241601 0.544262 0.00264155 0.202722 0.00128794 0.00354799 0.00393722
0.114915 0.782704 0.000650231 0.0978796 0.000362494 0.00215363 0.00133538
0.000210932 0.999563 0.000131366 2.25298e-05 3.47867e-05 2.08651e-05 1.65254e-05
0.166182 0.130841 0.010374 0.536282 0.00281002 0.023506 0.130005
4.92936e-05 0.99973 0.00013741 1.47346e-05 2.31014e-05 3.22498e-05 1.27258e-05
0.0102483 0.917833 0.000154499 0.0709912 0.000237355 0.000353156 0.000182155
0.253759 0.407084 0.00244173 0.327981 0.00157391 0.00398665 0.0031738
0.000178824 0.999622 5.78644e-05 5.96467e-05 4.55291e-05 2.15168e-05 1.43798e-05
0.00131979 0.994898 0.000219082 0.00285 0.000291869 0.000261619 0.0001598
0.022259 0.792279 0.000230496 0.183797 0.000261011 0.0005208 0.000652657
0.102976 0.701675 0.0287621 0.074839 0.0111805 0.059049 0.0215175
0.0266192 0.904114 0.000340184 0.0670277 0.000365938 0.000996132 0.000536855
0.124343 0.802678 0.00111635 0.068247 0.000813232 0.00133536 0.00146642
0.364678 0.0760246 0.0541105 0.0627829 0.00364773 0.128771 0.309985
0.0151939 0.627738 0.000472914 0.352154 0.000392919 0.00127682 0.00277082
0.0454716 0.877242 0.0700196 0.00121148 0.0019872 0.00225768 0.00181035
9.52407e-05 0.999369 0.00039083 1.43216e-05 6.23755e-05 4.77487e-05 2.01337e-05
1.83174e-05 0.999884 3.71666e-05 7.64041e-06 2.71104e-05 1.92645e-05 6.12868e-06
0.890728 0.0512482 0.000795592 0.0542788 0.000134605 0.00174326 0.00107127
0.0058331 0.879791 0.000120548 0.11363 0.000239 0.000241864 0.000144554
0.00197046 0.996289 0.00091368 0.000240378 7.27428e-05 0.000258653 0.000255457
0.39538 0.12347 0.00593372 0.419616 0.00178254 0.0116503 0.0421673
0.00602279 0.904611 0.000628081 0.0844901 0.000926368 0.00191515 0.00140698
0.0508564 0.920817 0.00567732 0.0135488 0.00193786 0.00459527 0.00256729
0.00401515 0.948596 0.000158486 0.0463872 0.000231383 0.000356811 0.000254626
0.000790494 0.993042 6.55366e-05 0.00567969 0.000273502 9.58732e-05 5.26235e-05
0.0343812 0.363017 0.000859535 0.594382 0.000689186 0.00223746 0.00443303
0.0284043 0.947547 0.000901782 0.0180714 0.000604164 0.00387755 0.000594208
0.0243144 0.661684 0.00091764 0.307013 0.00264752 0.00193233 0.00149119
0.86954 0.0696617 0.001055 0.00545767 5.34279e-05 0.0486408 0.00559141
0.0233575 0.809153 0.00113251 0.158752 0.00229604 0.00361489 0.00169494
0.0192975 0.804559 0.000631624 0.172251 0.00124156 0.00126506 0.000753867
0.0142048 0.911341 0.000525207 0.0719978 0.000439646 0.000847525 0.000644565
0.0100294 0.856721 0.000305818 0.130725 0.00112264 0.000727236 0.000369068
0.401393 0.536908 0.00154572 0.052131 0.00047383 0.00600424 0.00154466
0.0186933 0.844029 0.000637114 0.13161 0.00266782 0.00156712 0.000794859
0.130082 0.117758 0.0338356 0.0403385 0.00157674 0.105479 0.570929
0.813458 0.117477 0.000475377 0.0676004 0.000116142 0.000505501 0.000367366
0.0556375 0.0934389 0.00249361 0.813749 0.00140982 0.00841521 0.0248561
0.0041752 0.992638 0.00159463 0.000581929 0.000356241 0.000361676 0.000292245
0.0164801 0.750656 0.000418424 0.230222 0.000687462 0.000936758 0.00059874
0.00022929 0.999484 9.88714e-05 7.31443e-05 3.25354e-05 4.84603e-05 3.37123e-05
0.598409 0.311812 0.00142522 0.0813373 0.000389726 0.0048571 0.00176952
0.0232804 0.761575 0.00121245 0.206525 0.000823159 0.00275814 0.00382608
0.0928928 0.163403 0.0557458 0.0377686 0.0213519 0.508729 0.120109
0.0143512 0.794673 0.00036517 0.188877 0.000626807 0.000626689 0.000480605
8.83846e-05 0.999366 1.34359e-05 0.000468649 3.55295e-05 1.67785e-05 1.08679e-05
0.00636888 0.905995 0.000136428 0.0868169 0.000300681 0.000255314 0.000126516
0.181342 0.724406 0.00227359 0.0866295 0.000869891 0.00244485 0.00203415
0.437631 0.331632 0.190946 0.0094052 0.00316777 0.0133959 0.0138219
0.0834444 0.503298 0.000702459 0.408848 0.00143432 0.00111141 0.00116213
6.0977e-05 0.999855 1.75173e-05 3.71693e-05 1.13083e-05 9.75719e-06 8.0293e-06
0.884413 0.0977174 0.000793521 0.0103021 4.92453e-05 0.0057283 0.000996338
0.302063 0.0800061 0.040763 0.0178114 0.00176211 0.204186 0.353408
0.210924 0.718304 0.00131134 0.0640399 0.00135558 0.00327891 0.000786607
0.807964 0.103377 0.00776393 0.0151539 0.000483015 0.0489391 0.0163189
2.27152e-05 0.999936 2.04079e-05 4.78237e-06 4.62636e-06 7.78187e-06 3.72837e-06
0.209267 0.116521 0.040227 0.179884 0.0101553 0.25017 0.193776
0.525764 0.132953 0.0126079 0.0210983 0.000930584 0.182133 0.124513
0.00864922 0.881454 0.000141844 0.10885 0.000448688 0.000301387 0.000155186
0.32586 0.198795 0.0209764 0.126674 0.00455198 0.14477 0.178372
0.00027869 0.99902 4.77559e-05 0.000489859 8.61959e-05 4.83414e-05 2.87471e-05
0.0860244 0.797553 0.00114548 0.110988 0.000761943 0.00235013 0.00117742
