0.000363155 0.988715 0.000658005 0.000208596 0.00718323 0.00257734 0.00029489
0.00373638 0.856095 0.00031085 0.138925 0.00022989 0.000349888 0.000353214
0.993181 0.00630246 0.000249942 9.23734e-05 7.07895e-06 7.9427e-05 8.73456e-05
3.57386e-05 0.99713 0.000376074 0.000127561 0.000204497 0.00203125 9.51311e-05
0.0310371 0.444589 0.00413194 0.50111 0.00135223 0.00607101 0.0117089
0.616325 0.0222321 0.0126667 0.0346899 0.0118178 0.274547 0.0277217
0.0208868 0.0592465 0.521423 0.00110889 0.00520961 0.382885 0.0092405
0.00150343 0.991688 0.000277551 0.00208668 0.000134824 0.00364944 0.000660416
0.00626668 6.57491e-05 0.00111999 0.000490253 2.86888e-05 0.0417011 0.950328
3.83768e-07 3.17218e-06 0.999996 2.63186e-10 2.02742e-08 8.08083e-08 4.87331e-08
0.00042739 0.989981 1.17929e-05 0.00953557 1.36148e-05 1.00167e-05 2.01489e-05
2.76481e-07 0.999998 1.27202e-06 2.80472e-08 2.18575e-07 7.75933e-08 7.90727e-08
0.000401023 0.0142825 4.84341e-05 0.984203 7.17435e-05 0.000133105 0.000859958
0.000753904 0.076299 0.00602198 0.00135944 0.782641 0.132456 0.000469318
2.25395e-06 0.999992 4.5177e-06 9.39164e-08 6.95394e-07 1.92017e-07 2.48465e-07
3.14305e-06 0.000351603 1.01686e-07 5.04298e-06 0.999637 2.51105e-06 8.7244e-08
0.0035667 0.851045 0.000166719 0.144639 0.000175413 0.000214581 0.000192369
3.43486e-07 0.999997 8.00275e-07 7.49607e-08 5.8016e-07 4.68916e-07 2.24559e-07
0.124824 0.00446436 0.000203568 0.859395 0.000115288 0.000263546 0.0107347
0.00148402 0.0677477 8.74955e-05 0.930079 8.24563e-05 0.000142573 0.000377247
0.000749075 0.998279 4.24882e-05 0.00077992 9.02605e-05 2.81851e-05 3.10342e-05
0.000139611 0.000113298 2.201e-05 0.999371 7.88282e-05 0.000205012 7.06767e-05
0.00623393 0.000272007 0.000127749 0.00302213 6.10539e-06 0.00028817 0.99005
0.00118611 0.00211479 0.000203697 0.995017 0.000140948 0.000381438 0.000956199
0.100044 0.833068 0.000902175 0.00153323 0.00075111 0.0552813 0.0084207
0.285021 0.00107947 0.569293 0.000770095 0.000837184 0.0477987 0.0952008
7.49326e-07 0.999997 1.66949e-06 6.15727e-08 4.37851e-07 1.37991e-07 1.53042e-07
0.000377312 0.999137 7.25539e-05 0.000314578 1.04793e-05 4.5691e-05 4.19688e-05
0.00124635 0.996272 0.000122031 0.00175179 0.000312897 0.000155405 0.000139494
1.14231e-06 0.999466 0.00052829 9.59053e-08 2.87659e-06 9.31688e-07 6.66633e-07
0.00627507 0.182396 0.782584 0.00566788 0.00121941 0.0192874 0.0025698
0.00205062 0.739277 0.000233771 0.253499 0.0039744 0.000765512 0.000199179
0.36674 0.542635 0.00267271 0.0285378 0.00348169 0.0449799 0.0109534
0.000125575 0.998954 0.000106668 0.000187313 0.000223496 0.000328526 7.40778e-05
0.0528478 0.893162 0.00154696 0.0238208 0.0261859 0.00184131 0.000595543
0.465946 0.317391 0.000970517 0.185831 0.000523151 0.00173653 0.0276012
0.000139616 0.996661 0.000453719 2.61751e-05 0.000448733 0.00218518 8.55835e-05
0.00287961 0.00105132 3.70001e-05 0.995174 2.98707e-05 6.59836e-05 0.000761764
0.219134 0.547934 0.230434 0.000309155 0.00122952 0.000445022 0.000515342
0.0335281 0.551377 0.000620455 0.41326 0.00030182 0.000347313 0.00056541
0.00868781 0.97367 0.0120058 0.000744445 0.000263771 0.000828966 0.00379898
0.081244 0.918464 0.00014922 1.38151e-05 0.000101259 1.80815e-05 9.15463e-06
4.63691e-05 0.999907 1.2544e-05 6.20565e-06 1.99346e-05 4.1243e-06 3.50339e-06
0.00925557 0.0368517 0.0116351 0.00463336 0.00188859 0.924989 0.0107468
0.0092855 0.986918 0.00010264 0.00266324 0.000802149 0.000136045 9.27928e-05
0.0158589 0.94016 0.0011405 0.0378268 0.00150481 0.00127263 0.00223626
3.74546e-05 0.00383898 5.70962e-05 3.94767e-05 0.995317 0.000699943 1.05396e-05
0.00133986 0.000894978 0.00111235 0.000202211 0.000257568 0.994936 0.00125674
0.0268098 0.87047 0.00725121 0.0716907 0.00397631 0.00934433 0.0104576
0.000531837 0.986801 9.69262e-05 0.00029538 0.0110147 0.00112089 0.000139681
4.48058e-06 0.999987 3.81158e-06 2.78133e-07 3.14562e-06 7.65031e-07 7.26266e-07
0.144604 0.830742 0.000167824 0.0239367 0.00025185 0.000112902 0.000185437
0.0522377 0.448324 0.00137719 0.493712 0.00139151 0.00136549 0.00159269
0.0533135 0.659468 0.0125911 0.160166 0.0130604 0.0621323 0.0392689
0.00393092 0.924275 0.000512484 0.0691072 0.000554298 0.00053623 0.00108404
0.00137938 0.968245 8.49504e-05 0.0299262 8.59327e-05 6.0681e-05 0.00021809
0.0100137 0.300663 0.00400209 0.445227 0.170102 0.0649133 0.00507999
1.50453e-06 0.99999 5.96579e-06 2.23981e-07 1.70314e-06 4.58611e-07 4.09658e-07
9.63846e-07 0.999982 2.94335e-06 3.65001e-07 1.1904e-05 1.13445e-06 5.25976e-07
0.00786599 0.189333 0.000321557 0.794563 0.000272994 0.000974141 0.0066693
0.0976315 0.892402 0.000272346 0.00865644 0.000214111 0.000477932 0.000345583
0.0151891 0.92936 0.000644289 0.00468788 0.0443838 0.00469255 0.00104262
0.138364 0.836716 0.00306661 0.00342077 0.0165403 0.0012215 0.000670249
0.984984 0.00493731 0.00392592 0.00045108 0.000106394 0.00190373 0.00369203
6.21034e-05 0.999607 8.57337e-06 4.19833e-05 1.38541e-05 0.000239434 2.7063e-05
0.00762092 9.02359e-05 0.000136042 2.69945e-06 3.03062e-06 0.691345 0.300802
4.16622e-06 0.999972 1.52834e-05 7.29873e-07 5.69857e-06 1.41142e-06 1.17885e-06
1.64863e-09 1 1.94578e-08 2.24469e-10 2.82676e-09 8.46144e-10 8.18722e-10
0.00379468 0.956576 0.00145666 0.0140977 0.00100775 0.0208771 0.00219062
0.00160389 0.00759301 7.34265e-05 0.0151754 0.974996 0.000506925 5.17038e-05
0.00102664 0.919729 0.000254123 0.0769859 0.00124102 0.000507761 0.000255261
0.000157875 0.0165618 2.86812e-05 0.982477 1.99081e-05 8.2738e-05 0.000671767
0.000531974 0.944026 0.000416697 0.0506558 0.000150179 0.00225545 0.00196378
0.000186327 0.999572 0.000107343 2.14784e-05 3.10914e-05 3.68408e-05 4.54049e-05
0.0107406 0.985111 0.000386678 0.00244596 0.00014655 0.000712859 0.000456848
0.00825312 0.000611882 0.000609746 0.00401206 6.44386e-05 0.00645981 0.979989
0.00550443 0.0950513 0.0376568 0.00120364 0.00837914 0.847406 0.00479891
0.00564649 0.315214 0.000464902 0.6622 0.0135798 0.0021037 0.000791504
0.00250049 0.595154 0.000196788 0.400882 0.000376903 0.000291546 0.000598244
2.86856e-06 0.999979 1.29212e-05 2.87219e-07 3.52951e-06 7.65987e-07 8.57533e-07
0.000491361 0.999426 3.06499e-05 7.24269e-06 3.56765e-05 4.91999e-06 4.31109e-06
0.00730299 0.0972122 0.0133641 0.000385011 0.00530111 0.873843 0.00259164
0.00160629 0.509221 0.488481 2.32256e-05 0.000237168 0.000173785 0.000257506
0.00451084 0.993408 0.00048396 0.000647814 0.000690178 0.000140135 0.000118759
8.34502e-05 0.999854 2.7514e-05 7.569e-06 1.4536e-05 6.15601e-06 6.87044e-06
0.700157 0.0375129 0.00174726 0.0073978 0.000414581 0.0120497 0.240721
0.0630111 0.000167636 0.000887664 0.000220746 3.59267e-05 0.802537 0.13314
0.0010549 0.997049 3.79102e-05 0.00013731 9.07308e-05 0.00155885 7.17587e-05
0.108686 0.00109132 0.0015432 0.00793567 0.000133202 0.0416426 0.838968
7.61168e-06 0.999937 3.99833e-05 1.59343e-06 7.45257e-06 4.92267e-06 1.87095e-06
2.12233e-07 0.999998 5.44055e-07 1.54281e-07 7.04078e-07 2.05304e-07 1.67561e-07
0.0328246 1.39197e-05 6.98516e-05 5.90556e-05 1.2468e-06 0.00350912 0.963522
2.09742e-06 0.999988 7.08615e-06 2.20695e-07 1.62978e-06 3.86222e-07 3.91303e-07
0.00103897 0.904299 0.00014544 0.0930802 0.00108826 0.000215635 0.000132729
0.000206358 0.000918025 0.000136896 1.82468e-05 2.92322e-05 0.99838 0.000311358
0.00149715 0.996282 0.000302832 0.000297366 0.00140934 0.000147574 6.39098e-05
0.268066 0.0684459 0.00436295 0.43454 0.0121616 0.169724 0.0426999
0.32109 0.522716 0.000137826 0.155356 0.000186959 0.000128384 0.000385124
0.00879704 0.983714 0.000253435 0.000243873 8.91243e-05 0.00638004 0.000522906
0.0238927 0.00678665 0.00164002 0.960523 0.000742619 0.00267736 0.00373777
3.91274e-05 0.17392 1.51844e-05 6.22518e-05 0.825886 6.75433e-05 9.05655e-06
0.0210179 0.129534 0.0139628 0.000241194 0.00688396 0.823261 0.00509943
0.203519 0.0116304 0.0129849 0.0123137 0.00258825 0.51845 0.238514
0.00364032 0.964248 0.0200233 0.000771824 0.00213433 0.00773112 0.00145109
3.92191e-05 0.999767 8.78045e-05 5.52748e-06 7.66799e-05 1.36753e-05 9.65556e-06
0.172358 0.00244543 0.000128206 0.822157 8.56409e-05 0.00033963 0.00248622
0.00624298 0.0836492 0.000327563 0.000248233 0.000258135 0.908158 0.00111551
1.10318e-05 0.999978 3.30725e-06 7.42962e-07 4.14449e-06 1.52857e-06 1.45551e-06
0.0282609 0.949795 0.000833175 0.0176946 0.000546564 0.00235909 0.000510651
5.34483e-07 0.999998 6.69762e-07 4.16812e-08 1.88927e-07 1.44197e-07 1.53667e-07
5.36688e-05 0.998697 5.37634e-05 5.35604e-05 0.000329434 0.000761807 5.04501e-05
4.52942e-05 0.999902 2.60907e-05 3.25314e-06 1.25971e-05 5.38827e-06 5.17822e-06
0.00183914 0.992331 6.69103e-05 0.00555821 3.76812e-05 0.000105684 6.12359e-05
1.67106e-05 0.999958 1.67287e-05 1.17144e-06 3.49125e-06 2.07081e-06 2.36679e-06
5.00504e-05 0.999058 5.2183e-05 2.09291e-05 0.000759705 4.28539e-05 1.60304e-05
0.0139723 0.98525 0.000149827 0.000383182 0.000148631 3.95016e-05 5.65298e-05
0.962831 0.00062036 0.000128983 0.00640494 2.34579e-05 0.000666352 0.0293249
5.4188e-06 0.999988 5.49785e-06 9.01901e-08 5.89047e-07 1.93457e-07 2.4761e-07
0.0739308 0.0199252 0.0050677 0.886505 0.00223962 0.00626913 0.00606228
0.011506 0.115088 0.0046119 0.00121455 0.00182836 0.863174 0.00257767
0.000253928 0.999662 6.13527e-05 2.19788e-06 1.0423e-05 5.77372e-06 4.53456e-06
0.00620657 0.947996 0.000515186 0.0406726 0.00139702 0.00199468 0.00121822
0.000594852 0.0218872 3.81205e-05 0.000601838 0.976541 0.000294097 4.28031e-05
0.000163079 0.999622 7.09196e-05 3.23307e-05 4.31196e-05 2.61923e-05 4.27218e-05
0.000135761 0.00613925 2.32414e-05 0.992416 1.73075e-05 8.04902e-05 0.00118845
0.000374583 0.0166212 3.63183e-05 0.981659 4.43544e-05 0.000100486 0.00116401
2.02695e-07 0.999998 4.71649e-07 8.54001e-08 4.15727e-07 2.4982e-07 1.39877e-07
0.00732236 0.991487 3.61559e-05 0.0010043 3.53166e-05 5.89223e-05 5.61065e-05
0.0433917 0.948166 0.00172769 0.00311593 0.00228739 0.000888754 0.000422729
4.87916e-05 0.999899 3.48297e-05 2.34535e-06 8.29537e-06 3.19154e-06 3.09997e-06
0.0250974 0.961136 0.000354092 0.00421042 0.000163014 0.00115438 0.00788456
0.000777459 0.99874 0.000292357 1.82999e-05 0.000106181 3.67232e-05 2.92605e-05
0.000719004 0.00210539 0.000154674 0.99407 0.000451821 0.0012265 0.00127254
0.00975442 0.954325 0.00483196 0.00826417 0.0069756 0.00936965 0.00647954
0.833363 0.080529 0.00331241 0.0141351 0.000542299 0.0249655 0.0431531
0.00421099 0.0119627 0.000180177 0.979163 0.000178612 0.000543431 0.00376141
5.51851e-06 0.999961 2.3364e-05 4.56402e-07 7.04176e-06 1.56937e-06 1.40735e-06
4.67877e-09 0.999999 9.46168e-07 8.95607e-10 4.67396e-08 1.02915e-08 4.24444e-09
2.59525e-05 0.999923 2.59844e-05 1.34363e-06 1.74608e-05 3.55073e-06 2.76934e-06
3.71199e-05 0.999954 6.04698e-06 2.87898e-07 1.48902e-06 5.43704e-07 5.79031e-07
0.0274037 0.00408343 0.000212236 0.000287536 2.00968e-05 0.00315692 0.964836
0.0195968 0.963085 0.00135696 0.00487834 0.000337065 0.00962511 0.00112059
6.51188e-06 0.999992 8.91216e-07 1.25959e-08 2.32431e-07 4.23285e-08 3.74914e-08
1.08942e-07 0.999999 3.08253e-07 2.24258e-08 1.53862e-07 1.48047e-07 7.43346e-08
0.0190578 0.979484 0.000320028 0.000781543 0.000124789 0.000140433 9.10042e-05
0.00308578 0.0111741 0.0030114 0.00957897 0.000524401 0.949124 0.0235015
8.557e-07 0.999937 4.07934e-06 1.37785e-06 5.43581e-05 1.69963e-06 8.18375e-07
0.903936 0.0798254 0.00060607 0.0128906 0.000187639 0.000805584 0.00174921
1.3021e-07 0.998794 0.0012054 4.25615e-09 2.96714e-07 5.47942e-08 8.09518e-08
0.377288 0.616992 6.11461e-05 0.00539005 9.36757e-05 0.000119188 5.63156e-05
0.00158805 0.996927 0.000587554 0.000398366 0.000167727 0.000113243 0.000218062
0.973285 0.0257189 0.000137465 0.000104602 1.31112e-05 0.000442703 0.000297609
2.69756e-06 0.999843 0.000153918 2.50686e-08 5.14702e-07 1.52809e-07 1.88577e-07
0.826534 0.170276 7.80085e-05 0.000137276 4.25689e-05 0.00271181 0.000221044
0.0185136 0.980471 0.000938733 2.65877e-05 1.84513e-05 1.64442e-05 1.54016e-05
0.00512465 0.910667 0.00183691 0.00316645 0.0426535 0.0331881 0.00336362
0.99191 0.000382771 0.000146132 0.0039542 1.9975e-05 0.000364693 0.0032227
0.00559494 0.601985 0.000393909 0.00231514 0.385825 0.00334269 0.000543021
0.000118724 0.0204184 8.99745e-05 0.000131396 0.978933 0.000292533 1.58471e-05
5.18469e-07 0.999957 2.01832e-05 1.21856e-07 1.12575e-05 1.07927e-05 4.31676e-07
0.0553513 0.889145 0.00137625 0.0239295 0.0139992 0.0149344 0.00126453
0.0380531 0.602088 0.00107981 0.043003 0.000655686 0.0381966 0.276924
3.0361e-05 0.000170963 1.90177e-06 2.95207e-08 1.71562e-07 0.999759 3.74572e-05
7.52585e-09 1 5.70851e-08 9.36237e-10 8.85246e-09 2.82244e-09 3.0531e-09
4.55759e-06 0.999723 1.9826e-05 3.86236e-06 0.00023566 8.96965e-06 3.83695e-06
0.131063 0.745425 0.101607 0.000790283 0.00206567 0.0143988 0.00465041
0.000164673 0.999575 0.000216689 1.21983e-06 3.37948e-05 4.58014e-06 3.80174e-06
1.8961e-08 2.37951e-06 0.999998 9.0639e-12 6.14039e-10 1.59471e-09 2.01105e-09
0.036798 0.915954 0.0022423 0.0409956 0.000824246 0.000789836 0.0023964
0.000233927 0.871082 0.00022812 0.0005353 0.000124101 0.121913 0.00588362
0.0057775 0.993843 5.88597e-05 0.000222079 2.43681e-05 4.75892e-05 2.67293e-05
0.00172373 0.858348 0.000455265 0.134495 0.00013725 0.000827783 0.00401347
2.91037e-10 1 6.28332e-08 3.92675e-11 1.57724e-09 2.32608e-10 2.19037e-10
0.00366312 0.957574 0.000306571 0.0378385 0.000105686 0.000192946 0.000318666
0.001099 0.989985 0.00010945 0.0084499 0.000108595 0.000189749 5.87398e-05
0.000551802 0.998456 0.000622645 6.27368e-05 0.00010146 9.96104e-05 0.000105961
0.000510432 0.00409783 0.000186593 0.990064 0.00271714 0.00205368 0.000370756
0.884526 0.00475961 0.000840822 0.0711709 0.000477524 0.0340957 0.00412944
0.00296831 0.982652 0.000225783 0.0131652 0.000651665 0.000189733 0.000147712
2.27318e-05 0.999911 4.37261e-06 4.05668e-05 9.32659e-06 9.38445e-06 2.71171e-06
4.98426e-05 0.999682 3.03911e-05 4.38571e-06 0.000212322 1.59541e-05 5.3841e-06
0.889717 0.000528656 0.000804809 0.0503387 0.000163725 0.0286384 0.0298087
0.00150275 0.00486009 0.000212367 0.992182 0.000395451 0.000614816 0.000232975
7.00879e-07 0.999998 1.24888e-06 2.70289e-08 2.22958e-07 6.61595e-08 7.14623e-08
0.247091 0.40356 0.0319873 0.00312464 0.00604575 0.292435 0.0157567
1.27538e-05 0.999976 3.98711e-06 3.97858e-07 5.72471e-06 8.09494e-07 7.07537e-07
0.00913749 0.979185 0.00233 0.00383295 0.00307918 0.00142746 0.0010076
7.16124e-08 1 1.22749e-07 2.36303e-08 1.30764e-07 4.60251e-08 3.58272e-08
0.00169974 0.0924409 0.000251268 0.904701 0.000278056 0.000291966 0.000336915
0.00325984 0.12333 0.000608287 0.871226 0.000282702 0.000395036 0.000898221
3.65298e-06 0.999981 5.81089e-06 6.78971e-07 5.49455e-06 2.14332e-06 1.05331e-06
0.816294 0.00531879 0.000593937 0.0323224 0.000375738 0.0380819 0.107014
0.00347973 0.0136774 0.000597044 3.56688e-05 0.000217927 0.979471 0.00252158
0.739589 0.254172 0.00533104 0.000284333 9.21805e-05 0.000313509 0.000217204
0.00793192 0.98647 0.000172215 0.0051017 8.16386e-05 0.000112363 0.000130657
0.903585 0.0945188 0.000840557 0.000316735 0.000617565 7.56685e-05 4.58296e-05
0.000675369 0.998964 0.000314015 2.62887e-06 3.14202e-05 5.6462e-06 7.05734e-06
0.599383 0.400587 1.6024e-05 8.92575e-06 2.96197e-06 1.42621e-06 6.32478e-07
1.35346e-05 0.999978 6.99799e-06 1.03371e-07 8.67153e-07 2.36198e-07 2.89362e-07
0.0133185 0.973853 0.000199713 0.011611 0.000292736 0.000363741 0.000361832
0.0377869 0.0139968 0.00164395 0.000286926 0.000191877 0.173143 0.77295
0.0213881 0.975135 0.000611361 0.000498275 0.000195003 0.00118792 0.000984144
1.00115e-09 1 4.59936e-09 7.60672e-11 1.13134e-09 1.83313e-10 2.26123e-10
0.223821 0.776128 9.041e-06 3.3537e-05 4.64792e-06 3.14952e-06 6.58516e-07
0.0050883 0.984971 0.000465055 0.00143453 0.000183515 0.0072613 0.000596249
0.00761191 0.911447 0.00023104 0.0797241 0.000208133 0.000456228 0.000322121
4.67005e-05 0.999468 0.000458461 1.51163e-06 1.37109e-05 4.64312e-06 6.8657e-06
0.115818 0.0674879 0.0131604 0.56891 0.00392388 0.0618823 0.168818
2.60667e-06 0.0580534 0.941941 1.86231e-08 1.27284e-06 6.83184e-07 5.82533e-07
8.18053e-05 0.999842 2.2578e-05 2.03304e-05 1.09551e-05 1.03113e-05 1.19582e-05
0.0245187 0.0223607 0.0034224 0.938686 0.000784757 0.00229848 0.00792904
1.42768e-06 0.999984 2.8116e-06 2.23473e-07 9.59486e-06 1.96663e-06 5.22035e-07
1.09115e-06 0.999998 6.54786e-07 6.82189e-08 2.91391e-07 1.25004e-07 1.23966e-07
6.86119e-06 0.99979 2.23247e-05 9.80768e-06 2.13345e-05 0.000142786 6.6906e-06
0.0135368 0.0941907 0.00119881 0.00600353 0.876853 0.00717454 0.00104235
0.00147095 0.614407 0.000470425 0.381372 0.00092177 0.000648956 0.000708537
0.00596439 0.948558 0.000579852 0.0429217 0.000835202 0.000457809 0.000683056
2.44091e-06 0.999996 1.18919e-06 1.41734e-08 3.5893e-07 3.52077e-08 4.96218e-08
0.585724 0.115485 0.000911488 0.0086926 0.00143159 0.269213 0.0185428
1.77001e-07 0.999998 1.01065e-06 2.58423e-08 3.71361e-07 7.69879e-08 7.50824e-08
0.0639103 0.786198 0.00651845 0.13338 0.000990171 0.00125536 0.0077482
0.109727 0.582457 0.0051126 0.282823 0.00922954 0.00437423 0.00627677
0.995777 0.00383866 1.39438e-05 5.31926e-05 2.0858e-06 9.92988e-05 0.000215195
1.26571e-06 0.999995 3.04031e-06 6.28239e-08 4.20354e-07 1.52605e-07 1.46606e-07
3.14763e-06 0.999987 5.66678e-06 4.03029e-07 2.19344e-06 7.95986e-07 7.90059e-07
3.66666e-06 0.999933 6.22789e-05 5.48587e-08 6.53203e-07 1.76223e-07 3.0678e-07
0.00224741 0.000969422 1.64723e-05 0.995564 1.47805e-05 2.84745e-05 0.00115976
0.000633748 0.823946 0.000224173 0.174509 0.000280716 0.000163583 0.000243066
0.00363999 0.990405 0.000285714 0.0043407 0.000567726 0.000434609 0.00032641
1.82745e-05 0.999641 1.23074e-06 6.3883e-06 1.11837e-06 0.000325183 6.83688e-06
3.1406e-05 0.999459 8.48299e-06 4.49755e-06 4.79984e-05 0.000439986 8.41872e-06
0.0028847 0.994914 0.000169326 0.00128503 0.000387267 0.000216958 0.000142291
0.0131104 0.00246734 0.000802458 0.000109201 7.25542e-05 0.939647 0.0437908
3.4003e-10 1 8.09766e-09 5.48413e-11 9.53011e-10 1.41053e-10 2.24318e-10
0.00282532 0.215186 0.000273131 0.00281278 0.776665 0.00198809 0.00024925
0.972748 0.0177588 6.18113e-05 0.00852117 3.07146e-05 0.00022309 0.000656305
0.00765071 0.959886 0.00169979 0.0183448 0.00617858 0.00449247 0.00174742
4.01726e-05 0.999297 1.42122e-05 0.000198789 0.000419552 2.27642e-05 7.15544e-06
2.66205e-09 1 1.38797e-08 4.0757e-10 3.76429e-09 1.1379e-09 1.17912e-09
0.000398239 0.994514 1.78673e-05 0.00501127 1.55776e-05 1.13754e-05 3.14339e-05
0.00332264 0.00125635 0.000320035 0.119107 2.9813e-05 0.000826065 0.875138
0.020079 0.0416904 5.38527e-05 0.937599 5.66762e-05 6.79907e-05 0.000452698
0.00249097 0.0957382 0.000162669 0.89891 0.000133652 0.000314603 0.00224988
0.000554894 0.989567 0.00104247 0.00596321 0.000110322 0.00216278 0.000599107
0.000176858 0.999068 5.6536e-05 1.7876e-05 0.000642131 2.51756e-05 1.299e-05
0.00171511 0.993905 0.000123006 0.00254327 0.00146787 0.000155404 9.04514e-05
3.01405e-06 0.999978 1.79501e-05 4.5948e-08 4.14654e-07 8.34343e-08 1.61133e-07
9.3404e-05 0.000454505 0.00074111 7.54909e-06 9.53132e-05 0.998086 0.000521925
3.08218e-08 1 1.24283e-07 4.04866e-09 4.40668e-08 1.40987e-08 1.39143e-08
0.101103 0.811384 0.00327025 0.0370097 0.0376056 0.00581322 0.00381397
0.0552896 0.00306674 0.00437761 0.00335681 0.000796376 0.819989 0.113124
0.0106177 0.00286901 0.00151311 0.00685389 0.000619825 0.975708 0.00181856
0.00145283 0.994637 0.000155091 0.000836179 0.000203817 0.00250564 0.000209083
0.011147 0.519867 0.00438866 0.407435 0.0204685 0.0278424 0.00885217
0.892468 0.106825 0.000372558 0.000143748 0.000142328 2.826e-05 2.00704e-05
0.00865867 0.990205 0.000169 0.000560413 0.000211552 6.24675e-05 0.000132882
0.00080864 5.93103e-05 0.000153474 0.00033922 4.07396e-06 0.00151583 0.997119
0.00694152 0.00326391 0.00203475 0.959852 0.00996681 0.0155267 0.0024139
0.000418811 0.0154646 8.94782e-05 0.98215 0.000119102 0.000306751 0.00145132
0.00108006 0.993051 4.51445e-05 0.00537201 0.000274293 8.23526e-05 9.47907e-05
0.000104964 0.997437 1.62966e-05 0.0023384 5.48086e-05 2.18451e-05 2.68478e-05
0.000720747 0.998792 0.000135729 0.00010647 0.000155381 4.69583e-05 4.26448e-05
0.0426769 0.956303 0.000457056 0.000232397 0.000181897 8.0706e-05 6.75409e-05
5.47687e-05 0.99992 1.54422e-05 9.40648e-07 4.86352e-06 2.09891e-06 1.5698e-06
0.000147544 0.993689 3.77171e-05 0.00586659 0.000135158 8.57375e-05 3.7796e-05
2.13346e-06 0.999992 3.18523e-06 2.20835e-07 1.21941e-06 4.8296e-07 6.29924e-07
6.89602e-05 0.996565 6.30178e-05 0.00291881 2.25279e-05 0.000223579 0.000138275
2.73246e-05 0.999913 4.86316e-05 1.09107e-06 4.35783e-06 2.19478e-06 3.01678e-06
0.00282973 0.952092 0.000928689 0.0409692 0.000683931 0.00157312 0.000923525
0.0094298 0.984291 0.000221291 0.00561607 0.0001799 8.63773e-05 0.000176022
0.000302722 0.00987752 6.21242e-05 0.000306132 0.988245 0.00114368 6.33084e-05
1.86013e-05 0.999861 7.18674e-05 6.14028e-06 2.02363e-05 1.36811e-05 8.36205e-06
0.0015407 0.914569 0.0834475 1.94516e-05 0.000159258 0.000118016 0.000146491
0.00152108 0.950582 0.000226096 0.00187826 0.000239726 0.0439888 0.00156407
2.56591e-06 0.999983 6.97047e-06 7.46332e-07 2.24386e-06 2.6848e-06 1.41214e-06
0.000327216 0.997929 8.49842e-05 0.000747111 0.000133475 0.000635101 0.00014313
0.00120076 0.982811 0.00137274 0.0125414 0.000508336 0.000931083 0.000634635
3.97998e-07 0.999997 2.34105e-06 5.78469e-08 3.73695e-07 1.19658e-07 1.44697e-07
0.000222439 0.999297 0.000390436 8.22218e-06 4.29982e-05 1.91917e-05 2.0101e-05
3.83447e-09 1 2.00208e-08 5.17402e-10 5.2291e-09 1.283e-09 1.36738e-09
4.08835e-10 1 3.78666e-09 1.50097e-10 1.96897e-09 6.84901e-10 4.28687e-10
6.38876e-05 0.993941 0.000241344 0.000357341 9.31956e-05 0.00507701 0.000226307
0.105798 0.479276 0.254387 0.0020278 0.00899384 0.0947049 0.0548132
0.996041 0.00275853 3.41458e-05 0.000705335 1.23666e-05 0.00023136 0.000216971
0.00103252 0.997017 0.000220995 0.00100045 0.000438839 0.000125149 0.00016494
0.000148886 0.999668 7.68192e-05 1.17979e-05 6.60516e-05 1.69561e-05 1.15248e-05
0.00134929 0.996535 4.1216e-05 0.00174194 0.000138253 0.000111587 8.23869e-05
6.15241e-06 0.999371 1.41046e-05 0.000154656 1.82838e-05 0.000396268 3.91908e-05
0.000125049 0.999809 1.78705e-05 4.87473e-06 3.06338e-05 6.83659e-06 5.69348e-06
7.50593e-06 0.999982 4.04986e-06 9.98855e-07 2.44135e-06 1.64232e-06 1.04381e-06
0.00125592 0.997323 4.66858e-05 0.00104066 8.41899e-05 0.000142058 0.000107872
1.16204e-08 1 5.17517e-08 4.99317e-09 2.71617e-08 1.68274e-08 1.04558e-08
0.0122023 0.476026 0.220659 0.000702906 0.0168738 0.269912 0.0036242
0.00321362 0.0266794 0.00154885 0.000857527 0.000428555 0.965639 0.001633
0.000196049 0.99893 4.45563e-05 0.000526109 2.09313e-05 0.000207135 7.53288e-05
2.40235e-06 0.999991 3.36151e-06 2.44452e-07 1.50018e-06 5.73127e-07 5.04028e-07
1.79104e-05 0.999932 1.73619e-05 1.75491e-06 2.35798e-05 4.51835e-06 2.98147e-06
0.000683679 0.989706 2.38911e-05 0.00950005 4.2466e-05 2.24943e-05 2.18404e-05
1.78212e-07 0.999998 1.56241e-06 1.96595e-08 1.91773e-07 4.27781e-08 3.77784e-08
0.00404979 0.970235 0.00213375 0.00255804 0.00735714 0.0119527 0.00171317
0.000818962 0.536203 0.000381429 0.458366 0.000235778 0.00070991 0.00328528
0.00152252 0.141787 0.000164497 0.000845767 0.854938 0.000640438 0.00010221
0.0279611 0.695996 0.0119407 0.0115424 0.0178273 0.214523 0.0202098
0.093972 0.00782413 0.000965697 0.886693 0.000619829 0.00312607 0.00679972
0.000729238 0.873247 0.000391302 0.123675 0.000349061 0.000908194 0.000700246
0.00155061 0.994803 0.0001949 0.00223364 0.000187573 0.000629297 0.000400994
4.72841e-05 0.999916 1.83686e-05 3.22873e-06 6.045e-06 4.81431e-06 4.26062e-06
4.76534e-09 0.999999 1.21062e-06 3.26957e-10 7.6981e-09 1.27726e-09 2.36534e-09
8.90305e-08 0.999999 7.1446e-07 2.22721e-08 2.212e-07 5.39733e-08 5.33908e-08
0.00115294 0.99853 2.71229e-05 7.94947e-05 0.000173571 2.47215e-05 1.20547e-05
0.973697 0.00160327 0.00379572 0.00794508 8.21704e-05 0.000480682 0.0123956
0.00859911 0.00252564 0.000536119 0.962404 0.000389601 0.00335226 0.0221935
1.60123e-05 0.999927 3.23026e-05 8.43942e-07 1.89326e-05 2.33443e-06 2.40807e-06
0.00109273 0.998386 1.22865e-05 0.000426094 3.37378e-05 3.14368e-05 1.77217e-05
5.96465e-08 1 2.41591e-07 8.55074e-09 8.84101e-08 2.2092e-08 2.53368e-08
0.00890535 0.0186462 0.940406 0.00303871 0.00314563 0.0220047 0.00385362
0.000284267 0.997125 8.7299e-05 0.00163305 0.0002011 0.000480891 0.000188765
0.0222812 0.751745 0.183359 0.00175142 0.0021529 0.0355629 0.00314708
0.00131236 0.996993 7.23873e-05 0.00138606 5.24939e-05 0.000108767 7.45233e-05
0.063578 0.935638 0.000370888 8.78712e-05 6.87881e-05 9.62429e-05 0.00016046
0.0259749 0.388937 0.00528096 0.0954348 0.00164089 0.153307 0.329425
0.03448 0.208093 0.000669812 0.751998 0.00239461 0.00100153 0.00136286
0.00484884 0.994603 0.000275281 6.87347e-05 6.2745e-05 7.68773e-05 6.45067e-05
0.0218758 0.90568 0.000297862 0.0707792 0.000692931 0.000283237 0.000390706
0.0466099 0.91916 0.000706806 0.000823395 0.0313828 0.00111052 0.000206185
0.0508767 0.948822 1.82778e-05 0.000194178 9.35609e-06 6.38823e-05 1.51808e-05
0.0341982 0.00758565 0.000534364 0.0637647 0.000125565 0.00465276 0.889139
6.56734e-09 0.999996 4.35349e-06 1.67397e-10 9.4715e-09 1.14667e-09 2.59442e-09
4.17198e-05 0.00149568 0.000133903 2.79951e-06 0.000174088 0.998065 8.64788e-05
0.931771 0.00494745 0.00205042 0.0151406 0.000195127 0.0064363 0.0394588
3.52729e-09 1 3.47155e-08 4.54757e-10 6.52915e-09 1.19249e-09 1.60952e-09
4.81211e-05 0.999054 9.56631e-05 0.000338089 7.68213e-05 0.000341563 4.58918e-05
5.82089e-06 0.999983 5.19012e-06 6.75887e-07 2.96011e-06 1.32938e-06 1.21174e-06
4.23941e-05 0.998682 2.98363e-05 0.000334898 0.000595657 0.000284315 3.1256e-05
0.00167849 0.997582 2.56385e-05 0.000658499 1.94811e-05 2.01508e-05 1.56353e-05
2.73439e-05 0.999889 4.6801e-05 3.40167e-06 1.38445e-05 1.46954e-05 5.21718e-06
0.000320855 0.735065 0.000389767 0.26327 0.000315378 0.000355837 0.00028359
0.128004 0.287516 0.0224431 0.349182 0.0046239 0.0517028 0.156528
1.84467e-07 0.999982 1.74051e-05 6.49121e-09 2.50948e-07 1.42367e-07 9.25717e-08
0.0171748 0.738955 0.018366 0.032987 0.00801869 0.146953 0.0375459
4.61207e-07 0.999996 1.99874e-06 6.46098e-08 6.52154e-07 1.93944e-07 1.63113e-07
0.0121845 0.98712 0.000367574 8.1785e-05 0.00011577 6.28763e-05 6.75479e-05
0.0607317 0.938873 4.59569e-06 0.00037403 1.09677e-05 4.05927e-06 1.61688e-06
0.0168377 0.908782 0.000112458 0.0737443 0.000135893 8.82473e-05 0.000298969
9.85124e-05 0.997264 3.04697e-05 0.00237403 0.000132824 4.55407e-05 5.46471e-05
0.973855 0.0203679 0.000307923 0.00363843 4.1894e-05 0.00078143 0.00100795
0.00440629 0.912232 0.00266195 0.00595741 0.0197735 0.0522974 0.00267141
0.988994 0.0106375 0.000248158 6.41811e-05 4.22356e-05 8.59918e-06 5.65857e-06
0.241772 0.756115 0.00174874 0.000107812 0.000103871 9.90391e-05 5.33464e-05
0.0282876 0.956888 0.000144589 0.0142753 6.78466e-05 9.47319e-05 0.000241417
0.016171 0.344392 0.00198854 2.78178e-05 0.00022517 0.622995 0.0141999
0.123297 0.00803448 0.000137169 1.59563e-05 9.43361e-06 0.8659 0.00260633
0.102537 0.896754 0.000229536 0.000281267 9.1104e-05 4.41174e-05 6.32181e-05
6.62116e-06 0.999976 4.89434e-06 9.33825e-07 8.5114e-06 1.87885e-06 1.14557e-06
0.0334074 0.94453 0.00379104 0.00116083 0.000352476 0.0158018 0.00095662
0.00903958 0.00172535 0.000209555 2.73391e-05 4.08592e-05 0.986871 0.00208675
6.48945e-05 0.998721 0.00119101 9.68335e-07 1.42664e-05 2.67353e-06 4.7355e-06
0.903368 0.0963129 2.41625e-05 0.000226722 8.61701e-06 4.54778e-05 1.45514e-05
0.120784 0.0100381 0.000259467 0.857875 0.00018532 0.000647684 0.0102105
0.0048905 0.0476208 0.00049114 0.945638 0.000457544 0.000607477 0.000294818
0.000128185 0.00143793 1.55497e-05 0.998089 6.6647e-05 9.16094e-05 0.000171323
0.0049391 0.831425 0.00148366 0.00232309 0.000472982 0.142642 0.0167138
0.000931598 0.998749 3.39839e-06 0.000293215 1.02343e-05 6.83022e-06 5.60473e-06
0.00222746 0.00109194 1.61571e-05 0.995923 1.93633e-05 3.35493e-05 0.000688284
0.00113689 0.99471 2.28143e-05 0.000205478 8.324e-05 0.00351088 0.000330257
0.000288825 0.999471 9.62411e-05 3.06741e-05 7.87978e-05 2.08775e-05 1.33241e-05
0.985669 0.00013454 1.83793e-05 0.00158667 2.83948e-06 0.000722102 0.0118667
0.000148989 0.999757 4.32867e-05 3.5517e-06 3.28693e-05 8.55467e-06 5.57241e-06
0.000579223 0.040895 7.77358e-05 0.957513 0.000110246 0.000202409 0.000621843
0.00343594 0.987891 0.000161126 0.00316545 0.00479148 0.000387304 0.00016757
3.44291e-05 0.999831 2.51878e-05 2.48865e-05 3.82906e-05 3.68865e-05 9.39741e-06
0.000525614 0.00508514 3.0586e-05 0.99384 3.78068e-05 9.11875e-05 0.000389414
0.000162748 0.999726 4.7078e-05 4.00858e-06 4.75268e-05 8.05589e-06 4.84643e-06
0.102076 0.725327 0.00267907 0.148275 0.000861141 0.00442857 0.0163536
0.0323847 0.966126 0.000762979 0.000161469 4.28575e-05 0.000445088 7.65633e-05
5.07242e-05 0.999407 8.55418e-06 0.000498902 1.2049e-05 1.40566e-05 8.37396e-06
0.513562 0.0268447 0.17415 0.140947 0.0882885 0.0319846 0.0242234
0.00521832 0.977518 0.000390081 0.0016219 0.000325815 0.00359458 0.0113311
0.101981 0.897677 5.92463e-05 0.00018785 4.09355e-05 4.02937e-05 1.40352e-05
0.00204034 0.987089 0.000925257 0.00522482 0.00204991 0.00195873 0.000711931
1.90339e-05 0.999929 1.93583e-05 3.6206e-06 2.21011e-05 3.95878e-06 3.04331e-06
0.00164702 0.998104 8.64103e-05 1.20397e-05 0.000127932 1.16272e-05 1.13e-05
0.419589 0.0041892 0.00338086 0.21139 0.000811127 0.0494707 0.311169
6.5394e-05 0.999827 4.1862e-05 5.7225e-06 3.89039e-05 1.09728e-05 9.74676e-06
0.00123758 0.995832 0.00273708 1.36019e-05 0.000134552 2.05437e-05 2.49882e-05
1.35441e-05 0.999075 1.23371e-05 0.00037902 1.41112e-05 0.000425611 8.08016e-05
0.00363929 0.0739004 0.00157323 0.908725 0.00114354 0.00363224 0.00738611
0.0828755 0.905171 0.0105014 0.000444462 0.00046122 0.00021028 0.000336075
0.0239839 0.974523 0.000960943 0.000146794 0.000196036 9.9831e-05 8.93268e-05
0.000510128 0.998993 0.000130946 0.000134144 0.000112283 6.10654e-05 5.84536e-05
2.22854e-05 0.999959 1.20457e-05 9.43011e-07 2.77382e-06 1.61143e-06 1.3841e-06
9.65907e-08 0.999999 2.46354e-07 4.18597e-08 1.97173e-07 6.49405e-08 5.0241e-08
0.000176208 0.998748 7.494e-05 0.000548707 8.81962e-05 0.000278755 8.47729e-05
0.00077182 0.998822 0.000133247 6.63173e-05 0.000143774 3.39748e-05 2.92618e-05
3.0029e-09 1 2.7363e-08 1.0438e-09 9.79228e-09 3.04067e-09 2.24278e-09
4.02843e-05 0.999843 9.23295e-05 2.3736e-06 1.35147e-05 4.19411e-06 4.73067e-06
0.0367835 0.82427 0.00107642 0.129591 0.000646752 0.00382839 0.00380422
8.92831e-08 1 2.5503e-07 1.26591e-08 9.68472e-08 2.83474e-08 2.83598e-08
0.00257983 0.99685 0.000220722 0.000171851 7.75361e-05 4.91794e-05 5.06303e-05
0.00310541 0.135249 0.000701597 0.00232693 0.850283 0.00762124 0.000712316
0.00335684 0.990685 0.000201364 0.00379148 0.000139426 0.00134779 0.000478127
5.65741e-09 1 2.86331e-08 2.3817e-09 1.84384e-08 9.64021e-09 5.81855e-09
0.00599699 0.967691 0.0261761 7.12091e-06 3.3514e-05 3.57443e-05 5.91169e-05
3.67776e-06 0.999986 3.04451e-06 8.09674e-07 1.58271e-06 2.47556e-06 1.88786e-06
0.22536 0.770388 0.000977285 0.00132784 0.000177767 0.0012831 0.000486011
2.98573e-06 0.99999 2.77103e-06 3.30548e-07 2.1275e-06 6.8636e-07 5.58633e-07
0.000653244 0.998581 0.000683013 8.93738e-06 5.0686e-05 1.02671e-05 1.24365e-05
2.86679e-05 0.999866 2.04854e-05 2.63348e-05 3.41437e-05 1.46373e-05 1.00562e-05
0.0911171 0.112729 0.0165389 0.634991 0.0963523 0.0354148 0.0128572
0.0655045 0.00692784 0.00239322 0.000755568 0.000553975 0.77609 0.147775
3.17107e-06 0.99995 4.23156e-06 1.88636e-06 3.62678e-05 3.16272e-06 1.53439e-06
3.44002e-10 1 1.62184e-07 2.42184e-11 1.50977e-09 2.56018e-10 2.03041e-10
0.0017652 0.982508 0.00360205 0.00564566 0.000734033 0.00482582 0.000919606
0.351999 0.593203 0.00315831 0.0295265 0.0029995 0.0148602 0.00425355
3.76076e-09 1 6.34972e-08 1.41452e-09 3.00991e-08 2.65993e-08 5.07431e-09
0.0137877 0.984577 0.000588275 0.000341323 0.000346373 0.000151397 0.000208102
0.00517322 0.969947 0.000605436 0.0224427 0.000354094 0.000812534 0.000664796
0.0195607 0.97852 2.79552e-05 0.00181433 5.06115e-05 1.67751e-05 9.68247e-06
1.56628e-05 0.999949 1.35445e-05 1.16614e-06 1.48792e-05 3.34595e-06 2.4438e-06
0.000127314 0.999739 1.54392e-05 6.99187e-05 3.30403e-05 7.83286e-06 7.7443e-06
0.000545193 0.995815 1.45834e-05 0.00354837 4.5674e-05 1.46687e-05 1.61639e-05
0.975074 0.00393787 0.000860109 0.00183757 4.13473e-05 0.00176337 0.016486
3.02492e-09 1 1.04111e-08 6.51394e-10 5.09854e-09 1.55287e-09 1.51869e-09
0.264203 0.171197 0.00203813 0.54217 0.000919215 0.00376033 0.0157121
0.00173875 0.480263 0.000136331 0.516817 0.000273965 0.000264934 0.000505596
0.00351558 0.256579 0.00154216 0.522602 0.000521814 0.0116675 0.203571
0.997029 0.00283803 0.000129471 1.74865e-06 6.32386e-07 6.58102e-07 4.72937e-07
6.96782e-09 0.999999 7.61365e-07 1.40656e-09 2.35683e-08 8.60441e-09 6.73018e-09
1.84155e-09 1 4.94946e-08 2.74596e-10 8.27973e-09 1.31983e-09 9.91423e-10
2.14584e-11 1 1.20431e-09 5.84724e-12 2.72473e-10 6.48519e-11 2.66044e-11
0.129194 0.865496 0.00068904 0.00253982 0.00020839 0.00123267 0.000640246
0.00094703 0.00304568 0.000104946 0.994412 0.00025452 0.000476501 0.000759563
5.76356e-06 0.999972 4.28662e-06 6.88628e-07 1.34656e-05 2.23358e-06 1.24792e-06
9.00739e-06 0.999927 1.87739e-05 3.10642e-06 2.18206e-05 1.42263e-05 5.7521e-06
9.66734e-06 0.999257 7.18459e-06 0.00065963 1.06626e-05 3.72232e-05 1.86268e-05
0.123766 0.29605 0.092133 0.304822 0.00832367 0.165892 0.00901331
0.0076688 0.852282 0.00302849 0.000484975 0.000529991 0.124091 0.0119152
9.24817e-07 0.999996 1.59079e-06 9.95063e-08 4.85855e-07 2.0813e-07 1.92429e-07
0.00384325 0.000541831 0.000437593 0.010145 3.03607e-05 0.00203974 0.982962
4.67029e-10 1 4.28946e-08 3.96616e-11 2.00656e-09 3.13304e-10 3.34582e-10
0.0136583 0.932814 0.0053705 0.029481 0.00292479 0.010332 0.00541911
4.49259e-06 0.999979 4.55975e-06 2.10176e-07 1.0858e-05 7.47765e-07 3.32267e-07
4.86402e-06 0.999976 1.50946e-05 2.94945e-07 1.63741e-06 8.4102e-07 9.57508e-07
0.133664 0.73299 0.124269 0.000999918 0.00328982 0.00276427 0.00202298
0.0719016 0.017717 0.00326608 0.902198 0.00100629 0.00149855 0.00241261
0.670018 0.311886 0.00107636 0.0122423 0.000475525 0.00126509 0.00303746
0.0101238 0.530904 0.000833949 0.445738 0.00950208 0.00171898 0.00117874
0.0192058 0.977543 0.000102825 0.000574983 0.000119293 0.00221156 0.00024293
0.000324903 0.998864 7.67871e-05 0.000498187 0.000102092 7.29407e-05 6.10909e-05
2.71981e-07 0.999998 1.33656e-06 6.49391e-08 3.43488e-07 1.33034e-07 1.61992e-07
9.87818e-06 0.999987 2.43989e-06 3.20122e-08 3.73984e-07 9.68766e-08 9.29594e-08
0.04077 0.00343391 0.0176351 0.253104 0.00187287 0.571132 0.112052
0.00151249 0.000521268 8.71657e-06 0.997509 1.01361e-05 1.82627e-05 0.000419587
4.01672e-05 0.999952 4.78223e-06 4.0607e-07 9.96335e-07 6.39965e-07 7.65811e-07
0.000406003 0.00165927 1.1921e-05 0.99781 1.52663e-05 2.85678e-05 6.94236e-05
0.00310991 3.99832e-06 1.54385e-05 0.00022602 2.51104e-07 0.00017371 0.996471
0.00129067 0.973186 0.000309513 0.0156047 0.000220412 0.00205413 0.00733467
9.88584e-07 0.999992 6.11508e-06 7.51766e-08 5.10867e-07 4.94829e-07 3.6351e-07
0.0108666 0.761283 0.000204581 0.226267 0.000168613 0.000181738 0.00102895
5.2586e-05 0.999845 2.18117e-05 2.86954e-05 3.44087e-05 9.64421e-06 8.17863e-06
0.000309443 0.901484 0.00343655 0.000168673 0.00120886 0.0921994 0.0011929
0.000271876 0.995394 0.000107674 0.00384043 7.15687e-05 0.000156364 0.000158222
1.40554e-05 0.999099 1.32746e-05 0.000316364 2.32355e-05 0.000255466 0.000279062
0.00112318 0.994321 0.000241478 0.00345632 0.000224582 0.000212237 0.00042095
6.72255e-05 0.999721 9.52983e-06 6.12642e-05 1.62534e-05 0.000113549 1.08138e-05
3.13106e-06 0.999901 5.6795e-06 2.94156e-06 8.1346e-05 4.51721e-06 1.8344e-06
0.00372312 0.996242 2.0682e-05 2.76149e-06 7.03802e-06 2.87583e-06 2.02826e-06
0.0036178 0.995193 0.000220524 0.000571913 0.000158664 8.83621e-05 0.000149869
0.0338173 0.000256527 0.00242246 0.0158671 7.8562e-05 0.00706038 0.940498
0.0111029 0.206446 0.000741819 0.770682 0.00651731 0.0030006 0.00150961
1.25549e-08 1 2.21838e-07 7.67885e-09 9.70276e-08 3.20616e-08 1.73279e-08
0.0173952 0.981558 0.000771526 5.97715e-05 0.000129544 4.46883e-05 4.1551e-05
0.00173184 0.000641739 0.000394005 0.994357 0.000499129 0.0015682 0.000807577
5.85081e-06 0.999753 5.58842e-06 5.27809e-06 0.000215482 1.23631e-05 2.68182e-06
0.00177943 0.996842 6.04424e-05 0.00104662 0.000123421 5.00598e-05 9.79092e-05
0.00141723 0.995598 0.000206471 0.000152319 0.000252241 0.00218485 0.000188977
6.39585e-07 0.999994 2.44921e-06 1.91546e-07 1.73873e-06 6.52199e-07 3.6846e-07
0.517275 0.472605 0.000108914 0.00973268 0.000135566 9.33775e-05 4.9664e-05
0.00352203 0.126165 0.000116778 0.868277 6.47732e-05 0.000139434 0.00171498
5.70346e-08 0.999999 4.58473e-07 1.58847e-08 2.12441e-07 3.072e-08 2.76456e-08
0.0018431 0.0100246 0.000248826 0.985038 0.000719613 0.00125059 0.000874963
3.59268e-10 1 4.16179e-09 1.16869e-10 1.60059e-09 3.90671e-10 3.35615e-10
0.00661585 0.987751 0.000252335 0.00440193 0.000195621 0.000497518 0.000286212
0.103582 0.889041 7.64601e-05 0.00712341 5.96641e-05 6.89015e-05 4.81118e-05
6.59481e-08 1 6.45154e-08 1.63989e-09 2.0947e-08 4.5356e-09 4.391e-09
1.22948e-07 1 1.48012e-07 2.16518e-08 1.07877e-07 3.67118e-08 2.90429e-08
0.000156796 0.994823 5.47355e-05 0.00174187 2.31625e-05 0.000519416 0.00268094
0.0900835 0.752179 0.0263496 0.00768212 0.00350386 0.116495 0.00370675
0.0284177 0.943803 0.00121043 0.0230822 0.000488937 0.00191071 0.00108725
0.000647366 0.999241 2.64254e-05 1.60985e-05 2.20809e-05 2.85308e-05 1.82953e-05
0.978791 0.00130534 0.000106374 0.00199847 1.31414e-05 0.000801571 0.0169837
6.9532e-05 0.00680004 7.02764e-05 0.992343 3.19512e-05 0.000273375 0.000411899
4.70554e-06 0.999983 8.00278e-06 3.42215e-07 2.8535e-06 7.51632e-07 8.4368e-07
3.24353e-09 1 2.21624e-07 6.80952e-10 2.11924e-08 3.36723e-09 3.20934e-09
7.11238e-10 1 2.24836e-08 2.27268e-10 4.21407e-09 8.45106e-10 6.03117e-10
0.951356 0.0485054 2.74415e-06 0.00011266 6.27662e-06 1.22121e-05 4.60809e-06
0.00101428 0.992569 0.000233226 0.00495406 0.000202756 0.000751323 0.000275693
7.3924e-05 0.999798 0.000102002 2.14317e-06 8.69538e-06 8.10088e-06 7.11331e-06
0.233067 0.0345149 0.000248483 0.726907 0.000151943 0.000431559 0.00467965
0.00428444 0.956572 0.00177763 0.0351626 0.000686464 0.00112588 0.000390856
1.24073e-06 0.999988 4.12217e-06 4.8506e-07 4.43314e-06 9.65513e-07 8.98971e-07
0.00682223 0.992781 0.000161713 5.78254e-05 9.62963e-05 4.76049e-05 3.30784e-05
6.64719e-05 0.999613 3.80733e-05 1.16979e-05 0.000246421 1.59044e-05 8.23902e-06
0.0018039 0.0910889 0.00027029 0.901888 0.000139394 0.000778007 0.00403188
0.0100189 0.673428 0.000533744 0.00419816 0.30653 0.00463445 0.000656375
0.000372049 0.998719 1.1081e-05 0.000666156 0.000190641 2.71944e-05 1.38775e-05
0.218161 0.00238793 0.00222559 0.000194798 0.00023566 0.662424 0.114371
0.00490546 0.986671 0.000248584 0.00104902 0.00448538 0.00217549 0.000465114
0.00577397 0.985529 0.000152108 0.00810023 9.95937e-05 0.000183031 0.000162007
0.103213 0.893974 0.00235399 5.99608e-05 8.12915e-05 0.000248702 6.84814e-05
0.00152426 0.995615 8.47424e-05 0.00207121 0.000169628 0.000332614 0.000202121
0.00177592 0.990965 0.000320839 0.00287929 0.000180584 0.00351348 0.000364951
0.00242878 0.996798 4.2814e-05 0.000483097 5.87913e-05 0.000108249 8.04067e-05
0.0134006 0.00177139 0.00119586 0.000913104 0.000107637 0.0515369 0.931075
0.471904 0.0286245 0.00170505 0.457673 0.000628546 0.0022532 0.0372117
0.0161755 0.04078 0.0150597 0.848503 0.00389234 0.0244743 0.0511149
8.18517e-06 0.999977 7.55562e-06 7.11845e-07 3.45883e-06 1.50366e-06 1.38664e-06
0.00032201 0.998738 3.15578e-05 0.000429983 0.000126649 0.000302036 4.95882e-05
1.70859e-06 0.999987 8.49318e-06 1.67428e-07 1.26572e-06 8.20853e-07 6.49916e-07
0.0696936 0.555407 0.00370921 0.359004 0.000906059 0.00916527 0.00211546
