0.0611713 0.854974 0.0101131 0.0305515 0.00396166 0.0310938 0.0081348
0.545864 0.31493 0.00276903 0.126625 0.000931098 0.00398782 0.00489225
0.808599 0.111114 0.00772538 0.0563784 0.00119592 0.0102967 0.00469116
0.00222238 0.944522 0.000237135 0.0516828 0.000279552 0.000545368 0.000510751
0.674499 0.0803044 0.014284 0.192893 0.0049888 0.0223896 0.0106414
0.213068 0.0927681 0.0236412 0.506811 0.0244121 0.101718 0.0375822
0.150062 0.0286954 0.0535521 0.0585569 0.00642167 0.621666 0.0810465
0.0239256 0.929561 0.000846289 0.0372802 0.000476372 0.00521685 0.00269423
0.261904 0.0118506 0.0262354 0.0431882 0.00161748 0.288854 0.366351
0.0280805 0.022311 0.197646 0.00763754 0.00735674 0.691376 0.0455921
0.0358332 0.899673 0.000368922 0.0628695 0.000287011 0.000471611 0.000496753
0.0124608 0.977459 0.000933447 0.00688998 0.000627312 0.000928844 0.00070115
0.0560143 0.751227 0.000204421 0.190631 0.000186957 0.000311999 0.00142395
0.0434781 0.111543 0.0486531 0.0755805 0.556687 0.150561 0.0134971
0.000274166 0.999318 7.74839e-05 0.000186255 5.26954e-05 6.07731e-05 3.04068e-05
0.0255265 0.0904388 0.0111299 0.0628039 0.777267 0.0293277 0.0035061
0.155452 0.733595 0.00126469 0.106864 0.000665137 0.00112663 0.00103301
5.29286e-05 0.999833 6.07377e-05 1.3926e-05 1.13176e-05 1.77836e-05 1.05936e-05
0.71248 0.00588057 0.000607807 0.271786 8.10511e-05 0.00207106 0.00709433
0.417753 0.495226 0.00247154 0.080112 0.00117607 0.0017698 0.00149153
0.00946192 0.946364 0.000169012 0.0432204 0.000349276 0.000233421 0.000202261
0.478598 0.0645975 0.00299605 0.443875 0.00318872 0.00423789 0.00250619
0.66702 0.0184442 0.00237962 0.271326 0.000328608 0.00649663 0.0340052
0.334158 0.124723 0.00534384 0.512852 0.0034101 0.00848974 0.0110233
0.224939 0.724775 0.0020144 0.0431139 0.000522073 0.00274415 0.00189134
0.152778 0.0335837 0.0641598 0.022948 0.00515891 0.486682 0.23469
0.00209169 0.992863 0.000785577 0.00254653 0.000397776 0.000826241 0.000489798
0.336039 0.489177 0.0120419 0.117147 0.00437944 0.0264494 0.0147659
0.0272384 0.878662 0.00029302 0.0926292 0.000390546 0.000426147 0.000360701
0.00582497 0.973897 0.0165348 0.000392344 0.00105698 0.00166209 0.000632014
0.287262 0.344545 0.0465956 0.101424 0.0124212 0.168116 0.0396358
0.190737 0.312495 0.00184964 0.48298 0.00740103 0.00304077 0.00149634
0.343534 0.460996 0.0106971 0.148522 0.00491042 0.0166749 0.0146655
0.0106616 0.918381 0.000839702 0.0627347 0.00223902 0.00352686 0.00161709
0.0322265 0.954088 0.000972721 0.0105295 0.00108659 0.000834482 0.000262125
0.747706 0.190591 0.00592609 0.0312063 0.000858329 0.0129932 0.0107187
0.154343 0.593326 0.0147526 0.0359476 0.00377669 0.150987 0.0468677
0.719508 0.0620231 0.00101945 0.211017 0.000198736 0.00123891 0.00499452
0.955906 0.0420681 0.00144818 0.000459891 3.70098e-05 5.07262e-05 2.96842e-05
0.221724 0.57688 0.00172407 0.19397 0.000964433 0.00231482 0.00242266
0.399531 0.45925 0.102312 0.0174087 0.00413159 0.010184 0.00718276
0.00504127 0.975845 0.000171304 0.0181772 0.00030626 0.000292651 0.000166626
0.000930463 0.998733 7.07981e-05 0.000150861 5.86672e-05 3.27407e-05 2.36958e-05
0.242367 0.286443 0.105121 0.132874 0.0316617 0.155295 0.0462379
0.0541765 0.897414 0.0014525 0.0417248 0.00156115 0.00174646 0.00192455
0.0406245 0.853607 0.000637337 0.100919 0.00068135 0.00225667 0.00127348
0.00106375 0.0195378 0.00118942 0.00345592 0.966291 0.00831141 0.000151055
0.0584421 0.0255452 0.0208325 0.121563 0.00228084 0.433003 0.338333
0.0894288 0.741179 0.00124709 0.164323 0.000755365 0.00156547 0.00150088
0.00350299 0.98984 9.74026e-05 0.00524347 0.000123854 0.00106042 0.000131937
0.000539696 0.998704 0.000158454 0.000286962 0.000120013 0.000115931 7.51316e-05
0.0786173 0.893344 0.000383322 0.0264812 0.000293522 0.000372314 0.000508788
0.208145 0.648468 0.0010264 0.139904 0.000798192 0.000857226 0.000801107
0.160165 0.494649 0.00357249 0.323119 0.00232938 0.00571945 0.0104456
0.0387316 0.908884 0.000151632 0.0514981 0.000146742 0.000178424 0.00040929
0.018733 0.938247 0.000341501 0.041354 0.000186341 0.000440509 0.000697995
0.0375047 0.0548825 0.0306282 0.32791 0.0860395 0.436868 0.0261671
0.0331511 0.913782 0.00334276 0.0378992 0.00247558 0.00427303 0.00507664
0.000456938 0.998249 0.000106602 0.000841952 0.000123871 0.000144794 7.66574e-05
0.493608 0.146931 0.00411661 0.331495 0.00228995 0.0073211 0.0142384
0.141041 0.718409 0.00194499 0.127453 0.00109235 0.00381422 0.00624486
0.00301807 0.992689 7.9227e-05 0.00154739 4.41577e-05 0.00243347 0.000189043
0.07084 0.854897 0.002029 0.0630542 0.00131623 0.00479694 0.0030668
0.679172 0.138411 0.00745405 0.143118 0.00239976 0.012483 0.0169616
0.031686 0.942476 0.000810994 0.0117175 0.000247214 0.0105634 0.00249931
0.1902 0.00573822 0.0157819 0.015542 0.000830834 0.738163 0.0337443
0.000289104 0.999103 0.00026207 0.000123329 7.80772e-05 9.38485e-05 5.03453e-05
0.00457791 0.983996 0.000392949 0.00920218 0.00042833 0.000770312 0.000632145
0.452066 0.0944323 0.0142091 0.358694 0.00653591 0.0369023 0.0371606
0.183066 0.788603 0.00222406 0.0225273 0.00172286 0.00135204 0.000504768
0.1348 0.719319 0.00178628 0.139213 0.00226014 0.00134498 0.00127707
0.418984 0.158416 0.000988413 0.414176 0.000467963 0.00161002 0.00535789
0.063403 0.877429 0.00133561 0.051774 0.000509423 0.00264663 0.00290219
0.00122227 0.996706 0.000562243 0.000747579 0.000268917 0.00029781 0.000195208
0.0919324 0.770652 0.00532708 0.0334735 0.00212168 0.0409718 0.055522
0.0891643 0.167672 0.0136945 0.12612 0.00282839 0.139386 0.461135
0.0677244 0.665347 0.0140564 0.0459618 0.0117874 0.172311 0.022812
0.395311 0.36351 0.00255115 0.213991 0.0210243 0.00230379 0.00130861
0.0528141 0.856713 0.000277407 0.0894037 0.000300392 0.000248687 0.00024269
0.00145169 0.996193 0.000201395 0.00138278 0.000448807 0.000203621 0.000119102
0.000200163 0.99949 4.15595e-05 0.000136751 8.1655e-05 3.35187e-05 1.6051e-05
0.19744 0.120895 0.0298374 0.0222733 0.0048819 0.576034 0.0486389
0.019846 0.889179 0.0888211 0.000269739 0.000707655 0.000658182 0.000518485
0.066723 0.896116 0.0011464 0.0331426 0.000923845 0.000846047 0.00110164
0.00035617 0.999432 5.17238e-05 7.58359e-05 4.18586e-05 2.4092e-05 1.83442e-05
0.692255 0.0500281 0.00581804 0.0502911 0.000432697 0.0177976 0.183377
0.624736 0.0149893 0.0109033 0.120473 0.00161242 0.19499 0.0322962
0.135841 0.810369 0.00552876 0.0244577 0.00248711 0.0171017 0.00421426
0.887275 0.0153735 0.00155362 0.0852015 0.000178333 0.00549417 0.0049241
0.000298629 0.999087 0.000110788 0.000264368 6.38912e-05 0.00012001 5.48969e-05
0.0057137 0.981536 0.000383028 0.0109061 0.00040445 0.000595827 0.000461014
0.7032 0.0231788 0.00341257 0.0496156 0.000268214 0.0346164 0.185708
0.11844 0.847482 0.00316964 0.0190742 0.00138362 0.00747519 0.0029755
0.00755046 0.78895 9.49945e-05 0.202796 0.000232809 0.00019349 0.000182309
0.171951 0.0899102 0.059725 0.0485469 0.0109121 0.557259 0.0616954
0.0137897 0.981146 0.000548668 0.00333458 0.000371958 0.000483005 0.000325899
0.280004 0.166063 0.0260703 0.340526 0.0124996 0.0765394 0.098298
0.325064 0.603326 0.000912553 0.0661459 0.00036 0.00116614 0.00302526
0.0230309 0.94462 0.000587054 0.0235192 0.000332769 0.00596265 0.0019469
0.612282 0.027429 0.00800368 0.31993 0.00309908 0.0167842 0.0124729
0.000758192 0.0711898 0.000222115 0.00421053 0.922674 0.000901843 4.31627e-05
0.123276 0.25466 0.0106784 0.0104778 0.00243174 0.577761 0.0207151
0.503349 0.0578059 0.0177395 0.309113 0.0112555 0.072783 0.0279537
0.0376437 0.925298 0.00315308 0.00970523 0.00108505 0.0189274 0.00418781
0.0048159 0.980762 0.000402213 0.0119613 0.00100769 0.000669254 0.000381987
0.870578 0.0104062 0.00132121 0.104885 0.000217531 0.00744618 0.00514633
0.281334 0.172749 0.013111 0.0237242 0.00195816 0.286144 0.220979
0.000857436 0.994998 7.48546e-05 0.00355969 0.000250544 0.000103739 0.000155294
0.170797 0.747978 0.00367719 0.0617814 0.00153382 0.00772219 0.00651047
0.000147915 0.999487 0.000119465 9.21347e-05 4.60412e-05 7.14103e-05 3.65056e-05
0.00334727 0.97333 0.000151113 0.0217507 0.000193417 0.000930823 0.000296253
5.21934e-05 0.999868 1.91747e-05 2.43255e-05 1.63194e-05 1.27054e-05 7.49341e-06
0.0123924 0.946977 0.000167755 0.0394426 0.00015227 0.000608885 0.000258543
0.000621952 0.998297 0.000415821 0.000256689 0.000130778 0.000167356 0.000110682
0.000870828 0.997634 0.000124296 0.00104828 0.000130473 0.000123034 6.89696e-05
0.0997764 0.88655 0.00337126 0.00679281 0.00123602 0.00106396 0.00121006
0.65014 0.16661 0.00818676 0.052477 0.00170406 0.0296913 0.0911905
0.00399948 0.989843 0.000501106 0.00390204 0.000510032 0.000762065 0.000482629
0.0918318 0.0783745 0.0913765 0.199841 0.00850954 0.19945 0.330616
0.330371 0.363215 0.0361615 0.060165 0.00920494 0.16772 0.0331633
0.00930413 0.975528 0.00188347 0.0048229 0.000744965 0.00361765 0.00409945
0.399055 0.477096 0.00245189 0.110847 0.000822478 0.00307663 0.00665068
0.0715616 0.743839 0.0107173 0.0993406 0.0330988 0.0338837 0.00755862
0.000888479 0.997673 0.000184723 0.000796075 0.000152397 0.000160751 0.000144491
0.00693665 0.879809 0.000219857 0.108771 0.000129903 0.000660773 0.00347299
0.096839 0.807 0.00017815 0.0927988 9.33649e-05 0.000348501 0.00274191
0.00596371 0.948517 0.000353244 0.0411682 0.000324881 0.00136205 0.00231086
0.0609044 0.892551 0.000848896 0.0412118 0.000726488 0.00206318 0.00169432
0.0902791 0.847743 0.00182725 0.0561886 0.00128164 0.00144748 0.00123322
0.00349742 0.991801 0.000632511 0.00267038 0.000404633 0.000616984 0.000377263
0.0895991 0.855939 0.00311283 0.029457 0.000992637 0.00471622 0.016183
0.00273384 0.996484 0.000270526 0.000202469 0.000165126 8.01307e-05 6.42118e-05
0.0116194 0.0331911 0.000255625 0.949154 0.000599546 0.00167108 0.00350964
0.0200644 0.766983 0.000366703 0.210562 0.000577413 0.000715652 0.000730595
0.815789 0.060302 0.00349925 0.105705 0.000681991 0.00765771 0.00636483
0.299877 0.159006 0.0027909 0.520879 0.00208023 0.00455955 0.0108073
0.00087653 0.997506 0.000375245 0.000663982 0.000207494 0.000244671 0.00012632
0.000815426 0.994796 0.00158268 0.000525972 0.00090089 0.00106373 0.000315442
0.000118938 0.999791 3.85805e-05 1.05419e-05 2.83463e-05 7.97397e-06 4.98314e-06
0.00167081 0.991184 0.000230612 0.0057776 0.000313038 0.000500216 0.000323416
0.636528 0.244102 0.0101462 0.038991 0.00166963 0.0215892 0.0469737
0.231176 0.614099 0.00879283 0.0799613 0.00322989 0.043026 0.0197148
0.000938832 0.992946 0.000146818 0.00505451 0.000421454 0.00031936 0.000173439
0.00867222 0.979437 0.00197689 0.00600191 0.000750673 0.00170224 0.00145922
0.0548609 0.870965 0.00103051 0.0696366 0.000756553 0.00100137 0.00174851
0.358778 0.197733 0.0297009 0.150084 0.00746744 0.131246 0.12499
0.00147208 0.983487 0.000176583 0.0131606 0.000816239 0.000682952 0.000204997
0.546374 0.288426 0.00736658 0.130327 0.00197285 0.00972769 0.0158053
0.0212972 0.900123 0.0524852 0.0054896 0.00788486 0.00886005 0.00385978
0.668874 0.271711 0.00190568 0.0536097 0.000559409 0.00184318 0.00149735
0.00629518 0.975225 0.00043227 0.0160925 0.000653293 0.00050998 0.000791746
0.717359 0.153203 0.00913405 0.0398262 0.00153443 0.0411011 0.0378428
0.0792277 0.810958 0.0156508 0.0351551 0.00422709 0.0240386 0.0307428
0.467207 0.49834 0.00413957 0.0226176 0.000877868 0.00502282 0.00179506
0.0793384 0.906603 0.00126936 0.010278 0.000669736 0.00125114 0.000590419
0.0652171 0.774666 0.00818545 0.0714739 0.0147627 0.0536596 0.0120349
0.784126 0.0439516 0.00319154 0.144665 0.000559794 0.00646856 0.0170369
0.071059 0.829312 0.00621274 0.0263806 0.00459918 0.0531672 0.00926952
3.39924e-05 0.000793212 9.17896e-06 0.000275359 0.998742 0.000145571 9.14692e-07
0.0135995 0.0465027 0.0156559 0.0216569 0.73865 0.160327 0.00360851
0.0776885 0.871494 0.00688364 0.0321228 0.00494641 0.00486807 0.00199679
0.357546 0.455108 0.00201045 0.165359 0.000624764 0.00424428 0.0151068
0.176492 0.014514 0.019611 0.0179416 0.00132833 0.721859 0.0482539
0.0138848 0.963511 0.001139 0.0140649 0.000700024 0.0024782 0.00422218
0.000508253 0.997844 0.00060994 0.000278584 0.000419234 0.000246249 9.39454e-05
0.187536 0.764065 0.00429682 0.0317835 0.00150752 0.006712 0.00409969
0.000381208 0.999195 0.000269097 4.08162e-05 4.73557e-05 3.83799e-05 2.80284e-05
0.0349551 0.0334411 0.919362 0.000892877 0.00133346 0.00690263 0.00311257
0.010421 0.969832 0.00047659 0.0162259 0.000383622 0.000686563 0.00197467
0.160381 0.302766 0.0218032 0.0335033 0.00385903 0.345869 0.131818
0.0483836 0.922946 0.000142066 0.027013 6.00444e-05 0.000295808 0.00115963
0.128352 0.770643 0.000864625 0.0963554 0.00037714 0.00143306 0.00197424
0.0053367 0.979005 0.00339715 0.00557341 0.00155651 0.00374033 0.00139058
0.0926062 0.704808 0.00093027 0.197784 0.000681619 0.00156744 0.00162317
0.254187 0.670833 0.00319071 0.0663046 0.00128924 0.00256168 0.00163292
0.0183487 0.947789 0.000502204 0.0308131 0.000417309 0.000848306 0.00128089
0.0568192 0.0768259 0.00309832 0.827928 0.0186875 0.0116885 0.00495254
0.741158 0.052705 0.00422834 0.176094 0.00150021 0.0154789 0.00883574
0.0205234 0.905878 0.000214452 0.0726888 0.000291347 0.000239886 0.000163767
0.0193025 0.969225 0.000228201 0.0106237 0.000100221 0.000367236 0.000153381
0.000362325 0.998605 8.29702e-05 0.000641789 0.000130387 0.000124751 5.2607e-05
0.888447 0.0227657 0.00164697 0.0781467 0.000284525 0.00565301 0.00305564
0.479332 0.241124 0.00709597 0.252872 0.0044009 0.00926664 0.00590825
0.0128275 0.979584 0.00112565 0.00398667 0.000892274 0.000960257 0.000624044
0.0414637 0.943126 0.00138858 0.0105196 0.000585273 0.00213884 0.000777636
0.000376471 0.999285 0.00015893 4.5523e-05 6.78854e-05 3.98512e-05 2.63454e-05
0.00330993 0.986474 0.000337002 0.0081164 0.000932329 0.000460612 0.000370045
0.00394577 0.984689 0.00043937 0.00919248 0.000531522 0.000678143 0.00052387
0.00743999 0.908789 0.00018914 0.0826684 0.000327712 0.000299997 0.00028564
0.837426 0.105802 0.00332808 0.0483869 0.000634858 0.00282052 0.00160257
0.00123567 0.995632 0.000281011 0.00186469 0.000411845 0.000397965 0.000176605
0.843836 0.0295408 0.00331304 0.0862222 0.000725368 0.0165744 0.0197878
0.109345 0.050771 0.0194857 0.0123285 0.00229908 0.749171 0.0565993
0.655223 0.25811 0.0113021 0.0372705 0.00199289 0.0226451 0.0134571
0.336085 0.583138 0.00263963 0.0700054 0.000732976 0.00413817 0.00326132
0.0471848 0.893249 0.00103238 0.0537164 0.000874993 0.00261568 0.00132698
0.00220456 0.995488 0.000280984 0.00135229 0.000274142 0.000261513 0.00013854
0.0835302 0.911147 0.000417855 0.0042129 0.000238165 0.000369127 8.53105e-05
0.000691702 0.998334 0.000113848 0.000569872 0.000112781 0.000118007 5.95429e-05
0.0810727 0.793966 0.00110255 0.118278 0.000801653 0.00274606 0.00203292
0.77905 0.0934115 0.0125073 0.0269127 0.00130747 0.0609717 0.0258394
0.441809 0.238621 0.0109987 0.0857244 0.00183414 0.0323231 0.188689
0.00180793 0.991961 0.000359592 0.00464312 0.000450118 0.000508451 0.000269624
0.0162875 0.970906 9.76915e-05 0.0122655 0.00020291 0.000151834 8.85152e-05
0.0570178 0.901812 0.000513066 0.0390784 0.000246579 0.000702309 0.00062984
0.704849 0.185648 0.00611236 0.0853424 0.0015237 0.00994459 0.00657947
0.0009782 0.998591 0.000371862 1.0389e-05 2.06606e-05 1.55122e-05 1.26858e-05
0.161008 0.0185728 0.0273989 0.56152 0.0191094 0.149484 0.0629071
0.0779598 0.496865 0.347837 0.0137563 0.0231838 0.0295942 0.0108042
0.00457965 0.990809 0.00055433 0.00277685 0.000237026 0.000501862 0.000541784
0.552811 0.0599679 0.0162345 0.331531 0.00453614 0.0156784 0.0192417
0.00432826 0.981015 0.000505711 0.00912022 0.000587238 0.00369374 0.000749794
9.99635e-05 0.999578 9.46802e-05 9.56556e-05 4.75142e-05 5.86582e-05 2.55636e-05
0.0432771 0.723344 0.0166238 0.0260076 0.0067058 0.16526 0.0187823
0.065713 0.744173 0.0201115 0.0377649 0.0150585 0.0985152 0.0186637
0.00280805 0.57734 2.95683e-05 0.419553 5.19556e-05 8.31325e-05 0.000134637
0.0160466 0.932624 0.000408652 0.0476614 0.000450447 0.00204994 0.000758692
0.00133454 0.992474 0.000172353 0.0050701 0.000436426 0.000336001 0.000176814
0.218771 0.696463 0.00667178 0.0492566 0.00215351 0.00911215 0.0175726
0.000198163 0.999088 0.000240262 0.000180135 0.000104223 0.000134015 5.53076e-05
0.712573 0.13132 0.00559324 0.124647 0.00110653 0.00890164 0.0158589
0.0469799 0.893619 0.000599052 0.0556082 0.000491418 0.00177904 0.00092359
0.948613 0.0312915 0.000394788 0.0169931 4.43558e-05 0.00126334 0.0014001
0.00262759 0.991 0.00112787 0.00295577 0.000674528 0.00110234 0.000511461
0.000781541 0.998044 0.000217552 0.000516846 0.000146343 0.00018466 0.000109074
0.00674782 0.98489 0.00158666 0.00454371 0.000712592 0.000957449 0.000561936
0.277684 0.0562217 0.00236362 0.593975 0.000625347 0.005727 0.0634024
0.00420978 0.788191 7.56428e-05 0.207075 8.97155e-05 0.00015689 0.000201615
0.170655 0.698462 0.00153997 0.124461 0.00159348 0.00169168 0.00159682
0.0460828 0.918163 0.00176691 0.0131373 0.000755736 0.0166159 0.00347809
0.00152556 0.989284 0.000315611 0.00496657 0.00159591 0.00204892 0.000263605
0.0757092 0.809584 0.000613407 0.11204 0.000804385 0.000703214 0.000545655
0.0841542 0.0383487 0.0407276 0.0378994 0.00476733 0.674247 0.119856
0.00528753 0.980435 0.00160262 0.00714062 0.00102629 0.00283399 0.00167342
0.00365039 0.977302 0.000112595 0.0181817 0.000309821 0.000349232 9.45829e-05
0.554736 0.13944 0.0194737 0.179595 0.00383988 0.0228952 0.0800197
0.126126 0.805382 0.00728041 0.0510586 0.00361166 0.00377554 0.00276564
0.00220208 0.971744 6.59047e-05 0.0255676 0.000228892 0.000132556 5.86676e-05
0.0269281 0.948821 0.00048336 0.0191432 0.000326976 0.00158207 0.00271547
0.0309302 0.791314 0.000215835 0.176533 0.00020383 0.000349619 0.000453983
0.233188 0.199857 0.00416779 0.31551 0.000770577 0.013411 0.233095
0.0866831 0.662903 0.000118972 0.248078 6.84642e-05 0.000251834 0.00189632
0.19366 0.609862 0.000937632 0.189188 0.0005415 0.00168884 0.00412144
0.0591763 0.872783 0.00215891 0.0537661 0.00091877 0.00728886 0.00390803
0.000705357 0.9968 8.2252e-05 0.00208218 0.000165728 0.000105433 5.85375e-05
0.0894832 0.778288 0.00118312 0.127518 0.00120271 0.0012381 0.00108651
0.00254223 0.994833 0.00162701 0.000257942 0.000252471 0.0002985 0.000189212
0.0283055 0.0229087 0.045675 0.010661 0.00427265 0.857846 0.0303312
1.43181e-05 0.999885 4.48693e-05 8.58704e-06 2.1825e-05 1.99411e-05 5.4106e-06
0.00391736 0.985633 0.000105573 0.00928358 0.000128796 0.000776437 0.000154808
0.155246 0.106902 0.0711394 0.130566 0.022965 0.388946 0.124237
0.23343 0.0423067 0.0370441 0.232213 0.0116191 0.385722 0.0576644
0.175649 0.7025 0.0106247 0.091757 0.00470233 0.0093169 0.00545073
0.00767629 0.79312 8.60081e-05 0.198524 0.00019894 0.000218227 0.000176772
0.0505866 0.894104 0.00102182 0.0490552 0.000851989 0.0029219 0.00145854
0.00378335 0.988441 0.000246954 0.00664736 0.000286623 0.000277276 0.000317201
0.222426 0.00995935 0.0283871 0.0244843 0.00113498 0.251416 0.462192
0.453835 0.109857 0.0161917 0.378404 0.00861744 0.0199402 0.013155
0.00809116 0.843802 0.000104732 0.147069 0.000137938 0.000234482 0.00056035
0.012398 0.932906 7.01745e-05 0.0542732 0.000106538 0.00010765 0.000138388
0.0155299 0.79088 0.000247066 0.191979 0.000290551 0.000465448 0.000608296
0.0119203 0.965133 0.000444608 0.020901 0.000490159 0.000572059 0.000538577
0.175415 0.805945 0.00266129 0.0121411 0.001106 0.00125641 0.00147453
0.000752714 0.998943 0.000116524 7.56433e-05 4.30126e-05 3.88931e-05 3.05948e-05
0.000940221 0.976544 2.48648e-05 0.0223437 6.1708e-05 5.76365e-05 2.80338e-05
4.1319e-05 0.999852 3.92576e-05 2.06472e-05 1.55666e-05 2.1098e-05 9.79972e-06
0.00867897 0.958026 0.000169255 0.0319333 0.000129754 0.000693965 0.000368906
0.0274574 0.941634 0.0065508 0.0115444 0.00340937 0.00479116 0.00461255
0.0160071 0.878006 0.000219438 0.104641 0.000258622 0.000525393 0.00034277
0.259846 0.692929 0.00199892 0.0398358 0.000891496 0.00124771 0.00325103
0.0632631 0.618131 0.0183827 0.024519 0.012229 0.24445 0.0190253
0.000899284 0.997749 0.000412885 0.000374765 0.000182971 0.00029843 8.2336e-05
0.00301556 0.988661 0.0033583 0.00183951 0.000712674 0.00158574 0.000826909
0.0337051 0.880377 0.000574616 0.0813254 0.000518178 0.00162939 0.00187075
0.0127767 0.957999 0.00139706 0.0193173 0.0007355 0.00335588 0.0044191
0.0372626 0.84581 0.000828644 0.110923 0.000874207 0.00269945 0.00160213
0.164635 0.698711 0.00521185 0.103128 0.00310052 0.0171793 0.00803359
0.0158012 0.958575 0.00101953 0.0207988 0.00066884 0.00127582 0.00186116
7.88896e-06 0.999963 2.28355e-05 7.36363e-07 2.42369e-06 2.12153e-06 1.02873e-06
0.00332306 0.989328 0.000324974 0.0058054 0.000299903 0.000507555 0.000411478
0.0269819 0.941902 0.00148121 0.0187073 0.000767127 0.00345542 0.00670506
0.0172939 0.965542 0.000520477 0.00782951 0.00020217 0.0072793 0.00133248
0.251355 0.0895614 0.0425073 0.0566699 0.00541371 0.257046 0.297447
0.949855 0.0193645 0.000391704 0.0263896 5.56664e-05 0.00224273 0.00170046
0.00164886 0.984393 0.000135239 0.0122958 0.00110092 0.000242132 0.000183755
0.00480563 0.993956 0.000303663 0.000507366 0.000185495 0.000137968 0.000104128
0.0412743 0.936572 0.000132357 0.0213729 0.000112264 0.000203975 0.000331868
0.00343027 0.923187 5.55235e-05 0.0729442 6.88087e-05 0.000165633 0.000148871
8.77231e-05 0.999747 2.00975e-05 8.28011e-05 2.76583e-05 2.03706e-05 1.43431e-05
0.0269103 0.940027 0.000570854 0.0299436 0.000472775 0.00078139 0.0012938
0.0593261 0.87296 0.00098741 0.0599993 0.000616914 0.00212298 0.00398785
0.00659517 0.979829 0.00116876 0.00763977 0.000613137 0.00193677 0.00221712
0.159162 0.0988487 0.0721956 0.0223951 0.0102523 0.555396 0.0817499
0.168534 0.0665693 0.0689417 0.0680592 0.01071 0.537187 0.0799984
0.00823711 0.948908 0.000110355 0.0420381 0.000127862 0.000350005 0.000228406
0.00159773 0.992964 0.000260091 0.00413464 0.000279184 0.00044116 0.000323417
9.46997e-05 0.999795 4.79908e-05 2.12422e-05 1.56346e-05 1.54601e-05 1.01461e-05
0.0169524 0.951945 0.000186882 0.0303306 0.000158701 0.000253256 0.00017258
0.0048582 0.984576 0.000685461 0.00750449 0.000670296 0.00115443 0.000551244
0.0717471 0.348478 0.0715433 0.139974 0.024659 0.195106 0.148493
0.239325 0.66331 0.00300513 0.0857614 0.00106992 0.00361236 0.00391606
0.0270752 0.918313 0.00119165 0.0410617 0.00130691 0.0090466 0.00200521
0.184596 0.562336 0.0356676 0.0958108 0.0207855 0.0738714 0.0269326
0.786401 0.020714 0.00192327 0.161286 0.000407015 0.0115847 0.0176838
0.432927 0.409887 0.00390412 0.144327 0.00186932 0.00372229 0.00336326
0.0187503 0.95937 0.000445069 0.0144917 0.000296919 0.00565238 0.000993801
0.0201501 0.93738 0.00131867 0.0289146 0.000714469 0.00197726 0.00954471
0.00749767 0.974119 0.00179512 0.0112404 0.000970482 0.00252022 0.00185712
0.000742001 0.997291 0.000361093 0.000966139 0.000246435 0.000257378 0.000136157
0.00684833 0.876483 8.08908e-05 0.116168 0.000130757 0.000159367 0.000129421
0.820373 0.0434556 0.00235543 0.1228 0.000403082 0.00267297 0.00793986
0.109271 0.113457 0.00992604 0.634244 0.00510567 0.0405947 0.0874025
0.000148211 0.999642 8.95746e-05 3.34108e-05 3.58869e-05 3.04909e-05 1.99238e-05
0.10969 0.816512 0.00217158 0.0523079 0.0014112 0.0130338 0.00487329
0.000317182 0.997436 0.000187979 0.000891188 0.000859826 0.000205674 0.000101627
0.145215 0.0340045 0.0253859 0.62475 0.0912984 0.0664077 0.0129386
0.0145058 0.840101 0.000181233 0.144067 0.000245364 0.000401162 0.000498131
0.791924 0.132486 0.00807469 0.0364413 0.00111905 0.0216612 0.0082938
0.0167238 0.934655 0.000531651 0.0458785 0.000611168 0.000776029 0.000823308
0.0550762 0.928997 0.00177846 0.00645799 0.000727733 0.00384082 0.00312136
0.266735 0.0842217 0.0504513 0.120044 0.00526556 0.118974 0.354309
0.57956 0.116495 0.00328852 0.283593 0.00143798 0.0043905 0.0112345
0.00499554 0.971859 0.00021277 0.0214834 0.000291677 0.00047579 0.000681665
0.028079 0.893698 9.942e-05 0.0775641 0.00014848 0.000180391 0.000230937
0.0657441 0.881039 0.00169544 0.0466677 0.0016178 0.00178973 0.00144588
0.301073 0.570783 0.000843024 0.117023 0.000320221 0.00237533 0.00758201
0.15752 0.159941 0.00174908 0.440649 0.000268132 0.00569141 0.234181
0.000730479 0.991324 0.00754251 3.47673e-05 0.000115366 0.000191344 6.12443e-05
0.0126761 0.0163343 0.0300259 0.018272 0.0741674 0.840831 0.0076931
0.834737 0.0810168 0.00491181 0.0653729 0.000770345 0.00794401 0.00524689
0.000632731 0.99835 0.000183353 0.000485205 0.000133928 0.00014356 7.14211e-05
0.00709704 0.958602 0.000857853 0.0229525 0.00142948 0.00754706 0.00151469
0.0011727 0.995787 0.000154803 0.00222177 0.000281603 0.000225758 0.000156112
0.0204577 0.937984 0.000661692 0.0371181 0.000757287 0.00234155 0.000679071
0.0144594 0.978343 4.01682e-05 0.00698226 6.4559e-05 6.38343e-05 4.71194e-05
0.00390893 0.990973 0.000443592 0.00343936 0.000288926 0.00068022 0.000265517
0.00211146 0.922308 7.98101e-05 0.07512 0.000106016 0.000157406 0.000117164
0.620163 0.070303 0.0259037 0.23171 0.00470217 0.0226694 0.024549
0.0106173 0.953604 0.00508141 0.0122807 0.00228663 0.00986154 0.00626852
0.15615 0.420966 0.01592 0.130337 0.0042886 0.0498289 0.222508
0.000340207 0.999113 0.000306116 7.66357e-05 5.55534e-05 6.55307e-05 4.31633e-05
0.0376895 0.958139 0.00118071 0.00170764 0.000662184 0.000337584 0.00028325
0.263085 0.695214 0.00106575 0.038303 0.000432357 0.00105001 0.000849953
0.233403 0.47525 0.000585942 0.284806 0.00024621 0.000847295 0.0048617
0.0160499 0.929882 0.00177234 0.0392223 0.00174579 0.00599611 0.00533179
0.226346 0.412825 0.00570015 0.294774 0.00252531 0.0222746 0.0355549
0.00965138 0.977758 0.000270191 0.010352 0.000278069 0.00138015 0.000310138
0.525228 0.454667 0.00186094 0.016647 0.000746862 0.000407499 0.000442278
0.00871055 0.973541 0.000439519 0.0155779 0.000585246 0.000578982 0.000566902
0.417078 0.465377 0.000675698 0.111863 0.000209627 0.000934683 0.00386191
0.310589 0.171489 0.0454343 0.0248434 0.00591304 0.358747 0.0829845
0.345126 0.0419733 0.0143001 0.0169569 0.00123591 0.546807 0.0336006
0.0571967 0.926745 0.000368381 0.0146257 0.000244849 0.000334762 0.000484419
0.000679149 0.998941 0.00022031 5.34989e-05 4.0392e-05 3.66374e-05 2.91353e-05
0.103161 0.854584 0.00308628 0.020243 0.00081521 0.0139722 0.0041386
0.585549 0.0627799 0.0306169 0.0856899 0.00485244 0.133426 0.0970851
0.00908807 0.985948 0.00289424 0.00086136 0.000475056 0.000427642 0.000305329
0.922766 0.0604777 0.000327196 0.0155658 4.19935e-05 0.000481246 0.000339911
0.545273 0.0321251 0.00266702 0.381313 0.000598783 0.00773008 0.0302931
0.043382 0.839325 0.000447228 0.115199 0.000409758 0.000725302 0.000511507
0.127522 0.46989 0.00101237 0.395403 0.00406517 0.00110147 0.00100577
0.523176 0.209241 0.00541134 0.227143 0.0017628 0.0123475 0.0209186
0.00826706 0.981185 1.79493e-05 0.0103137 2.28878e-05 7.52981e-05 0.00011757
0.381927 0.10248 0.00123096 0.472221 0.000258868 0.00207746 0.0398058
0.111842 0.777479 0.00402929 0.0634987 0.000999574 0.0165284 0.0256237
0.00127738 0.998405 0.000110231 8.72415e-05 3.25335e-05 4.81269e-05 3.95567e-05
0.926633 0.0158141 0.00169756 0.0371711 0.00014061 0.0102306 0.0083131
0.000185882 0.999631 4.25272e-05 6.39348e-05 3.003e-05 2.78192e-05 1.89571e-05
0.0191183 0.800145 4.23239e-05 0.180366 5.58421e-05 7.71974e-05 0.000194944
0.0031672 0.971945 9.58644e-05 0.0243072 0.000186099 0.000206619 9.25079e-05
0.00249399 0.990808 0.000206651 0.00588093 0.00014048 0.000271706 0.000198253
0.267147 0.178807 0.001315 0.541684 0.000906151 0.00220546 0.00793465
0.000196214 0.99971 3.4158e-05 2.05911e-05 1.92738e-05 1.1919e-05 7.5095e-06
0.425807 0.469994 0.00371631 0.08758 0.00109427 0.00521115 0.00659746
0.61077 0.368813 0.00165924 0.0167085 0.000279181 0.00119302 0.000576403
0.00175765 0.98281 2.15094e-05 0.0152869 2.48541e-05 6.94532e-05 2.89978e-05
0.107093 0.118812 0.0800133 0.229096 0.275997 0.149992 0.038996
0.232524 0.551482 0.00120221 0.179209 0.000321393 0.00340885 0.0318529
0.269417 0.664023 0.00203711 0.0605148 0.000915688 0.00176195 0.0013306
0.122463 0.707066 0.0079347 0.130831 0.00894667 0.0146855 0.00807349
1.38747e-05 0.999953 2.25881e-05 1.75349e-06 4.82084e-06 2.85002e-06 1.4592e-06
0.00185103 0.980783 0.000133705 0.0164454 0.000332119 0.00024562 0.000208737
0.396787 0.0901496 0.00325865 0.172119 0.000467814 0.0135734 0.323645
0.000419591 0.999072 5.73826e-05 0.000280037 7.89269e-05 5.65265e-05 3.58265e-05
0.00412575 0.991035 0.000549639 0.00317899 0.000443329 0.000448102 0.000219396
0.0571145 0.789763 0.000433427 0.150134 0.000291668 0.000998182 0.00126454
0.209349 0.419342 0.0021703 0.35868 0.00177027 0.00310798 0.00558127
0.00476279 0.985245 0.000423027 0.00801434 0.000487554 0.00060011 0.000467597
0.0138555 0.973532 0.000672029 0.0102208 0.000587028 0.000602401 0.000529867
0.00451986 0.940426 0.00015878 0.0534587 0.000364119 0.000351989 0.000721003
0.0271558 0.930416 0.000857427 0.0378949 0.000679792 0.00113349 0.00186305
0.0054246 0.977267 0.00024261 0.0160252 0.000327848 0.000339117 0.000373872
0.0636412 0.698688 0.00112368 0.231841 0.00186122 0.00159926 0.00124569
0.0125949 0.98536 0.000908489 0.000479922 0.000246203 0.000231748 0.000178537
0.0271627 0.930602 0.001539 0.031546 0.000953147 0.00215917 0.00603836
0.0413459 0.94816 0.00181516 0.00548222 0.000762932 0.00123709 0.00119697
0.206148 0.604 0.00477179 0.1649 0.0022921 0.00863294 0.00925578
0.000752999 0.996385 0.000579209 0.00120672 0.000355023 0.000503065 0.00021812
0.0168499 0.955076 0.000611789 0.025556 0.000602356 0.00067901 0.000625295
0.00476922 0.984923 0.000115367 0.00184319 6.79203e-05 0.00784898 0.000432474
0.011302 0.971057 0.00011251 0.0164126 8.28762e-05 0.000727526 0.000305703
0.0100846 0.968308 0.000405098 0.0179188 0.000346751 0.00136978 0.001567
0.246768 0.736612 0.00931035 0.00306679 0.000624961 0.00154525 0.00207319
0.00738079 0.955383 0.00109185 0.0217402 0.00070785 0.0060776 0.00761898
0.13709 0.813972 0.0020352 0.0382504 0.000794966 0.00472684 0.00313121
0.000491438 0.998654 8.07716e-05 0.000527565 0.000107115 9.20714e-05 4.70594e-05
0.0201597 0.950407 0.004471 0.0146964 0.00214543 0.00501524 0.00310564
0.000134934 0.999625 1.9854e-05 0.000156149 2.63423e-05 2.23481e-05 1.50916e-05
0.0427574 0.902466 0.00569845 0.0362628 0.00405523 0.0044645 0.00429567
0.490873 0.0728783 0.0190884 0.0846492 0.00299263 0.142974 0.186544
0.00165492 0.987474 0.000249197 0.00922619 0.000555955 0.000605608 0.000234092
0.00227759 0.986582 0.00639429 0.000673622 0.000804553 0.00252397 0.000743466
0.0415514 0.879039 0.00247386 0.0701497 0.0015812 0.00237426 0.00283078
0.131146 0.71225 0.00260948 0.142424 0.00149366 0.00616876 0.00390832
0.00821758 0.951348 0.00515357 0.0134259 0.00250117 0.0112877 0.00806627
0.000966984 0.998503 0.000171646 0.000155157 6.37049e-05 7.23545e-05 6.69151e-05
0.147973 0.62043 0.0019045 0.22188 0.00193888 0.00246606 0.00340753
0.225766 0.737491 0.00157591 0.0323591 0.0006288 0.00131628 0.000862217
5.55481e-06 0.999977 5.05287e-06 2.39929e-06 6.04464e-06 2.42978e-06 1.07711e-06
0.00244867 0.981591 0.000124986 0.0148348 0.00060588 0.000212181 0.000182247
0.0216119 0.731635 0.000189988 0.245617 0.000241932 0.000337732 0.000366636
0.943191 0.0277515 0.000797606 0.0253987 8.361e-05 0.00180078 0.000976902
0.00303062 0.987521 0.000266986 0.00796217 0.000303909 0.000521479 0.000393955
0.766244 0.118529 0.00514828 0.0969165 0.00140685 0.00681038 0.00494558
0.036658 0.882127 0.000291498 0.0793301 0.000428741 0.00042033 0.000744666
0.264868 0.519928 0.0034283 0.0588044 0.00059024 0.0138217 0.138559
0.646736 0.350925 0.000640275 0.00152055 4.79785e-05 8.59056e-05 4.35057e-05
0.0208106 0.918203 0.0204403 0.0129015 0.00392252 0.0142817 0.00944018
0.00140344 0.996174 0.000252819 0.00157824 0.000195191 0.000271578 0.000124999
0.000100842 0.998734 0.000277519 0.000230255 0.000179093 0.000395599 8.23772e-05
0.0685477 0.901806 0.000921657 0.0262134 0.00028062 0.00132218 0.00090817
0.0754754 0.824047 0.00150835 0.0952639 0.00123857 0.0011884 0.00127866
0.00328752 0.965738 0.000212306 0.0285752 0.000918754 0.000594821 0.00067378
0.00134684 0.995643 0.000271427 0.00212201 0.000202802 0.00027262 0.000140892
0.0140808 0.94283 0.000120952 0.0424195 0.000115129 0.000273111 0.000160859
0.36868 0.409623 0.00439938 0.196586 0.00186969 0.0103549 0.00848714
0.0200999 0.963744 0.000464301 0.00810219 0.000198771 0.00578633 0.00160497
0.00557385 0.983756 0.000335174 0.00897499 0.000384928 0.000472543 0.00050248
0.392324 0.119243 0.0254841 0.218626 0.0067503 0.082303 0.15527
0.000526356 0.996159 0.000837018 0.000614901 0.000439429 0.001148 0.000276032
0.0492777 0.870728 0.00253454 0.0628203 0.00161694 0.00703902 0.00598329
0.000108182 0.999593 8.73643e-05 8.33308e-05 6.59899e-05 4.28761e-05 1.88873e-05
0.0679501 0.906944 0.0118162 0.00676456 0.00164968 0.00255249 0.00232333
0.875033 0.116434 0.00368468 0.00328281 0.000217377 0.00064912 0.000699322
0.465404 0.4792 0.00416179 0.0476456 0.00109931 0.00138951 0.00110041
0.483862 0.46797 0.00908622 0.0279058 0.00180197 0.00623602 0.00313771
0.0182701 0.832957 0.000175093 0.147829 0.00029867 0.000247811 0.000221667
0.0875984 0.848227 0.00215072 0.0455636 0.00128206 0.0112363 0.00394176
0.000264074 0.9994 4.52356e-05 0.000182807 3.0849e-05 4.36472e-05 3.3397e-05
4.00495e-06 0.999983 8.38486e-06 8.57638e-07 1.81445e-06 1.32641e-06 7.41905e-07
0.00187608 0.996538 0.00049395 0.000440473 0.000308365 0.000225687 0.000117305
0.649463 0.0416538 0.0112891 0.112777 0.00129633 0.066874 0.116647
0.283361 0.0171019 0.00194617 0.67417 0.00104555 0.00722905 0.0151458
0.00896174 0.976147 0.000518291 0.0124605 0.0004952 0.000727645 0.00068916
0.226196 0.285408 0.00129718 0.478728 0.000669936 0.00264412 0.00505736
0.510713 0.0175669 0.013425 0.177193 0.0015449 0.0671814 0.212376
0.00367457 0.923825 0.0001184 0.0686681 7.33972e-05 0.00059199 0.003049
0.00191238 0.994596 0.00096312 0.00135147 0.00029455 0.000562205 0.000320335
0.166121 0.792259 0.00201292 0.0361324 0.000790319 0.00124107 0.00144275
0.000239631 0.999608 2.63555e-05 7.06564e-05 3.01785e-05 1.52305e-05 1.00734e-05
0.201522 0.360552 0.154311 0.093428 0.0301586 0.117233 0.0427962
0.0589147 0.814224 0.00154062 0.115941 0.00130484 0.00510972 0.00296531
0.0158957 0.901395 0.000484864 0.0784623 0.000294204 0.00124243 0.00222514
0.000566763 0.998422 8.04355e-05 0.000684973 9.23025e-05 7.86738e-05 7.44922e-05
0.010928 0.975653 0.000411993 0.0115144 0.000284423 0.000952489 0.000255387
0.00243475 0.983399 0.00032201 0.0116566 0.00101392 0.000657226 0.000516096
0.0130661 0.972148 0.000271572 0.0132192 0.000560299 0.000397682 0.000336912
0.00427508 0.979666 0.0002613 0.0144509 0.000348424 0.000370953 0.000627877
0.423899 0.0214925 0.0389596 0.159132 0.00342209 0.104661 0.248434
0.332548 0.410955 0.00571403 0.230288 0.0049489 0.0063698 0.00917674
0.00530641 0.950007 0.00903985 0.00787184 0.00638196 0.0168925 0.0045003
0.00601677 0.989409 0.000534774 0.00304512 0.000398707 0.000342326 0.000252999
0.0230261 0.0252728 0.000583381 0.942405 0.00443329 0.003151 0.00112808
0.00128483 0.996135 0.000194638 0.00182027 0.000209298 0.000238941 0.00011729
0.0223749 0.948026 0.000356171 0.027637 0.000384361 0.000521047 0.000700923
0.100241 0.815412 0.00267671 0.072155 0.00122357 0.00438805 0.00390433
0.00593054 0.956497 0.000434982 0.0315255 0.000490175 0.00160291 0.00351892
0.593135 0.34646 0.00269021 0.0525652 0.000731398 0.00249205 0.00192659
0.178389 0.664897 0.00201765 0.142096 0.00099259 0.00481038 0.00679681
7.79788e-05 0.999544 9.06982e-05 8.45011e-05 0.000115707 6.16497e-05 2.51746e-05
0.0996474 0.183849 0.00190468 0.670909 0.00106012 0.00575081 0.0368783
0.0156885 0.951717 0.00206055 0.0176 0.00120583 0.00485845 0.00686984
0.0118157 0.970171 9.02699e-05 0.0174515 5.86878e-05 0.000268518 0.000144465
0.542962 0.408278 0.00211105 0.0434473 0.00061297 0.00155215 0.00103643
0.00103895 0.992905 0.000252151 0.00445504 0.000617833 0.000456689 0.000274196
0.00351221 0.989829 0.000258786 0.00546177 0.000343157 0.000353151 0.000241999
0.0149291 0.951693 0.000194142 0.0311868 0.000113098 0.000965763 0.000917672
0.169295 0.721383 0.0335077 0.043889 0.00871432 0.0175784 0.00563335
0.142346 0.773221 0.00219391 0.0694298 0.0012351 0.00601767 0.00555582
0.0671957 0.819211 0.00648566 0.0482087 0.00403693 0.037645 0.0172172
0.832093 0.0294783 0.0037985 0.108332 0.000513034 0.0112769 0.0145083
0.00195257 0.86156 7.96032e-05 0.135548 8.91951e-05 0.000242004 0.000528917
0.000593657 0.997149 0.00125827 0.000206179 0.000296203 0.000357729 0.000139241
0.000386984 0.996093 0.00136984 0.00038681 0.000604882 0.000946591 0.0002122
0.00193652 0.989339 0.000509007 0.00642847 0.000555078 0.000811828 0.000420552
0.623614 0.334158 0.00241063 0.035023 0.000538357 0.00205297 0.00220319
0.0453042 0.903342 0.000828584 0.0445546 0.000626455 0.00394414 0.00140039
0.0540926 0.926418 0.00468188 0.0071473 0.000700997 0.00267254 0.00428673
0.650454 0.0854653 0.00113957 0.24364 0.000257161 0.00294687 0.0160975
0.00372641 0.977575 0.000321763 0.017218 0.000556758 0.00042087 0.000181347
0.003273 0.98746 0.00135527 0.00305173 0.00268577 0.00155879 0.0006155
0.00973178 0.960087 0.000543069 0.0274684 0.000462885 0.0011518 0.000554815
0.00017961 0.999607 2.75321e-05 8.44974e-05 7.09245e-05 1.97446e-05 1.07484e-05
0.0667397 0.641836 0.00081475 0.286558 0.000665619 0.00152546 0.00186076
0.0131256 0.973226 0.000743719 0.010173 0.00100986 0.00140821 0.000313625
0.0922785 0.784048 0.00198315 0.112554 0.00189037 0.0032106 0.00403568
0.858302 0.0270817 0.00554619 0.0575178 0.000667292 0.0345146 0.016371
0.0179776 0.937282 0.00167275 0.0225086 0.00166435 0.016032 0.00286274
0.0633045 0.793447 0.00135854 0.133673 0.00101943 0.00462322 0.00257457
0.205311 0.776715 0.00161809 0.0137435 0.000382027 0.0016129 0.000617218
0.0404737 0.875032 0.0006327 0.0784779 0.000679683 0.00307487 0.00162907
0.040179 0.91376 0.00219009 0.0246013 0.00107696 0.0153491 0.00284344
0.0808687 0.859481 0.00170046 0.0410714 0.00121905 0.0114751 0.00418424
0.38391 0.0245143 0.0171316 0.0658081 0.001079 0.101586 0.405971
0.702398 0.133292 0.00334996 0.151248 0.00190815 0.00428925 0.00351476
0.0540427 0.514603 0.000367254 0.42646 0.000229753 0.000751367 0.00354588
0.000286334 0.998652 0.000294768 0.000236416 0.00019559 0.000240874 9.41076e-05
0.0247332 0.91398 0.000693617 0.0568335 0.000727924 0.00219193 0.000839754
0.00363335 0.983617 0.000633695 0.00932236 0.000490639 0.0012656 0.0010376
0.857872 0.0888247 0.00219769 0.0429336 0.000317112 0.00479422 0.00306095
0.015577 0.940887 0.000739762 0.0405091 0.00046623 0.000961025 0.000860128
0.0107774 0.0282921 0.00660162 0.0496043 0.871675 0.0313976 0.00165178
0.0587862 0.833992 0.00103298 0.100309 0.000927759 0.00298698 0.00196572
0.00136526 0.992923 0.00012638 0.00482878 0.000221797 0.000279891 0.000254836
0.0434071 0.877538 0.000347495 0.0774282 0.000552891 0.000456255 0.000269986
0.242261 0.712133 0.00275339 0.0353775 0.000932716 0.00310232 0.00343972
0.0596004 0.923543 0.00167202 0.00967242 0.00123371 0.00226387 0.00201495
0.0400205 0.755572 0.000517722 0.200654 0.000872974 0.000921878 0.00144135
9.83725e-05 0.999752 3.67226e-05 4.6506e-05 2.46171e-05 2.63046e-05 1.55432e-05
0.925282 0.0614084 0.000544123 0.0092731 5.15523e-05 0.00205341 0.00138712
0.255564 0.106064 0.0501472 0.128257 0.014562 0.301717 0.143689
0.0964707 0.821705 0.00148505 0.0712644 0.00693127 0.00157294 0.000570104
0.206725 0.687693 0.00951248 0.0319918 0.0030722 0.0397183 0.0212873
0.000439354 0.998158 0.000416308 0.00049029 0.000124926 0.000260986 0.00011056
0.150125 0.134529 0.0306371 0.16528 0.00647987 0.209842 0.303108
0.796231 0.121634 0.00384931 0.0365622 0.000655565 0.0205554 0.0205122
0.0086782 0.9307 8.06503e-05 0.0601476 9.53685e-05 0.000179064 0.000119249
0.185052 0.449355 0.0150199 0.0438545 0.00539178 0.230328 0.0709987
0.000213524 0.999238 9.52653e-05 0.00022484 0.000108377 8.12943e-05 3.91289e-05
0.301107 0.657397 0.00407554 0.0278487 0.00102264 0.00564607 0.00290343
0.00967142 0.0333034 0.0124136 0.0271037 0.847504 0.0676237 0.00238007
0.00196029 0.995167 0.000155902 0.00214748 0.000131346 0.000197854 0.000240428
