0.0477044 0.870545 0.00539153 0.0407574 0.00642426 0.0232444 0.00593306
0.330777 0.485267 0.00313904 0.170481 0.00180853 0.00490388 0.00362329
0.688898 0.147593 0.0100191 0.0540127 0.0013672 0.0822923 0.0158182
0.0124155 0.914968 0.00187363 0.0526646 0.00345071 0.00976205 0.0048657
0.624624 0.159253 0.0147717 0.0763231 0.00238127 0.0952754 0.0273719
0.449385 0.0977198 0.0195093 0.201153 0.00453754 0.152258 0.0754378
0.0174081 0.022196 0.00473254 0.00445876 0.000353846 0.880088 0.0707626
0.0668161 0.841608 0.00190522 0.0760138 0.00172269 0.00789836 0.0040357
0.0513422 0.0306431 0.0156982 0.0242142 0.00104868 0.617519 0.259535
0.0301444 0.0423718 0.017402 0.0122364 0.00191282 0.759456 0.136477
0.0347436 0.838503 0.000326652 0.124845 0.000449092 0.000533124 0.000599129
0.0211101 0.965395 0.00700962 0.0019736 0.00154003 0.00190151 0.00107048
0.169754 0.270702 0.00321513 0.533036 0.00456167 0.00751491 0.0112165
0.0249751 0.539533 0.0139283 0.0234891 0.153167 0.23357 0.0113371
0.00107123 0.998173 0.000275485 0.000174213 0.00011754 0.000116318 7.17101e-05
0.000283658 0.0372944 0.00013669 0.00174126 0.958803 0.00171819 2.32766e-05
0.0979207 0.752331 0.000818224 0.145909 0.00090483 0.00111556 0.00100118
0.000135589 0.999689 6.38632e-05 2.09887e-05 4.29422e-05 3.26517e-05 1.46461e-05
0.490396 0.0375599 0.0111514 0.374346 0.00192584 0.0449737 0.0396462
0.613207 0.228028 0.0085822 0.128528 0.00293235 0.0125871 0.00613499
0.0487876 0.702623 0.000568717 0.244234 0.00175176 0.00104056 0.000994745
0.285046 0.210938 0.00973126 0.440183 0.0263917 0.0182681 0.00944209
0.563359 0.0445858 0.0120062 0.277844 0.00151513 0.0529434 0.047747
0.272625 0.11719 0.0063188 0.570788 0.00604722 0.0131893 0.0138413
0.0886303 0.83058 0.00200504 0.0722839 0.00135211 0.00337034 0.00177884
0.0318538 0.0337911 0.0143855 0.0121478 0.00103096 0.708602 0.198189
0.00726666 0.986504 0.00417004 0.000419058 0.000541492 0.000662798 0.00043548
0.0420336 0.852563 0.00248971 0.0821691 0.00906323 0.00874992 0.00293097
0.0954754 0.638155 0.000953611 0.259855 0.00252218 0.00157739 0.00146156
0.069104 0.853346 0.0520669 0.00482842 0.00684984 0.00920254 0.00460275
0.0849455 0.653095 0.0145634 0.0565673 0.0161153 0.153035 0.0216778
0.15627 0.233369 0.00508036 0.553093 0.0333337 0.0132418 0.00561136
0.0564531 0.848819 0.00247019 0.0690312 0.00593626 0.013556 0.00373436
0.0138792 0.886688 0.00264791 0.036006 0.0383169 0.020023 0.00243907
0.184537 0.465547 0.0438682 0.05308 0.0386885 0.180043 0.0342364
0.354247 0.114086 0.0197853 0.0943031 0.00263348 0.289421 0.125523
0.0160523 0.895867 0.0025968 0.0174255 0.00529325 0.0582459 0.00451881
0.564855 0.0750675 0.00646283 0.322516 0.00136912 0.0146848 0.0150448
0.63466 0.217579 0.0875782 0.0210202 0.00521524 0.02492 0.00902767
0.0543678 0.811742 0.000560401 0.130073 0.00150396 0.000994944 0.000758208
0.206462 0.483063 0.0370821 0.124658 0.0176035 0.0808572 0.0502736
0.00723315 0.973182 0.000245051 0.0180696 0.000603835 0.000428261 0.00023796
0.00498315 0.977195 0.000343766 0.0149592 0.00173858 0.000489817 0.00029024
0.0632619 0.20557 0.0172829 0.0296437 0.00817722 0.63225 0.0438148
0.336277 0.490233 0.0248316 0.081335 0.0179301 0.0341461 0.0152469
0.0301128 0.811256 0.00130008 0.131942 0.0213681 0.0029321 0.00108935
0.000112414 0.0305583 8.17609e-05 0.000521879 0.967426 0.0012873 1.21634e-05
0.0342412 0.0475578 0.0196615 0.0511612 0.00305385 0.639548 0.204777
0.0491196 0.824788 0.000610364 0.122785 0.00101388 0.000910904 0.000772254
0.0303298 0.890823 0.00131177 0.0592902 0.0117356 0.00550517 0.00100428
0.00245964 0.994449 0.000614362 0.0011561 0.000707031 0.000371711 0.000241767
0.346912 0.512118 0.00518094 0.119987 0.00501643 0.00628327 0.0045026
0.230503 0.195233 0.00521667 0.539547 0.00854541 0.0109172 0.0100376
0.159785 0.654449 0.00282338 0.168553 0.0026355 0.00596917 0.00578526
0.123289 0.574706 0.0011644 0.294124 0.00186088 0.00204388 0.00281243
0.0278034 0.879256 0.000652258 0.0893856 0.000815208 0.00100721 0.00108028
0.0059395 0.132197 0.00302661 0.041581 0.79478 0.0214626 0.00101364
0.0336556 0.944135 0.00354914 0.0112966 0.00237976 0.00338905 0.00159493
0.000371904 0.99922 6.9159e-05 0.000182438 6.6662e-05 5.98482e-05 3.00965e-05
0.59253 0.213447 0.0139237 0.119767 0.00417794 0.0385879 0.0175662
0.111452 0.725945 0.00108129 0.156746 0.00151669 0.00181734 0.00144253
0.0332785 0.850923 0.00583232 0.0275985 0.027175 0.0494448 0.00574738
0.048854 0.855842 0.000771775 0.0904974 0.00179577 0.00147411 0.000764319
0.406663 0.168171 0.0254023 0.0797619 0.00431596 0.230146 0.0855394
0.035105 0.898079 0.00180927 0.0415589 0.00430253 0.016077 0.00306826
0.0140345 0.0161673 0.00225718 0.00235504 0.000159839 0.927346 0.0376802
0.00167921 0.996709 0.000548625 0.000364911 0.000282832 0.000267298 0.000147804
0.124721 0.774438 0.0644936 0.00881008 0.00674619 0.0132207 0.00756953
0.283186 0.39336 0.0243583 0.0637015 0.00977957 0.184946 0.0406694
0.0616463 0.411502 0.0324374 0.0632866 0.310511 0.104544 0.0160723
0.327898 0.375712 0.007662 0.244746 0.0282662 0.0115668 0.00414895
0.341979 0.114661 0.00768235 0.493954 0.00492672 0.0179811 0.0188155
0.079674 0.716691 0.0092455 0.0407589 0.00453238 0.121137 0.0279612
0.0213638 0.955497 0.0147193 0.00187138 0.00230655 0.00267291 0.00156926
0.227014 0.289448 0.059061 0.0538347 0.00754864 0.200001 0.163093
0.0240725 0.048647 0.0133367 0.0277558 0.00125367 0.620621 0.264313
0.0412345 0.477483 0.00706147 0.0158594 0.00476059 0.434347 0.0192544
0.214384 0.387118 0.0140839 0.222913 0.126796 0.0273678 0.00733823
0.0886062 0.441953 0.000613744 0.463803 0.00242425 0.00141621 0.00118362
0.00279344 0.993464 0.000383842 0.00214702 0.0006882 0.000325792 0.000197565
0.00147288 0.992292 0.000228619 0.00406615 0.00153598 0.000286231 0.000117879
0.0279865 0.233284 0.00691596 0.00970474 0.00492946 0.698255 0.0189243
0.145312 0.708169 0.109299 0.00691768 0.00837663 0.0134269 0.00849857
0.0705261 0.827316 0.00242807 0.0905506 0.00329595 0.00339936 0.00248387
0.0189734 0.963937 0.00255081 0.00925258 0.00259168 0.00156891 0.00112569
0.25521 0.170377 0.0345082 0.0761296 0.0049495 0.268336 0.19049
0.150873 0.0758316 0.0096547 0.0291175 0.00122591 0.647442 0.0858552
0.0621201 0.797518 0.00681231 0.0373152 0.0120505 0.0741953 0.00998861
0.272415 0.163798 0.00982482 0.0264582 0.00131169 0.473532 0.052659
0.000516913 0.998635 9.73039e-05 0.000430492 0.000102963 0.000157941 5.95366e-05
0.00288175 0.993252 0.00025013 0.00276332 0.000287333 0.000382724 0.000182885
0.0966299 0.0515173 0.00888885 0.0190012 0.000697112 0.678724 0.144542
0.402246 0.375104 0.0517277 0.0411467 0.0156931 0.0874179 0.0266648
0.0414443 0.505471 0.000347455 0.449478 0.00138514 0.000972449 0.000901371
0.0165171 0.0269129 0.00401368 0.00410605 0.000501763 0.911719 0.0362296
0.0571509 0.907324 0.00414222 0.0204957 0.00329725 0.00479695 0.00279281
0.0965811 0.137336 0.02998 0.0783885 0.0105759 0.521226 0.125913
0.567764 0.236222 0.0084623 0.16159 0.00286677 0.0141246 0.00897073
0.0446751 0.890075 0.00220672 0.0347846 0.00253532 0.0218249 0.00389828
0.565894 0.0843088 0.0174899 0.224198 0.00411013 0.0699794 0.0340201
8.37176e-05 0.0234198 4.70045e-05 0.000462218 0.97545 0.000531785 5.88527e-06
0.0662041 0.170913 0.00792597 0.00914134 0.00219377 0.713459 0.0301634
0.0732104 0.24136 0.0101227 0.0122458 0.00356654 0.624057 0.0354378
0.193144 0.461218 0.0207488 0.0246476 0.00921053 0.262202 0.02883
0.0140233 0.967206 0.00170993 0.0115833 0.00241987 0.00213062 0.00092682
0.457557 0.136516 0.00767636 0.0404579 0.000863881 0.309224 0.0477055
0.0317209 0.0758882 0.0106767 0.0177147 0.00174371 0.751103 0.111153
0.00502477 0.978122 0.000318265 0.014718 0.00111645 0.00044105 0.000259703
0.416215 0.374605 0.0156424 0.13239 0.00723642 0.0346156 0.0192958
0.00669818 0.986497 0.00505071 0.000260378 0.000495478 0.000647281 0.000351005
0.0392034 0.793174 0.00054499 0.163559 0.00169378 0.00103159 0.000792872
0.00404786 0.991466 0.00174125 0.000665812 0.00112272 0.000596548 0.000359551
0.0679125 0.771713 0.000452536 0.15768 0.000803041 0.000809738 0.000628727
0.0738012 0.864668 0.0401079 0.00538145 0.00482504 0.00680468 0.004412
0.000245214 0.998899 4.6028e-05 0.000548279 0.000171574 6.45713e-05 2.50024e-05
0.100359 0.825362 0.0341029 0.0116464 0.00981017 0.0118564 0.0068626
0.39607 0.116105 0.024297 0.084021 0.00233414 0.216426 0.160747
0.0424161 0.923705 0.0163461 0.00557982 0.00363877 0.00507149 0.00324244
0.0955496 0.0820391 0.0483378 0.205714 0.0121877 0.306415 0.249757
0.0308133 0.847096 0.00391669 0.0191953 0.00779304 0.084916 0.00626956
0.00419385 0.991026 0.00029793 0.00344107 0.000367991 0.000442983 0.000230551
0.465513 0.404738 0.0086366 0.10072 0.00374273 0.0108595 0.00578985
0.00761924 0.335282 0.00177448 0.029974 0.611391 0.0131992 0.000760673
0.001717 0.996182 0.000359543 0.000921636 0.000429042 0.000233963 0.00015677
0.0385511 0.326911 0.00545723 0.492038 0.00239595 0.0324613 0.102185
0.169217 0.158248 0.0126751 0.369928 0.00181397 0.0551629 0.232956
0.00101604 0.996447 0.000110179 0.00191338 0.000171208 0.000236764 0.000105083
0.0359714 0.838517 0.00160588 0.110888 0.00763416 0.00350946 0.00187451
0.142952 0.697064 0.00151586 0.151389 0.00336375 0.00235825 0.00135699
0.000919257 0.997866 0.000151427 0.000633478 0.000156016 0.000189398 8.44096e-05
0.321913 0.527844 0.0505465 0.0349353 0.00600962 0.0345769 0.0241736
0.020148 0.9607 0.00326094 0.00847003 0.00404129 0.00208144 0.00129851
0.067695 0.0599367 0.00490546 0.801175 0.00501811 0.0274784 0.0337913
0.060738 0.778635 0.000996257 0.154293 0.00181934 0.00161155 0.00190655
0.531153 0.179089 0.0123302 0.111493 0.00241247 0.129597 0.033925
0.374626 0.154771 0.0143909 0.379943 0.00652783 0.0350124 0.0347287
0.00438819 0.991088 0.00231971 0.000465997 0.000793513 0.000574834 0.000369961
0.0984053 0.706672 0.0991654 0.0145093 0.0261589 0.04051 0.0145788
0.0264909 0.9063 0.00708139 0.018775 0.0321801 0.00629056 0.00288171
0.00119437 0.997587 0.000214728 0.000568044 0.000165638 0.000173053 9.71905e-05
0.10466 0.0939688 0.0335354 0.0385724 0.00376307 0.45098 0.27452
0.0191936 0.936234 0.000984223 0.0238993 0.00303283 0.0146614 0.00199458
0.000727725 0.998133 0.000148483 0.000591212 0.000202465 0.000130198 6.69501e-05
0.00170156 0.996457 0.000634458 0.000421822 0.000266124 0.000353965 0.000165441
0.0744628 0.746002 0.00247179 0.163922 0.00265285 0.00503405 0.00545485
0.190698 0.217314 0.0262184 0.0892826 0.00682018 0.359261 0.110406
0.005829 0.987333 0.000658478 0.00409993 0.00100479 0.000749448 0.000325455
0.468789 0.104816 0.0134758 0.102314 0.00204953 0.239714 0.0688419
0.215222 0.507459 0.154559 0.0245131 0.032719 0.0448918 0.0206357
0.44757 0.429659 0.00402473 0.106831 0.00186299 0.00726791 0.00278428
0.00842894 0.971795 0.00057679 0.0166225 0.00127471 0.000788226 0.000513675
0.469494 0.259684 0.0142863 0.0716482 0.00304888 0.150293 0.0315455
0.0585393 0.718856 0.0457424 0.0154566 0.012281 0.12119 0.0279343
0.682039 0.191949 0.00879081 0.0614162 0.00142531 0.0459846 0.00839521
0.688202 0.23193 0.0241512 0.0309634 0.00465721 0.0150943 0.00500088
0.0589391 0.756142 0.00654394 0.0218619 0.00704972 0.137019 0.0124442
0.55626 0.087924 0.0195043 0.131872 0.00245029 0.126727 0.0752618
0.0112391 0.809982 0.00230586 0.0276981 0.122246 0.0246274 0.00190205
0.00320977 0.114754 0.00299418 0.00518286 0.859187 0.0139744 0.00069813
0.14187 0.279544 0.0510229 0.0375508 0.0261777 0.396543 0.0672916
0.0781547 0.19726 0.0409912 0.0575086 0.0258272 0.529984 0.0702742
0.0768758 0.692011 0.00744508 0.0396342 0.00463893 0.156506 0.0228893
0.00838021 0.0125502 0.00208759 0.00196513 0.000150454 0.937389 0.037477
0.00337738 0.991877 0.00139788 0.00128454 0.00061612 0.00105649 0.000390098
0.00652308 0.987031 0.00211296 0.00131322 0.00172182 0.000825526 0.000472564
0.479367 0.388266 0.0179915 0.0428658 0.00506403 0.0546885 0.0117569
0.00452391 0.986662 0.00215551 0.00143593 0.00366759 0.00103596 0.000519233
0.169589 0.286932 0.147868 0.0636142 0.0631605 0.183923 0.0849126
0.0923389 0.720045 0.0266739 0.050338 0.0106407 0.0619148 0.0380488
0.0212015 0.061421 0.00524354 0.00653535 0.000852338 0.859012 0.0457338
0.189126 0.648839 0.00746443 0.0920228 0.0043843 0.0343776 0.0237863
0.108692 0.802862 0.00119363 0.0813552 0.00107573 0.00315347 0.00166757
0.0324463 0.918002 0.0263026 0.00523387 0.006135 0.00829396 0.00358642
0.0433177 0.814168 0.000942804 0.134193 0.00454568 0.00175155 0.00108126
0.15423 0.703488 0.00123767 0.136638 0.00136893 0.00184385 0.00119397
0.0874958 0.851907 0.00902475 0.0309172 0.00539591 0.0099869 0.00527209
0.114871 0.237006 0.027486 0.356768 0.164971 0.0774425 0.0214552
0.420208 0.0992449 0.0174434 0.12813 0.00293584 0.243981 0.0880571
0.0567656 0.691188 0.000531184 0.247358 0.00247711 0.000987193 0.000693011
0.257562 0.641521 0.00958765 0.0467882 0.00477105 0.0324734 0.0072964
0.0010381 0.997122 0.000133932 0.00123802 0.000183169 0.00019734 8.74565e-05
0.593151 0.123219 0.0149074 0.0958226 0.00239303 0.133856 0.0366518
0.271031 0.224021 0.0106035 0.449515 0.0142891 0.0181282 0.0124115
0.0322185 0.949387 0.00537288 0.00586704 0.00180516 0.00356945 0.00178013
0.267426 0.46466 0.0363373 0.0551669 0.0200505 0.123806 0.0325533
0.0387207 0.925389 0.0117003 0.00753562 0.00739013 0.00604342 0.00322125
0.0125736 0.922773 0.00120424 0.0521921 0.00638729 0.00354645 0.00132291
0.00954805 0.979115 0.00118404 0.00625472 0.0013957 0.00180898 0.000693314
0.0221532 0.524726 0.000267784 0.44963 0.000455828 0.00109495 0.00167182
0.701812 0.197816 0.00845319 0.0662127 0.0017299 0.0190316 0.00494432
0.00496894 0.989193 0.000860642 0.00264449 0.000989483 0.000897669 0.00044585
0.260304 0.234806 0.0215237 0.0529349 0.00595986 0.359648 0.0648236
0.0106649 0.0301605 0.00280235 0.00273619 0.000403083 0.925867 0.027366
0.36685 0.104071 0.0158022 0.0401967 0.00143708 0.384532 0.0871115
0.0673286 0.839979 0.000767809 0.0888543 0.000825556 0.00135272 0.000892429
0.0679845 0.751658 0.00049516 0.17712 0.00123143 0.000828005 0.000682832
0.00891793 0.983872 0.00133784 0.003484 0.000973298 0.000916618 0.000498715
0.582071 0.353213 0.00967057 0.037707 0.00341994 0.0112523 0.00266607
0.00195996 0.996397 0.000418411 0.000558522 0.000320006 0.000205573 0.000140159
0.0372575 0.85133 0.00166041 0.0921602 0.0109402 0.00482784 0.00182357
0.0467605 0.0362733 0.00942459 0.0113618 0.000683748 0.752413 0.143083
0.213771 0.12494 0.021788 0.0680021 0.00235214 0.368453 0.200694
0.000460156 0.998907 0.000117182 0.000255468 0.000117395 9.69193e-05 4.60838e-05
0.0775248 0.760424 0.000411066 0.159728 0.000653546 0.00060668 0.000651058
0.0761101 0.834423 0.00107916 0.0841671 0.00101068 0.0018246 0.00138489
0.210624 0.680441 0.00588704 0.0750784 0.00276049 0.0190447 0.00616445
0.118465 0.792751 0.0604249 0.00607896 0.00640087 0.00952497 0.0063544
0.171909 0.069265 0.055366 0.244586 0.0173337 0.277236 0.164303
0.139406 0.699395 0.0986508 0.0128398 0.0145266 0.0222592 0.0129227
0.000456973 0.998914 6.03708e-05 0.000389246 5.73968e-05 7.9849e-05 4.24534e-05
0.33688 0.136196 0.0286068 0.386203 0.0179481 0.0542486 0.0399172
0.00325964 0.992806 0.000302336 0.00261921 0.000349963 0.000456768 0.000205565
0.0438013 0.923159 0.0252322 0.00148082 0.0021591 0.00257959 0.00158849
0.00996639 0.164336 0.00349833 0.00423858 0.00138235 0.800864 0.015714
0.0418361 0.577243 0.0206354 0.0411349 0.133666 0.167918 0.0175664
0.0244882 0.383795 0.000256646 0.58792 0.000472283 0.00106906 0.00199793
0.0179933 0.747597 0.00180933 0.100976 0.124317 0.00617689 0.00113086
0.00323932 0.988303 0.000294952 0.00665514 0.000930916 0.000384459 0.000192179
0.0554899 0.227745 0.0194507 0.0310201 0.00622258 0.571514 0.0885577
0.000214123 0.999595 8.7461e-05 2.68158e-05 3.19311e-05 2.71578e-05 1.71558e-05
0.406001 0.0765761 0.0299382 0.285106 0.00687977 0.111266 0.0842328
0.0326187 0.860158 0.00166949 0.0812734 0.0177702 0.00505851 0.00145148
0.581999 0.253307 0.0128498 0.0714033 0.00238322 0.0610205 0.0170372
0.00341414 0.992908 0.000484605 0.00192724 0.000482646 0.000516844 0.00026699
0.00182808 0.996817 0.000732944 0.000139465 0.000189453 0.000180575 0.000112342
0.0564152 0.893511 0.0351719 0.00308723 0.00389014 0.00491603 0.00300852
0.136425 0.0660565 0.0343679 0.118961 0.0041 0.30258 0.337509
0.0176529 0.866475 0.000208242 0.114439 0.000500455 0.000348275 0.000376154
0.347539 0.460952 0.00538433 0.168245 0.00607016 0.00754332 0.00426655
0.110129 0.661128 0.00954487 0.0269938 0.00603483 0.169358 0.0168113
0.0213189 0.914106 0.00478264 0.0284532 0.0104263 0.0168826 0.00402997
0.111989 0.552303 0.00133204 0.325256 0.00470706 0.00247802 0.00193456
0.00857931 0.0281466 0.00353881 0.00397829 0.000430244 0.914144 0.0411828
0.00685096 0.985562 0.00387302 0.0010478 0.00105119 0.00106071 0.000554667
0.0277999 0.870133 0.000849723 0.0839788 0.0138059 0.00270479 0.000727699
0.55188 0.11111 0.0156067 0.170569 0.0026048 0.0992867 0.0489435
0.163274 0.311123 0.0664766 0.104752 0.0393569 0.235768 0.0792495
0.0272121 0.810271 0.000386083 0.159273 0.00151725 0.000772377 0.000567573
0.355053 0.503885 0.0466345 0.0354453 0.0123117 0.0325976 0.0140728
0.0301469 0.820847 0.000911412 0.136333 0.00919458 0.00169391 0.000872819
0.116109 0.108968 0.0331039 0.0885636 0.00490524 0.358641 0.289709
0.255147 0.258229 0.0045504 0.433403 0.00211522 0.0132539 0.0333015
0.290647 0.533421 0.00294032 0.159097 0.00181266 0.00618245 0.00589955
0.138711 0.756535 0.00615227 0.0643638 0.00430261 0.0228806 0.00705506
0.00121822 0.994881 8.84488e-05 0.00329972 0.000295635 0.000152435 6.42979e-05
0.108548 0.760682 0.00169022 0.121028 0.00414222 0.00242687 0.00148218
0.0702183 0.876471 0.0377494 0.00336582 0.00380809 0.00546359 0.0029239
0.00712653 0.0178024 0.00487748 0.00386524 0.000604708 0.915958 0.0497662
0.00290764 0.994167 0.00148475 0.000333344 0.000438152 0.000426131 0.000243056
0.0332486 0.839338 0.0014005 0.107733 0.0140529 0.00310972 0.00111656
0.122269 0.125911 0.0432631 0.084456 0.0176307 0.481816 0.124655
0.0820091 0.116863 0.00926334 0.0187117 0.00208742 0.719523 0.0515427
0.048086 0.833327 0.000842261 0.113847 0.00142793 0.00134751 0.00112201
0.0797015 0.308543 0.00110041 0.59996 0.00519151 0.00300469 0.00249862
0.0626219 0.790338 0.000596854 0.143239 0.00139695 0.00104349 0.000763633
0.00164157 0.99461 0.000144052 0.00301256 0.000263753 0.000215141 0.000112425
0.0301339 0.0245621 0.00967028 0.0130428 0.000605489 0.736186 0.1858
0.278397 0.441109 0.0242629 0.159185 0.0240802 0.0529086 0.0200577
0.0630857 0.406311 0.0022223 0.505901 0.00366324 0.00674822 0.012069
0.0692557 0.650961 0.0010676 0.271613 0.00175766 0.00209785 0.00324773
0.0508583 0.720116 0.0007233 0.223726 0.0022107 0.00131484 0.0010509
0.0119433 0.962699 0.000463944 0.0228113 0.000803155 0.000797624 0.000481177
0.045972 0.918113 0.00337014 0.0248146 0.00217271 0.00331098 0.00224677
0.0374397 0.941398 0.0111407 0.00295296 0.00239558 0.00264998 0.00202284
0.0140734 0.853887 0.000158167 0.130797 0.000438234 0.000326148 0.000320288
0.0121093 0.978368 0.00538782 0.000965182 0.00128752 0.00104168 0.00084092
0.0497475 0.86151 0.000791612 0.0843949 0.000995321 0.00153952 0.0010214
0.0146817 0.971684 0.00218048 0.00613031 0.00133658 0.00274558 0.00124137
0.0417983 0.817879 0.000529803 0.136632 0.00167346 0.000860122 0.000627387
0.51509 0.272309 0.0215667 0.142391 0.0055772 0.0228555 0.020211
0.0188745 0.529318 0.00912651 0.0167834 0.102518 0.314406 0.00897387
0.0729415 0.811991 0.0334569 0.0201059 0.02751 0.0237183 0.0102763
0.101296 0.771643 0.0870157 0.0075473 0.00939512 0.0147856 0.00831737
0.0345546 0.826551 0.00506243 0.0402449 0.00638228 0.0733692 0.0138355
0.0208809 0.943266 0.0137622 0.00471455 0.00344163 0.0104965 0.00343793
0.0411744 0.821704 0.000865607 0.130526 0.00283045 0.00166676 0.00123214
0.0166707 0.90311 0.00218168 0.0266921 0.015791 0.032327 0.0032272
0.0806743 0.859641 0.0331945 0.00740861 0.00533926 0.00852753 0.00521435
0.0273515 0.948984 0.0168473 0.00116759 0.00212546 0.00203479 0.00148896
0.00501596 0.991191 0.000736318 0.00175893 0.000510056 0.000525829 0.000261357
0.00420397 0.989616 0.000606309 0.00358669 0.000713641 0.000892905 0.000380235
0.0270654 0.917771 0.00192296 0.0279383 0.00504321 0.0175124 0.0027464
0.0294345 0.039371 0.00667035 0.00556452 0.000552437 0.842073 0.0763337
0.611046 0.188311 0.00979573 0.0648668 0.00161122 0.103311 0.0210581
0.0148559 0.916392 0.000551693 0.0641498 0.00235059 0.0010581 0.00064147
0.00669246 0.984587 0.000652064 0.00621397 0.000822306 0.00062286 0.000409346
0.480606 0.447249 0.00268998 0.0644841 0.00109605 0.00252651 0.00134872
0.0258756 0.843357 0.000275503 0.128935 0.000466762 0.000495456 0.000594604
0.00217737 0.99131 0.00027034 0.00454114 0.00117789 0.000348487 0.000175018
0.00621421 0.987437 0.000423099 0.00459767 0.000481488 0.000566188 0.000280467
0.0338024 0.845351 0.00250894 0.0901605 0.0142371 0.0103815 0.0035584
0.000711181 0.998161 0.000176374 0.000514651 0.00014268 0.000204216 8.9789e-05
0.0294702 0.30293 0.0173212 0.0132326 0.0122095 0.594992 0.0298444
0.0668902 0.0603284 0.00820056 0.0154472 0.00104731 0.777498 0.0705885
0.0417459 0.76833 0.000261155 0.188032 0.000680501 0.0004754 0.000475073
0.000882933 0.998167 0.000156411 0.000452639 0.00013032 0.000142936 6.83464e-05
0.00236069 0.994552 0.000863887 0.000576531 0.000986588 0.000424597 0.000236094
0.0587189 0.82026 0.00105217 0.114198 0.00283285 0.00181061 0.00112777
0.00283513 0.990963 0.000414855 0.00397387 0.000700846 0.000808001 0.000304197
0.0231378 0.364997 0.013911 0.0490741 0.478896 0.0631844 0.00679888
0.243354 0.632213 0.00668417 0.0757739 0.00326889 0.0300493 0.00865701
0.0239148 0.938949 0.00102328 0.0298231 0.00290703 0.00263592 0.000746821
0.0523549 0.814631 0.00660666 0.0496848 0.0231405 0.0459038 0.00767811
0.37746 0.0944886 0.0222487 0.132222 0.0034252 0.24315 0.127006
0.222171 0.629892 0.0044001 0.128267 0.00387129 0.00760296 0.0037968
0.0321046 0.850312 0.00182568 0.0890635 0.0198776 0.00519018 0.00162609
0.00924257 0.969703 0.000961631 0.0136098 0.00105933 0.00345696 0.0019671
0.12404 0.78285 0.0517998 0.0107671 0.00839799 0.0148226 0.00732235
0.00135723 0.996336 0.000449897 0.000608874 0.000756547 0.000323164 0.000168526
0.0308484 0.780065 0.000256331 0.187172 0.000647656 0.000487677 0.000523487
0.581612 0.0739268 0.0201111 0.242536 0.00344999 0.0440651 0.0342988
0.137854 0.0822388 0.0242703 0.387118 0.00564802 0.137403 0.225467
0.0120941 0.977943 0.00533297 0.00110878 0.00139837 0.00122887 0.000894137
0.0360284 0.89424 0.00100835 0.0593342 0.00313531 0.00479158 0.00146265
0.00777194 0.964514 0.00409504 0.0055069 0.0136701 0.00311165 0.00133013
0.250385 0.120849 0.0585686 0.20752 0.0277427 0.233334 0.101601
0.0692775 0.80351 0.0015384 0.117141 0.00207857 0.0029139 0.00353995
0.241922 0.191064 0.0214056 0.0572322 0.00550929 0.41351 0.0693569
0.0176376 0.955384 0.000611456 0.0240481 0.00071116 0.000987326 0.000620466
0.351622 0.472523 0.0961833 0.0206297 0.00679825 0.0328235 0.0194203
0.0364307 0.0581503 0.00966451 0.0122206 0.00108478 0.775242 0.107207
0.474566 0.240477 0.0328692 0.146788 0.0132578 0.0605943 0.0314473
0.00150688 0.9948 0.000153426 0.00286326 0.000337873 0.000222319 0.00011645
0.0767576 0.686433 0.000657899 0.232272 0.00141907 0.0010969 0.00136284
0.097711 0.852655 0.00244005 0.0399894 0.00294513 0.00296704 0.00129274
0.20041 0.552693 0.00790716 0.0406262 0.00316102 0.172582 0.0226198
0.0730595 0.248753 0.0197567 0.102742 0.00428895 0.321914 0.229486
0.175208 0.675264 0.120594 0.0050274 0.00673275 0.0112213 0.00595371
0.00706142 0.14779 0.00703711 0.00757306 0.0161008 0.802757 0.0116807
0.61377 0.190519 0.0147511 0.101536 0.00304989 0.0591309 0.0172435
0.00188897 0.996907 0.000467062 0.000301016 0.000182443 0.000149169 0.00010483
0.0168792 0.873216 0.00368738 0.0440946 0.033527 0.0250396 0.00355595
0.00772742 0.987058 0.00142424 0.00169371 0.000923777 0.00072695 0.000445735
0.0653293 0.813664 0.00767979 0.0328076 0.0140055 0.058357 0.0081569
0.050771 0.750242 0.000309551 0.196835 0.000690872 0.000585766 0.000565785
0.00565449 0.989428 0.000604918 0.0027638 0.000457231 0.000754836 0.000336268
0.0178923 0.853415 0.000477319 0.124675 0.00190142 0.000989521 0.000648561
0.342269 0.320921 0.0167882 0.257909 0.00945947 0.0288905 0.0237621
0.0261012 0.933854 0.0214687 0.00392812 0.00424685 0.00745458 0.00294615
0.0763685 0.209056 0.0492305 0.0698088 0.0141505 0.397719 0.183667
0.0113638 0.98 0.00355939 0.00154049 0.0015812 0.00114491 0.000809903
0.07683 0.883484 0.00839915 0.0195843 0.00425382 0.00436212 0.0030869
0.248716 0.679115 0.00291107 0.0591016 0.00147351 0.00652173 0.00216152
0.0886176 0.606916 0.00110439 0.296651 0.00130612 0.00202111 0.00338406
0.0130473 0.659918 0.00562625 0.0123813 0.0126267 0.285888 0.0105128
0.22236 0.345117 0.023886 0.142419 0.00993129 0.181755 0.0745326
0.0480844 0.828872 0.000685566 0.116737 0.00313495 0.00169705 0.000789442
0.447899 0.440948 0.0147627 0.0677873 0.0137039 0.00996213 0.00493755
0.0076991 0.982803 0.000495934 0.00721101 0.000665391 0.000736386 0.000389639
0.564873 0.289537 0.013933 0.0784807 0.00411499 0.0337934 0.0152676
0.0249563 0.0331482 0.00747826 0.00612842 0.000605196 0.843734 0.0839501
0.0277653 0.0370258 0.00278282 0.00382429 0.00029813 0.898776 0.0295273
0.124107 0.785611 0.00276875 0.079335 0.00226715 0.0032248 0.00268583
0.00653776 0.988508 0.00126165 0.00149174 0.00114357 0.000648118 0.000408932
0.166573 0.650297 0.0117081 0.0349064 0.00599032 0.113984 0.0165413
0.257994 0.168141 0.0225578 0.0674608 0.00516992 0.392164 0.0865125
0.0820991 0.877741 0.0249945 0.00387787 0.00409202 0.00428693 0.00290825
0.753925 0.166589 0.00275352 0.0704286 0.000500783 0.00434519 0.00145795
0.386473 0.073675 0.023511 0.175075 0.00342502 0.204981 0.13286
0.0455377 0.802914 0.000625421 0.146615 0.00243904 0.00112927 0.000739341
0.124767 0.382226 0.00199071 0.468371 0.0153143 0.00465163 0.0026802
0.112262 0.722856 0.00728551 0.0370822 0.00417762 0.102576 0.0137609
0.234301 0.667874 0.0022926 0.0849697 0.0015894 0.00455189 0.00442112
0.39118 0.0453702 0.0113404 0.452185 0.00197964 0.0389191 0.0590256
0.0285716 0.899117 0.00192066 0.0559693 0.00194604 0.00846381 0.00401111
0.00419965 0.986526 0.000424716 0.0072004 0.000809997 0.000564867 0.000274205
0.375811 0.0842139 0.0110308 0.0473946 0.000966971 0.3826 0.0979827
0.00149068 0.997164 0.000218694 0.000609142 0.000253027 0.000156126 0.0001082
0.0387609 0.156806 0.000565141 0.795381 0.00124533 0.00278956 0.00445195
0.0173181 0.877334 0.000640044 0.0982507 0.00453376 0.00129538 0.000627571
0.000795962 0.997694 0.000107428 0.00103583 0.000124539 0.000168861 7.31479e-05
0.324417 0.0993631 0.00730121 0.521071 0.0038099 0.0187573 0.0252799
0.00264792 0.99463 0.000355131 0.00145379 0.000487324 0.000251354 0.000174086
0.43287 0.299733 0.0237777 0.0879378 0.0064737 0.112852 0.0363555
0.701507 0.192663 0.00891165 0.069088 0.00175553 0.0196238 0.00645053
0.0335591 0.882086 0.00077935 0.0797182 0.00184939 0.00133236 0.000675291
0.12729 0.0910337 0.0639729 0.291223 0.0309732 0.244645 0.150861
0.0533111 0.854335 0.0028139 0.0566688 0.00330326 0.0222711 0.00729661
0.392354 0.473055 0.00298708 0.124298 0.00165575 0.00351518 0.00213441
0.135473 0.703069 0.0058734 0.111814 0.0255851 0.0134523 0.00473292
0.0103674 0.968104 0.00728794 0.00165549 0.00887996 0.00261994 0.00108543
0.00207232 0.982046 0.000122261 0.014769 0.00065123 0.000222173 0.000116544
0.257887 0.0746343 0.0250761 0.128963 0.00248846 0.246334 0.264617
0.00273084 0.99407 0.00027155 0.00185105 0.00068183 0.000241194 0.000152977
0.0125394 0.980378 0.0021289 0.00225411 0.0010712 0.00102119 0.000606886
0.0526359 0.843081 0.000888871 0.0990445 0.00115339 0.00170075 0.00149548
0.301437 0.0992609 0.0186757 0.489251 0.0123885 0.0445434 0.0344446
0.000870554 0.996716 7.85313e-05 0.00199357 0.0001585 0.000120174 6.27554e-05
0.00482242 0.990869 0.000617716 0.00240262 0.000607042 0.000403949 0.000277269
0.0165133 0.880787 0.000531929 0.0982325 0.00182032 0.00120395 0.000911364
0.00522487 0.990004 0.000341188 0.00333729 0.00035024 0.000490715 0.000252078
0.00223389 0.993532 0.000187462 0.00319961 0.000320868 0.000353222 0.000173414
0.106366 0.639741 0.00118994 0.245561 0.00339659 0.00214541 0.00160041
0.145357 0.769722 0.0509082 0.0096197 0.00681967 0.0107982 0.00677526
0.0031172 0.991117 0.000350097 0.00383136 0.000500307 0.00075272 0.000331016
0.450644 0.40709 0.0665281 0.0249894 0.00891093 0.0274662 0.0143714
0.0587682 0.839699 0.00229896 0.0807063 0.00485847 0.0101359 0.00353348
0.00106462 0.997555 0.000431315 0.000306399 0.000308662 0.000217555 0.000116469
0.00402228 0.980664 0.000177939 0.0141659 0.000488737 0.000308255 0.000172266
0.00945702 0.929091 0.00144978 0.016835 0.0166358 0.0246157 0.00191554
0.0403981 0.854546 0.000805415 0.0968513 0.00411516 0.00228824 0.00099533
0.00197294 0.995136 0.000286761 0.0016868 0.000339185 0.000409601 0.000168911
0.373302 0.440929 0.127577 0.0131261 0.00514066 0.0266227 0.0133024
0.00157799 0.994946 0.000138621 0.00261272 0.000190052 0.000361824 0.000173073
0.581308 0.276479 0.0106138 0.0838717 0.00287417 0.0357383 0.00911468
0.00071992 0.998592 0.00014718 0.000244801 0.000139376 9.75779e-05 5.90518e-05
0.0226952 0.959849 0.00345025 0.00768109 0.0022972 0.00272988 0.00129753
0.00118784 0.996105 9.14992e-05 0.00211906 0.000270304 0.000149672 7.63189e-05
0.0658658 0.818068 0.0113499 0.0605495 0.0113755 0.0220103 0.0107806
0.013134 0.0236444 0.00417235 0.00410463 0.000360693 0.886944 0.06764
0.00124997 0.99701 0.00014954 0.00111094 0.000196104 0.00019556 8.81647e-05
0.0911879 0.791192 0.0915368 0.0044372 0.00597726 0.0102654 0.0054039
0.0408349 0.402589 0.0206487 0.0507669 0.00658239 0.380302 0.0982765
0.0439161 0.810325 0.00158014 0.129696 0.00883324 0.00379625 0.00185266
0.000924191 0.997048 0.000746063 0.000229525 0.000274778 0.000602752 0.000174769
0.0154581 0.972147 0.00268185 0.00543569 0.00181672 0.00146438 0.000996818
0.20839 0.339068 0.00590671 0.414397 0.00829184 0.0119631 0.0119833
0.354097 0.55971 0.00318614 0.0759597 0.0016877 0.00378856 0.00157104
0.000360314 0.998579 0.000186518 0.000151454 0.000569238 0.000105263 4.87186e-05
0.0115757 0.882685 0.000260715 0.103444 0.000921101 0.00062967 0.000483714
0.0363531 0.817138 0.000408368 0.143866 0.000936601 0.000642726 0.000654491
0.779329 0.0611718 0.00484035 0.115401 0.00052154 0.028972 0.00976415
0.00714369 0.987792 0.00112661 0.00229729 0.000631457 0.000663178 0.000346072
0.447547 0.224405 0.0245571 0.0885242 0.00569096 0.161788 0.0474872
0.418316 0.476151 0.00595954 0.0861915 0.00403245 0.00610328 0.00324629
0.117044 0.126686 0.0211707 0.127669 0.00279662 0.266209 0.338425
0.585498 0.287916 0.0402974 0.0427397 0.010243 0.0238103 0.00949556
0.00613603 0.984116 0.00486817 0.000952164 0.0012549 0.00184237 0.000830804
0.000237992 0.999379 8.38202e-05 0.000140402 7.1582e-05 5.79414e-05 2.89678e-05
0.000166351 0.999324 0.000276287 2.33312e-05 8.5286e-05 9.49335e-05 3.02942e-05
0.198442 0.660397 0.0155286 0.0526274 0.00921807 0.0510839 0.012703
0.11608 0.691599 0.00471137 0.167756 0.00723725 0.00734289 0.00527391
0.0185864 0.8809 0.00244119 0.075822 0.00772354 0.0107665 0.00376065
0.0014158 0.995088 0.000259077 0.00191065 0.000813055 0.000367561 0.00014584
0.0538503 0.826487 0.000433899 0.117274 0.000657791 0.00076285 0.000534743
0.108841 0.761365 0.00298026 0.109058 0.00359855 0.00998844 0.00416907
0.0830112 0.729601 0.00593988 0.0213872 0.00393088 0.143649 0.0124813
0.00638226 0.9875 0.000934651 0.00327249 0.00078849 0.000709872 0.000412555
0.146162 0.11999 0.0313879 0.0531862 0.00508289 0.471824 0.172367
0.00583685 0.98297 0.00701103 0.000675362 0.00119128 0.00162506 0.000690938
0.122807 0.786332 0.00537727 0.062968 0.00476963 0.0122662 0.00547989
0.00144273 0.991931 0.000772513 0.00097386 0.00398314 0.000671344 0.000224898
0.0246013 0.961038 0.00554312 0.00353009 0.00188709 0.00220445 0.00119646
0.558998 0.264599 0.0998075 0.0222546 0.0056079 0.033432 0.015301
0.282674 0.142834 0.0150592 0.492467 0.011773 0.0305373 0.0246562
0.404768 0.279632 0.0241763 0.0574054 0.00566154 0.186995 0.0413616
0.0682816 0.697698 0.00226068 0.186394 0.0383476 0.00531164 0.00170666
0.0206101 0.898663 0.00234327 0.0393025 0.0200897 0.0163442 0.00264699
0.00110976 0.995243 9.84515e-05 0.00303643 0.000213606 0.000209697 8.90041e-05
0.029835 0.938772 0.0206983 0.00162067 0.00428736 0.00296895 0.00181787
0.152466 0.776023 0.0443228 0.00777013 0.0055398 0.00904316 0.00483534
0.404818 0.143047 0.0189074 0.196056 0.00450878 0.164513 0.0681499
0.44412 0.0584553 0.0131051 0.394515 0.0030892 0.041406 0.0453094
0.00220327 0.996077 0.000310015 0.00080783 0.000222748 0.000241544 0.000138137
0.124398 0.387167 0.00132908 0.477675 0.00141239 0.0030132 0.00500494
0.0962148 0.0482861 0.0194566 0.0271943 0.00129159 0.553199 0.254358
0.054097 0.256627 0.00922718 0.444936 0.00462361 0.0785804 0.151909
0.024574 0.948974 0.0177371 0.00164667 0.00216779 0.00311879 0.00178176
0.264271 0.517566 0.00292685 0.205773 0.00217291 0.00371594 0.00357428
0.00366104 0.982073 0.000205994 0.0123955 0.00117476 0.000317155 0.000172084
0.0333256 0.199916 0.0158725 0.0177277 0.00821687 0.684608 0.0403333
0.0289056 0.854074 0.0027097 0.0789691 0.0212135 0.0112036 0.00292476
0.0284534 0.886729 0.00322803 0.0460432 0.00318373 0.0236132 0.00874912
0.00214322 0.990961 0.000166508 0.00591765 0.000336773 0.000295152 0.000179834
0.0894391 0.836615 0.00252907 0.0615408 0.00267312 0.00550161 0.00170091
0.0022165 0.993098 0.000238372 0.00329331 0.000568904 0.000410622 0.000174746
0.00136444 0.994573 0.000105586 0.00344951 0.000248787 0.000175057 8.41098e-05
0.00381468 0.982885 0.000226619 0.0117618 0.000761103 0.000346142 0.000204251
0.166048 0.0430145 0.0289063 0.183228 0.00303097 0.25898 0.316793
0.445158 0.401791 0.0192589 0.079463 0.0147946 0.0296263 0.00990826
0.0415004 0.85782 0.0429632 0.0094697 0.0124222 0.0269544 0.00887056
0.00348492 0.993884 0.000729161 0.000885987 0.000415856 0.000347911 0.000252247
0.0853535 0.0841505 0.0208632 0.61711 0.0695382 0.0951673 0.0278177
0.00487539 0.955708 0.00162909 0.00960479 0.0233883 0.00403302 0.000761292
0.0778007 0.827406 0.00295176 0.0780604 0.00372082 0.00628198 0.00377864
0.118576 0.795614 0.00466629 0.0599751 0.00277711 0.0133141 0.0050769
0.00444386 0.979997 0.00031452 0.0135785 0.000644914 0.00065745 0.000363633
0.389872 0.509662 0.00644801 0.0748436 0.00261611 0.0114198 0.00513892
0.411412 0.377982 0.0141015 0.114287 0.00540792 0.0548934 0.0219162
0.00498664 0.990247 0.00243673 0.000584965 0.000775199 0.000588761 0.000380596
0.136009 0.0854022 0.0276853 0.339287 0.00546216 0.126526 0.279629
0.00540892 0.988451 0.00123341 0.00260392 0.000936314 0.000949526 0.000417302
0.0390998 0.879615 0.00136316 0.0707874 0.00438733 0.00345531 0.00129201
0.310764 0.475973 0.00327236 0.200092 0.00243901 0.00412846 0.00333167
0.00275413 0.993641 0.000647186 0.00150634 0.000802806 0.000402364 0.000246136
0.00114571 0.996969 0.000120239 0.0013055 0.000199896 0.000170509 8.94662e-05
0.0700326 0.847518 0.00243295 0.05343 0.00283058 0.0184418 0.00531389
0.16876 0.192722 0.0185018 0.03417 0.00517617 0.527748 0.052923
0.267677 0.634428 0.0052208 0.0653863 0.00257094 0.0191681 0.00554898
0.25081 0.473154 0.0312153 0.0723593 0.00943561 0.109704 0.053322
0.343903 0.0492458 0.0123804 0.0901155 0.000968368 0.338433 0.164954
0.010704 0.775073 0.000269018 0.211079 0.000400692 0.00100672 0.00146677
0.055333 0.837914 0.0546025 0.0078977 0.0238807 0.0141807 0.00619186
0.0114026 0.968102 0.0130616 0.00123167 0.00252094 0.00256457 0.00111722
0.000427689 0.998446 0.000206027 0.000331261 0.000276534 0.000224858 8.73352e-05
0.439995 0.335593 0.0324659 0.0854906 0.0167638 0.0662517 0.0234399
0.0402598 0.852617 0.00116444 0.0970523 0.00393064 0.003568 0.0014082
0.0523914 0.903044 0.0235723 0.00465811 0.00220177 0.00943372 0.00469902
0.425618 0.105689 0.0203633 0.268204 0.00412579 0.0881668 0.087833
0.0223523 0.883102 0.00165513 0.080819 0.00309552 0.00591695 0.00305874
0.0442007 0.916948 0.00728761 0.0162649 0.00445928 0.00707751 0.0037624
0.00745286 0.978464 0.000311701 0.0124694 0.000448421 0.000584588 0.000269518
0.0045898 0.977554 0.000775211 0.0059617 0.00975662 0.00096015 0.000402397
0.0681449 0.682493 0.000746592 0.244211 0.00131488 0.00140378 0.00168602
0.109044 0.625298 0.0250509 0.043096 0.0990865 0.0826345 0.0157904
0.108244 0.673817 0.00175901 0.206676 0.00399245 0.00295128 0.00255917
0.102876 0.130804 0.00544826 0.00741094 0.000778786 0.72183 0.0308517
0.0228731 0.892713 0.00147253 0.0552259 0.0198352 0.00639041 0.00148953
0.0341196 0.787894 0.00250617 0.114523 0.0519294 0.00707611 0.0019519
0.469092 0.440701 0.0114567 0.0525341 0.00330544 0.0177653 0.00514598
0.0297463 0.829378 0.00122781 0.126081 0.00942328 0.0028564 0.00128633
0.113641 0.744321 0.0104816 0.0668604 0.0153051 0.0396826 0.00970825
0.0164582 0.924349 0.00131905 0.0301851 0.00914508 0.0163346 0.0022092
0.0195234 0.023967 0.00516471 0.00566245 0.00034245 0.845167 0.100173
0.614113 0.216491 0.0104213 0.128754 0.00280536 0.0167467 0.0106684
0.0707624 0.207062 0.00361584 0.67891 0.00382298 0.0126969 0.0231298
0.034655 0.92068 0.0238225 0.00473295 0.00685848 0.00595446 0.00329653
0.0408046 0.838491 0.000624064 0.116285 0.00163894 0.00136894 0.000787603
0.00514663 0.989057 0.00213339 0.00124174 0.000932715 0.000950848 0.000538021
0.224414 0.650233 0.00468645 0.101372 0.0042572 0.010928 0.00410858
0.0310929 0.840002 0.000739679 0.124169 0.000926939 0.00147732 0.00159211
0.0159947 0.159375 0.0216501 0.046461 0.600428 0.147081 0.00901001
0.0360537 0.821786 0.00101373 0.13362 0.00432253 0.00199734 0.0012069
0.00179148 0.992698 0.000186559 0.00446734 0.000468598 0.000244713 0.000142958
0.052264 0.763195 0.000550183 0.180301 0.00215417 0.000905233 0.000631146
0.249097 0.203855 0.0301191 0.0361072 0.00484798 0.39272 0.0832544
0.224783 0.57933 0.0654928 0.0313566 0.013904 0.055402 0.0297314
0.22453 0.491682 0.00269808 0.26802 0.00531016 0.0045697 0.0031906
0.00133909 0.997246 0.000405723 0.000326485 0.000360767 0.000193946 0.000128289
0.601641 0.217475 0.0111099 0.050139 0.00165207 0.0986834 0.0193002
0.0444801 0.0447459 0.0107971 0.0085439 0.000812774 0.767735 0.122885
0.211328 0.624762 0.0134964 0.0660038 0.0502157 0.027724 0.00647095
0.468499 0.117026 0.0159528 0.117051 0.00236321 0.198165 0.0809428
9.41633e-05 0.999794 4.98105e-05 1.45733e-05 1.4413e-05 2.22416e-05 1.04386e-05
0.0596079 0.489894 0.00941953 0.0241412 0.0053424 0.385416 0.0261789
0.392571 0.205915 0.0154228 0.0794706 0.0026399 0.230918 0.0730622
0.0394595 0.83086 0.000991731 0.117711 0.00810886 0.00195256 0.000915675
0.186113 0.128736 0.0340946 0.13895 0.01241 0.371002 0.128694
0.000655502 0.998706 0.000142241 0.000220106 0.000130821 9.13608e-05 5.43164e-05
0.1196 0.789108 0.00275928 0.0760121 0.00290318 0.00699043 0.00262741
0.0345065 0.326061 0.0358579 0.0517047 0.28584 0.242479 0.0235511
0.00293505 0.993821 0.000199312 0.00241256 0.00027807 0.000222999 0.000131106
0.012098 0.96727 0.000862429 0.0165186 0.00163087 0.00102187 0.000598433
0.165081 0.391612 0.0156352 0.0317187 0.00829016 0.351443 0.0362201
0.0324031 0.84375 0.00177668 0.0843686 0.031398 0.00495654 0.00134709
0.108872 0.775383 0.0120351 0.0558129 0.0141235 0.0253076 0.00846534
0.200012 0.55705 0.00342498 0.223809 0.00597261 0.00584341 0.00388825
0.186272 0.0997859 0.0198201 0.0400411 0.00295984 0.529234 0.121886
0.712727 0.0483109 0.00602092 0.163962 0.000669595 0.0467281 0.0215818
0.0235556 0.939554 0.0260024 0.00142214 0.00479084 0.0031539 0.00152139
0.0940863 0.827764 0.0492665 0.00718053 0.00651886 0.00904339 0.00614075
0.286668 0.574271 0.0021308 0.129597 0.00125563 0.0034603 0.00261829
0.251122 0.543021 0.00704677 0.172882 0.00749141 0.0119097 0.0065271
0.0519327 0.0550484 0.0324386 0.0644177 0.00413053 0.503799 0.288233
0.0710126 0.820663 0.00123899 0.10078 0.00229411 0.00253333 0.0014777
0.00131052 0.996828 0.000238133 0.000981944 0.000331897 0.000193453 0.000115772
0.0375874 0.92017 0.0133285 0.0080353 0.0120501 0.00568479 0.00314387
