0.0865472 0.800891 0.0304411 0.029324 0.00950387 0.0339653 0.00932789
0.427742 0.416529 0.00023043 0.154586 0.000235608 0.000230244 0.00044778
0.696041 0.262423 0.00585832 0.0262091 0.00186969 0.0056293 0.0019695
0.0134508 0.881047 0.00776419 0.0771418 0.00401534 0.0103442 0.00623703
0.526206 0.338387 0.00904506 0.0964762 0.00527737 0.0193759 0.00523271
0.302693 0.245055 0.0125759 0.272909 0.0126934 0.116471 0.0376019
0.0488544 0.120625 0.658056 0.0155212 0.0142859 0.118535 0.0241226
0.0377938 0.70421 0.000407916 0.254838 0.000331531 0.00084379 0.00157555
0.0729514 0.00621403 0.014853 0.00501971 0.000955924 0.8057 0.094306
0.0105751 0.0107904 0.683634 0.0021909 0.0252111 0.261004 0.00659491
0.0458343 0.857236 0.000237681 0.0960462 0.000205474 0.000163797 0.000276387
0.0264254 0.970519 0.00124461 0.000755475 0.000363616 0.000378379 0.000313349
0.130996 0.56876 0.000230778 0.29879 0.000397233 0.000229499 0.000596875
0.0345664 0.271263 0.0928283 0.0348555 0.268785 0.277395 0.0203078
0.000975946 0.998852 0.000106132 1.59423e-05 1.94461e-05 1.56638e-05 1.47901e-05
0.00603568 0.0268671 0.00546832 0.007999 0.927311 0.0251545 0.00116437
0.485913 0.312273 0.000888641 0.19879 0.000752264 0.000627262 0.000755833
6.28464e-05 0.999872 2.39004e-05 1.09645e-05 1.51088e-05 1.03099e-05 5.12595e-06
0.836369 0.00437439 3.5494e-05 0.158521 1.64841e-05 0.000207192 0.000475704
0.721319 0.184829 0.00133649 0.0898376 0.000994679 0.00098102 0.000702052
0.181254 0.645492 0.00110228 0.16833 0.00184766 0.000893173 0.00108103
0.722481 0.0169113 0.000248222 0.258772 0.000225297 0.000722773 0.000639235
0.963519 0.0106834 7.63168e-05 0.0241437 2.19494e-05 0.000618011 0.00093761
0.627117 0.0411835 0.000220368 0.330246 0.000216249 0.000337081 0.000679404
0.174673 0.699096 0.000799069 0.123486 0.000491939 0.000576365 0.000877909
0.0677019 0.0148778 0.613866 0.00428308 0.00407295 0.212623 0.0825757
0.00010824 0.999822 3.89774e-05 6.06679e-06 9.61891e-06 8.52249e-06 6.37118e-06
0.0108372 0.977699 0.000223404 0.00748763 0.000164961 0.00263206 0.00095602
0.161465 0.704555 0.000766383 0.129892 0.0017502 0.000811053 0.000759695
0.0172215 0.957524 0.0217141 0.000607114 0.000896213 0.00110617 0.000930806
0.0333702 0.937689 0.00184544 0.0150747 0.000626413 0.00856492 0.00282971
0.309865 0.583227 0.00107534 0.101995 0.00220623 0.00100002 0.000631721
0.23953 0.603502 0.00130812 0.150899 0.00144938 0.00129892 0.00201215
0.00892255 0.962258 0.000713688 0.0153738 0.00238794 0.00843977 0.00190438
0.381257 0.50426 0.0115504 0.0728054 0.0194505 0.00813371 0.00254337
0.712209 0.199501 0.0033038 0.068805 0.00136636 0.00822457 0.00658983
0.0313393 0.852129 0.00657912 0.0195938 0.00351915 0.0748162 0.0120233
0.930744 0.00521199 4.86073e-06 0.063961 1.68982e-06 1.35079e-05 6.33011e-05
0.941894 0.0568085 0.000548619 0.000557296 4.65802e-05 9.26861e-05 5.24718e-05
0.111615 0.819127 0.000367424 0.067421 0.000277514 0.000498571 0.000692998
0.771654 0.191978 0.00844459 0.0174289 0.000956494 0.0055673 0.00397057
0.842115 0.155069 0.000618198 0.00180585 0.000185446 0.000129248 7.79555e-05
0.00112733 0.9987 2.15592e-05 9.18733e-05 4.30109e-05 1.03761e-05 5.75736e-06
0.431433 0.054786 0.0832587 0.104042 0.0123261 0.268769 0.0453856
0.151783 0.725546 0.00213141 0.108865 0.00801907 0.00201304 0.00164172
0.0144192 0.949931 0.000500824 0.0304373 0.000631779 0.00226736 0.00181206
0.00344517 0.02543 0.0113171 0.0046277 0.925432 0.0289582 0.000790036
0.0148276 0.0085434 0.0321926 0.0134694 0.00813292 0.900197 0.0226369
0.0278294 0.859181 0.00122688 0.108643 0.000636362 0.00109128 0.00139221
0.0299128 0.958467 0.000235338 0.00894214 0.00036188 0.00174874 0.000331606
0.000258963 0.999665 4.02492e-05 7.81227e-06 1.23703e-05 8.76905e-06 6.52531e-06
0.320869 0.527069 0.00103474 0.14616 0.00296572 0.000873717 0.00102844
0.737621 0.0822622 0.00051094 0.178147 0.000605494 0.000454624 0.000398985
0.0822211 0.356685 0.000320198 0.558384 0.000365671 0.000465021 0.00155841
0.21203 0.424073 0.000353823 0.361821 0.000568028 0.000389591 0.000763946
0.0542762 0.862072 0.00027942 0.0824752 0.00030504 0.000215073 0.000377435
0.0206371 0.059717 0.0146122 0.0615322 0.749461 0.0876897 0.00635044
0.0113584 0.986933 0.000363266 0.000755528 0.000225322 0.000203391 0.000160923
0.000119204 0.999646 5.22992e-05 7.91022e-05 5.04016e-05 3.56363e-05 1.68709e-05
0.269257 0.421391 0.000226206 0.307396 0.000286697 0.000418702 0.00102453
0.233597 0.542424 0.000332992 0.221734 0.000562501 0.000439035 0.000910523
0.0143178 0.971864 0.000281791 0.00406459 0.000420457 0.00820971 0.000841239
0.5015 0.456396 0.00129165 0.0383012 0.00100249 0.000994826 0.000514226
0.656182 0.302167 0.00469162 0.0220575 0.00134353 0.0077302 0.00582871
0.0249945 0.942486 0.000386483 0.0289278 0.000314943 0.00143141 0.00145883
0.101596 0.0130337 0.0126423 0.00325974 0.000758172 0.725802 0.142909
0.000667652 0.99891 0.00018732 8.0164e-05 6.1726e-05 5.57773e-05 3.77258e-05
0.00137093 0.998207 0.00022942 5.57176e-05 4.72659e-05 4.84582e-05 4.13301e-05
0.645319 0.21293 0.00198614 0.129495 0.00172839 0.00527129 0.00326946
0.795118 0.151332 0.00498061 0.0351059 0.00514296 0.00739428 0.000925784
0.297764 0.615988 0.000606053 0.0834732 0.00119622 0.000558448 0.000414163
0.599892 0.0503364 2.58885e-05 0.349439 1.67226e-05 4.58937e-05 0.000244784
0.072891 0.833845 0.000367426 0.0915976 0.000260185 0.000287387 0.000751264
0.000781404 0.998984 9.32779e-05 4.18145e-05 4.46398e-05 3.31821e-05 2.1193e-05
0.0299086 0.895129 0.0017619 0.0368455 0.00166178 0.0286467 0.0060462
0.02413 0.0151611 0.00513909 0.0170828 0.000523701 0.268915 0.669048
0.0164537 0.898241 0.00136559 0.0122043 0.00133237 0.065295 0.00510793
0.878144 0.0701898 0.000425654 0.0492395 0.000564649 0.000899124 0.000537183
0.322038 0.562509 0.000371487 0.113927 0.000604628 0.000306299 0.000242793
0.00283965 0.996657 0.000180155 0.000108456 0.000127073 5.39167e-05 3.33187e-05
0.0808571 0.917995 0.000400621 0.000317971 0.000340072 6.03207e-05 2.85458e-05
0.0408169 0.810605 0.00698905 0.0179342 0.0069828 0.105418 0.011254
0.084002 0.815058 0.0905024 0.00167387 0.00284591 0.00306852 0.00284938
0.252723 0.7333 0.00122336 0.0113621 0.000595979 0.000407485 0.000387464
0.000101689 0.999839 9.93812e-06 2.06106e-05 2.23931e-05 4.42488e-06 2.24414e-06
0.837565 0.106262 0.00361459 0.0244615 0.000649434 0.0102021 0.0172459
0.410606 0.0380623 0.0213191 0.0321429 0.00266369 0.395903 0.0993031
0.201853 0.760367 0.00303318 0.0202478 0.00380014 0.00874159 0.00195785
0.842353 0.11624 0.0016946 0.0244072 0.000503554 0.0101333 0.00466775
7.18811e-05 0.999851 2.48589e-05 2.0581e-05 8.71944e-06 1.55331e-05 7.30477e-06
0.000786549 0.995371 9.12336e-05 0.00309097 0.000344049 0.000221017 9.46423e-05
0.410729 0.00955108 0.00217697 0.00803939 0.000160162 0.0902412 0.479102
0.083118 0.904424 0.00159893 0.00720979 0.00172497 0.00130845 0.000615536
0.200341 0.629344 0.000708477 0.166159 0.00230335 0.000586309 0.000557074
0.0259019 0.0318764 0.0535105 0.0138984 0.0079326 0.842906 0.0239742
0.00443366 0.995428 6.14985e-05 2.90806e-05 1.21053e-05 2.07865e-05 1.46408e-05
0.425 0.0139507 0.0189849 0.225565 0.00521389 0.229783 0.0815023
0.379562 0.455169 0.00038599 0.16285 0.000497557 0.000462438 0.00107381
0.0282769 0.924116 0.00061921 0.0395304 0.000433443 0.00357277 0.00345094
0.926547 0.00363779 0.000845091 0.0444024 0.000142011 0.0142605 0.0101653
0.000415627 0.01739 9.37956e-05 0.00112874 0.97997 0.000974214 2.71804e-05
0.204375 0.679203 0.00264512 0.00761786 0.00140456 0.0954882 0.00926672
0.0775694 0.810098 0.00359717 0.0316337 0.00545933 0.0630711 0.00857105
0.179872 0.786211 0.00351081 0.0165242 0.00197158 0.00956484 0.00234528
0.00143585 0.997488 0.000126772 0.000584913 0.000192254 0.000109226 6.28493e-05
0.88618 0.0305966 0.000992299 0.0611674 0.000402226 0.0112362 0.00942534
0.516993 0.0198367 0.00409254 0.0378887 0.000661281 0.213232 0.207296
6.77918e-05 0.999859 4.7902e-06 4.3114e-05 1.88046e-05 3.80645e-06 2.26417e-06
0.355132 0.568296 0.00111472 0.072562 0.00105115 0.00110729 0.000736368
0.000382696 0.999445 9.99851e-05 1.70636e-05 1.90817e-05 1.85107e-05 1.74176e-05
0.00574143 0.975262 0.000365886 0.0163943 0.000393906 0.00140985 0.000432791
1.59156e-05 0.999969 3.89789e-06 2.38935e-06 6.34257e-06 1.65409e-06 7.97133e-07
0.0766359 0.896315 7.28278e-05 0.0267568 5.63692e-05 9.03898e-05 7.30653e-05
6.24086e-05 0.999895 1.73199e-05 6.64675e-06 7.16808e-06 7.08023e-06 4.66518e-06
0.000263345 0.999495 2.30078e-05 0.000164566 2.78402e-05 1.76801e-05 8.57981e-06
0.684418 0.291779 0.00367744 0.0149955 0.001435 0.00223911 0.00145527
0.661111 0.0272026 0.00601315 0.0302158 0.00112732 0.153059 0.121271
0.0152856 0.983469 0.000690172 0.000198604 9.6274e-05 0.000135293 0.000125004
0.0633816 0.0546155 0.417679 0.0486257 0.033739 0.338277 0.0436821
0.179646 0.760839 0.00348387 0.0244616 0.0019696 0.0231033 0.00649644
0.00569139 0.993021 0.000322148 0.000468003 0.000170522 0.000187115 0.000139724
0.687195 0.191275 0.000608046 0.118539 0.000498015 0.000791564 0.00109397
0.0953065 0.742909 0.00918289 0.091681 0.0352445 0.0179572 0.00771932
1.89641e-05 0.999963 3.01614e-06 5.26375e-06 7.2532e-06 1.83097e-06 8.24491e-07
0.047255 0.442042 0.000310379 0.507773 0.000374667 0.00055935 0.00168549
0.185999 0.588909 0.000218686 0.223185 0.000164356 0.000284194 0.0012399
5.03153e-05 0.999718 1.2444e-05 0.00017465 1.65635e-05 1.91563e-05 8.8163e-06
0.0397861 0.933427 0.000667113 0.0186075 0.000725693 0.00445023 0.00233614
0.823565 0.158825 0.000938401 0.0155465 0.000482375 0.000447239 0.000194998
0.00054856 0.998834 0.000165098 0.000230923 7.71517e-05 8.76088e-05 5.63101e-05
0.0397236 0.95123 0.000403718 0.00661555 0.000152506 0.000723287 0.00115134
0.000601614 0.999269 4.51708e-05 2.18154e-05 3.72111e-05 1.56205e-05 9.30812e-06
0.0860054 0.00965269 7.93347e-05 0.903065 0.000285983 0.000427494 0.000484525
0.155829 0.60344 0.00194913 0.231271 0.00291778 0.00189857 0.00269478
0.90094 0.0598102 0.000715132 0.035426 0.000248352 0.00168218 0.00117803
0.789467 0.0252649 0.000279058 0.183081 0.000260717 0.000857964 0.000789739
0.00452521 0.994303 0.000675711 0.000157294 0.000148168 0.000109033 8.10689e-05
8.74616e-05 0.999444 0.000275737 2.52663e-05 6.82395e-05 7.44392e-05 2.52475e-05
6.46313e-05 0.999849 1.53757e-05 1.53166e-05 4.46589e-05 7.88194e-06 3.22265e-06
0.000532669 0.999306 5.12885e-05 4.20955e-05 2.27629e-05 2.46645e-05 2.01573e-05
0.732319 0.118447 0.00466862 0.02575 0.000805266 0.025167 0.0928437
0.0292789 0.956942 0.000184797 0.00540088 0.000137654 0.00666884 0.00138681
0.000595823 0.999327 3.08469e-05 1.35358e-05 1.70552e-05 9.41723e-06 6.10698e-06
0.0013745 0.997718 0.000290574 0.000274517 7.69861e-05 0.0001548 0.000110428
0.271223 0.650395 0.00160979 0.0733684 0.0011995 0.00112845 0.00107582
0.335162 0.332675 0.00196595 0.253833 0.000647989 0.00762271 0.0680938
0.000100012 0.99952 4.41248e-05 0.000174376 9.21917e-05 4.95074e-05 1.99895e-05
0.721318 0.198246 0.00557795 0.0459434 0.00183527 0.0187139 0.00836578
0.0203562 0.8591 0.10991 0.00144728 0.00320014 0.00367372 0.00231251
0.380569 0.48803 0.000248544 0.130257 0.000256793 0.000226223 0.000412136
0.0060799 0.988087 0.000279304 0.00479184 0.000399003 0.000176514 0.000186105
0.569282 0.335457 0.00705942 0.0653495 0.00301867 0.0118333 0.00800047
0.0397466 0.561389 0.374899 0.00349762 0.00643917 0.0108581 0.00317032
0.768788 0.202893 0.00260907 0.0219208 0.000870227 0.00211704 0.000802403
0.0320867 0.952419 0.0010039 0.0112071 0.0019591 0.000939164 0.000385398
0.424824 0.330573 0.00992216 0.0737184 0.0073355 0.127577 0.0260499
0.957277 0.00977994 6.26678e-05 0.0308845 1.88445e-05 0.000673833 0.00130365
0.153859 0.691408 0.0109267 0.0485694 0.0279529 0.0533496 0.0139342
0.00337578 0.027921 0.00105518 0.00552978 0.955467 0.0063252 0.000325546
0.0260509 0.514036 0.0180223 0.0227147 0.357794 0.0556546 0.00572797
0.194169 0.568297 0.0369406 0.0819476 0.0818879 0.0288496 0.00790781
0.0169009 0.925317 0.000455682 0.0555005 0.000305253 0.000460685 0.00106054
0.0516595 0.0369324 0.0119657 0.00348618 0.00108043 0.850222 0.044654
6.29742e-05 0.999725 5.73805e-05 5.48042e-05 3.339e-05 4.60298e-05 2.0185e-05
0.000146939 0.999539 7.83558e-05 7.70633e-05 9.59247e-05 4.25926e-05 2.00988e-05
0.479955 0.491291 0.00209208 0.0219781 0.000819004 0.00235437 0.00151087
0.00504796 0.994115 0.000680925 3.14209e-05 4.86775e-05 4.31136e-05 3.30167e-05
0.00189879 0.00275328 0.992473 4.6309e-05 0.00039216 0.00216886 0.000267232
0.134835 0.773438 0.00268332 0.0792068 0.00278821 0.00254778 0.00450124
0.0465071 0.857478 0.00184265 0.070602 0.000796012 0.00499362 0.0177808
0.0790237 0.850897 0.000753959 0.0670116 0.000556107 0.000583693 0.00117368
0.0788508 0.675701 0.000221277 0.244076 0.00018033 0.000247952 0.000722093
9.5862e-05 0.999494 0.000307452 1.89554e-05 4.03633e-05 3.02681e-05 1.29334e-05
0.0231028 0.943782 0.000545783 0.0286842 0.000362312 0.00185537 0.00166735
0.698278 0.252209 0.00100276 0.0468896 0.000564537 0.000632847 0.000423386
0.189552 0.805603 0.00149488 0.00213074 0.000530828 0.000378848 0.000310209
0.0564379 0.0577241 0.00211153 0.839417 0.0275388 0.0151368 0.00163453
0.811541 0.0432681 0.00157483 0.106147 0.000653431 0.0156874 0.0211286
0.599775 0.334329 0.000812296 0.063316 0.00101064 0.000467897 0.000289235
0.00787998 0.980896 2.72454e-05 0.0111168 2.18998e-05 3.24725e-05 2.57889e-05
0.000585519 0.999036 8.21373e-05 0.000139287 6.15613e-05 6.7625e-05 2.81788e-05
0.9464 0.0165523 0.000420774 0.0286994 0.000129737 0.00459016 0.00320714
0.709533 0.1347 0.00144921 0.148277 0.000961151 0.00260379 0.00247543
0.0258167 0.973155 0.000463754 0.000229264 0.000123572 0.000121179 9.09902e-05
0.71359 0.22886 0.00407335 0.0280065 0.00128827 0.0166524 0.00752965
0.000503339 0.999374 4.90896e-05 1.84035e-05 3.03094e-05 1.53403e-05 9.46582e-06
0.219243 0.481056 0.00263667 0.254146 0.0368725 0.00487761 0.00116766
0.000777885 0.996772 0.00014687 0.00149416 0.000429976 0.000258345 0.00012088
0.325466 0.39467 0.000421332 0.278154 0.00051994 0.000306838 0.000462762
0.946269 0.0343155 0.000267981 0.0185365 8.47155e-05 0.000306393 0.000219947
0.00840642 0.985507 0.0009011 0.00291588 0.000950828 0.00090587 0.000413248
0.541483 0.026196 0.00628971 0.0348013 0.00125344 0.238318 0.151659
0.0910019 0.0736785 0.0343014 0.0288969 0.00988618 0.703829 0.0584065
0.303689 0.612835 0.0117184 0.0478864 0.00866308 0.0115033 0.00370404
0.231808 0.723673 0.000459427 0.042506 0.000226868 0.000616863 0.000709193
0.85284 0.137364 0.000572147 0.00861182 0.000271455 0.000229116 0.000110491
0.0927133 0.905003 0.00118973 0.000440427 0.000274029 0.000215686 0.000164297
0.546018 0.434525 0.000355111 0.01792 0.000627118 0.000431618 0.00012307
0.0101443 0.989336 0.000345892 5.02322e-05 4.72772e-05 3.95558e-05 3.62924e-05
0.0643872 0.87437 0.000826375 0.0547516 0.000723471 0.00237361 0.00256762
0.595603 0.241531 0.0213734 0.0600872 0.00515238 0.0404259 0.0358272
0.442508 0.464844 0.00352415 0.0636113 0.00164054 0.0122351 0.0116377
6.33013e-05 0.999806 4.06145e-05 3.11341e-05 2.82715e-05 2.10538e-05 1.01549e-05
0.589638 0.372318 0.000246341 0.037188 0.000333377 0.000163358 0.000113041
0.204535 0.695478 0.000773249 0.0974522 0.000463914 0.00054381 0.000753389
0.367466 0.416241 0.00094642 0.212467 0.000818909 0.000820542 0.00124015
0.000503781 0.999295 0.000125397 1.28969e-05 3.11101e-05 1.76055e-05 1.41604e-05
0.163146 0.0111445 0.0267591 0.161747 0.0585083 0.550941 0.0277546
0.0155986 0.224213 0.750588 0.000515345 0.00326671 0.0042782 0.00153969
0.000655471 0.999073 3.2077e-05 0.000172182 1.36319e-05 2.85391e-05 2.53152e-05
0.91561 0.0390363 0.00161553 0.034009 0.00050427 0.00608217 0.00314259
0.000640081 0.998287 0.000151365 0.000479854 0.00012458 0.000227142 9.00678e-05
9.43716e-05 0.999858 2.612e-05 4.95257e-06 7.03272e-06 5.20617e-06 3.92651e-06
0.0180354 0.913555 0.00673953 0.04027 0.00763822 0.0102592 0.00350244
0.0345724 0.764351 0.0171112 0.0253977 0.0744759 0.0735344 0.010557
0.00712023 0.852148 0.000128186 0.139949 0.000240551 0.000139965 0.000274085
0.0130154 0.951518 0.000593382 0.0297492 0.000889787 0.00250132 0.0017329
0.00154226 0.998011 0.000101932 0.000154069 0.000116169 4.36548e-05 3.06308e-05
0.573723 0.19004 0.00823649 0.167081 0.00519651 0.0295774 0.0261456
1.41907e-05 0.999968 1.10461e-05 1.30807e-06 2.47983e-06 1.8014e-06 1.26893e-06
0.536557 0.317686 0.0102208 0.112836 0.00276062 0.00911552 0.0108239
0.0637649 0.888617 0.000664496 0.0435677 0.000564265 0.0014187 0.00140265
0.898771 0.0876671 0.000252845 0.0117713 7.32065e-05 0.00079846 0.000665884
0.000401399 0.999023 0.000240306 0.000111996 8.53293e-05 9.05359e-05 4.79349e-05
0.000343653 0.99953 5.71386e-05 1.86434e-05 1.81081e-05 1.84189e-05 1.41316e-05
0.0232403 0.972671 0.00367324 9.91049e-05 0.000100574 0.00010926 0.000106629
0.537221 0.0153081 6.00332e-05 0.444196 1.78019e-05 0.000184487 0.00301233
0.00482061 0.937545 9.58311e-05 0.0571556 0.000134827 9.16778e-05 0.000156811
0.200979 0.701045 0.000548494 0.0945258 0.00167873 0.000642835 0.000580963
0.0890223 0.885891 0.000685834 0.0146879 0.000597531 0.00737102 0.00174479
0.0379665 0.919769 0.00517423 0.0187684 0.00481281 0.0108712 0.00263793
0.414837 0.491447 0.000475315 0.0916381 0.000896355 0.000387886 0.000318366
0.0746581 0.0431402 0.0253492 0.0136178 0.00282079 0.799573 0.0408412
4.95149e-05 0.999841 4.97239e-05 1.72637e-05 1.85197e-05 1.58175e-05 8.38851e-06
0.149374 0.82463 0.0010864 0.0216814 0.00140056 0.00134276 0.000485191
0.897158 0.0253332 0.00245236 0.0592682 0.000506868 0.00634249 0.0089387
0.511592 0.15426 0.0584086 0.179856 0.0244888 0.0542095 0.0171856
0.172011 0.72075 0.00253602 0.0922551 0.00930785 0.00192957 0.00120991
0.0174313 0.978664 0.000595318 0.00204048 0.000385518 0.000516725 0.00036717
0.0155528 0.938743 0.000250521 0.0437299 0.00028208 0.000498223 0.000943464
0.355727 0.0593678 0.00111176 0.480942 0.00015551 0.00299814 0.0996976
0.07543 0.732868 6.78556e-05 0.191147 8.6301e-05 0.000103003 0.000298046
0.221434 0.326993 0.000173911 0.450367 0.000229795 0.000227345 0.000574576
0.0700804 0.801834 0.000485644 0.12514 0.000303776 0.000708341 0.00144793
0.108061 0.881646 0.00121499 0.00717331 0.00104468 0.000504009 0.000356173
0.284993 0.598384 0.00182294 0.108796 0.00340119 0.00139561 0.00120652
0.0024264 0.997013 0.000424217 3.94172e-05 3.17706e-05 3.33277e-05 3.16941e-05
0.0121497 0.0300836 0.377629 0.00452155 0.0149401 0.547159 0.0135169
1.95847e-05 0.999938 2.57855e-05 2.05325e-06 9.10176e-06 3.55678e-06 1.83257e-06
0.0372425 0.92964 0.000464082 0.0300938 0.000485138 0.00126302 0.000811444
0.097957 0.0527386 0.0425492 0.130614 0.041855 0.588073 0.0462135
0.226151 0.0284944 0.0184819 0.0378368 0.00313333 0.621779 0.0641238
0.358512 0.541188 0.00189673 0.0942943 0.00123287 0.00137838 0.00149759
0.0623001 0.539334 0.000466732 0.395104 0.00122994 0.000631803 0.000932904
0.842325 0.148099 0.000485587 0.00850795 0.00025028 0.000219368 0.000112889
0.0575677 0.930157 0.000448606 0.0109816 0.000250612 0.000264851 0.000329807
0.080103 0.00610437 0.0233152 0.00450145 0.00087494 0.526908 0.358193
0.365882 0.0454524 0.00337318 0.56804 0.00299591 0.00836742 0.00588897
0.0230542 0.412616 0.000103549 0.56324 0.000294063 0.0002187 0.000474056
0.0735096 0.790052 0.000384747 0.133545 0.00158306 0.000420744 0.000504366
0.20725 0.539899 0.000529296 0.25019 0.000693778 0.000502427 0.000935979
0.0534431 0.936479 0.00078971 0.00779028 0.00068565 0.000459169 0.000352924
0.259441 0.738794 0.000684101 0.0006698 0.000153322 0.000138725 0.000118736
0.00488027 0.994683 0.000229715 5.8649e-05 5.88961e-05 4.99195e-05 3.93245e-05
0.00866895 0.946741 7.86316e-05 0.0442688 0.000105048 6.38796e-05 7.36044e-05
2.74656e-05 0.999939 1.77701e-05 2.95537e-06 5.49496e-06 4.2309e-06 3.13151e-06
0.0358528 0.840071 0.00018224 0.123203 0.000130343 0.000191925 0.000368722
0.233796 0.752424 0.00570469 0.00395719 0.00098605 0.00153026 0.00160168
0.02983 0.849906 0.000550521 0.117583 0.000557174 0.000704815 0.000868194
0.766346 0.210526 0.000957944 0.0204027 0.000610363 0.000668253 0.000489115
0.0251085 0.42256 0.0099681 0.0258 0.41111 0.0978735 0.00757991
0.00523354 0.992412 0.000448734 0.001225 0.000250853 0.000284627 0.000145045
0.00121594 0.995913 0.00197563 0.0001617 0.000215562 0.00037801 0.000139861
0.0332517 0.854489 0.000596519 0.108725 0.000865478 0.000739223 0.00133313
0.000619709 0.996946 0.000434892 0.000751293 0.000284702 0.000657926 0.000305339
0.0249777 0.883925 0.000537767 0.0886036 0.000575229 0.000559001 0.000821502
0.0187459 0.936971 0.000961751 0.0337835 0.00177622 0.00499717 0.00276429
0.0322819 0.96508 0.00151135 0.000357009 0.000246217 0.000272727 0.000250765
1.45475e-05 0.999956 9.83813e-06 2.16641e-06 1.23001e-05 3.97756e-06 1.71743e-06
0.000379829 0.999129 0.000113352 0.000182481 7.62636e-05 7.61121e-05 4.27531e-05
0.000477799 0.998046 0.000136247 0.000844027 0.000192609 0.000217886 8.53741e-05
0.0134863 0.971414 0.0002438 0.0117973 0.000185362 0.00198846 0.000884509
0.119703 0.592433 0.0414145 0.0577326 0.0221397 0.136263 0.0303141
0.949107 0.0353355 0.000196524 0.0119846 6.53036e-05 0.00220241 0.0011083
0.0268715 0.85603 0.00152611 0.0947779 0.017379 0.0020681 0.00134776
0.000607804 0.999323 2.1195e-05 1.73671e-05 1.76873e-05 8.16442e-06 4.73464e-06
0.156727 0.778815 0.000487502 0.0619438 0.00097758 0.000584799 0.000464074
0.011405 0.826225 0.000124339 0.161672 0.000150765 0.00015995 0.000263035
0.00107639 0.998753 4.92342e-05 5.43017e-05 3.23991e-05 2.15951e-05 1.29122e-05
0.0199189 0.970762 0.000206004 0.00838516 0.00023428 0.000235493 0.000258652
0.0369931 0.904811 0.00135837 0.0487932 0.00150897 0.00314195 0.00339324
0.00028982 0.998977 0.000104919 0.000322196 0.00011747 0.000129265 5.96512e-05
0.080827 0.253171 0.0552104 0.0155475 0.00944164 0.548933 0.0368699
0.104094 0.148961 0.0424768 0.039905 0.0132833 0.605637 0.0456425
0.26138 0.672767 0.000487421 0.0636854 0.000687459 0.000624089 0.000368403
0.000713884 0.998516 0.0001919 0.000287683 0.000107145 0.000110267 7.3607e-05
0.0126179 0.986524 0.000586637 7.0074e-05 8.29294e-05 6.68614e-05 5.1973e-05
0.498007 0.441638 0.000719744 0.0580478 0.000734823 0.000514457 0.0003381
0.00428757 0.99293 0.00131624 0.000675353 0.000335418 0.000316195 0.00013964
0.0167128 0.0573099 0.0146365 0.0632601 0.703635 0.138372 0.00607339
0.15405 0.721098 0.000457726 0.122915 0.000269293 0.000321817 0.000888381
0.0438684 0.909754 0.000669737 0.0423955 0.00119995 0.00130174 0.000811203
0.426818 0.471222 0.0086237 0.0623991 0.0110039 0.0152534 0.00468034
0.80274 0.0265522 0.00169265 0.0906656 0.000456496 0.0195678 0.0583253
0.452253 0.349138 0.000582876 0.196194 0.000720934 0.000478848 0.000631297
0.0104213 0.972553 0.000301983 0.012727 0.000303997 0.00269022 0.00100251
0.151862 0.588608 0.0052329 0.229516 0.00476544 0.00738284 0.012632
0.0012304 0.996277 0.00174174 0.000203251 0.00020657 0.000206184 0.000135414
0.000256864 0.999327 0.000180053 6.98364e-05 7.58849e-05 5.87674e-05 3.19777e-05
0.331157 0.554141 0.0011788 0.110194 0.00161215 0.000946451 0.000769956
0.983697 0.00304468 0.000112056 0.0116167 2.34273e-05 0.000924266 0.000581841
0.24417 0.025691 0.00699252 0.336526 0.00200497 0.114733 0.269882
0.000352111 0.999414 0.000124139 2.22018e-05 3.77968e-05 2.99814e-05 2.02727e-05
0.121222 0.740021 0.00110301 0.131919 0.00161375 0.00164165 0.00247947
5.70334e-06 0.999969 5.80178e-06 3.29467e-06 1.15968e-05 3.51822e-06 1.16918e-06
0.433338 0.0798135 0.0752169 0.151372 0.0635245 0.169557 0.0271778
0.0482103 0.732146 0.000515389 0.216255 0.00109191 0.000650887 0.00113041
0.271107 0.40133 0.171752 0.0275055 0.0092524 0.0909845 0.0280673
0.125301 0.84199 0.00104541 0.0295812 0.000528785 0.000843075 0.000711385
0.00643463 0.993005 0.000157549 0.00015954 3.06179e-05 0.000119315 9.2908e-05
0.470726 0.279433 0.0276634 0.124084 0.00587874 0.0410581 0.0511569
0.806981 0.0337654 0.000389578 0.155417 0.000291669 0.00142158 0.00173389
0.0190933 0.978507 0.000247276 0.00174536 0.000180051 0.000118677 0.000108407
0.115528 0.629755 0.000517433 0.25175 0.00108601 0.00057836 0.000784693
0.716576 0.262089 0.00142012 0.0177151 0.00101835 0.000819756 0.000362001
0.0120291 0.965626 0.000117975 0.0212941 0.00010665 0.000259358 0.000567199
0.220348 0.115107 0.00551928 0.349631 0.000830817 0.0126394 0.295925
0.00135952 0.995548 0.00292057 2.08566e-05 6.16235e-05 4.5803e-05 4.33492e-05
0.0094806 0.068361 0.0158546 0.0211838 0.500688 0.379116 0.00531661
0.822744 0.136237 0.0011543 0.0372475 0.000472177 0.00118668 0.000958566
0.000437386 0.999322 0.000120861 3.79266e-05 3.32606e-05 2.6832e-05 2.16833e-05
0.00878599 0.959383 0.00093221 0.018757 0.00184568 0.00830586 0.00198985
0.000646652 0.999151 6.06595e-05 5.4999e-05 3.72498e-05 2.95375e-05 1.9926e-05
0.110568 0.823971 0.0008052 0.0618327 0.000716463 0.00129888 0.000807678
0.414827 0.553538 0.00077401 0.0289423 0.000992804 0.000606997 0.000318476
0.0451257 0.948194 0.00123391 0.00339872 0.000507993 0.000906785 0.000632752
0.00090259 0.975316 3.18943e-05 0.023643 4.08831e-05 3.32458e-05 3.2496e-05
0.707982 0.11756 0.0048825 0.154788 0.00225979 0.00597528 0.00655295
0.000216741 0.99937 0.000142622 5.98656e-05 6.05424e-05 9.53301e-05 5.52069e-05
0.134599 0.368552 0.0112521 0.396066 0.011752 0.0328773 0.0449014
0.000674328 0.999055 0.00022757 6.99734e-06 1.48803e-05 1.04414e-05 1.02239e-05
0.0550659 0.944056 0.000402994 0.000185027 0.000173121 7.06274e-05 4.66396e-05
0.251908 0.645187 0.000377786 0.100905 0.000779147 0.000354072 0.000488807
0.218355 0.531297 0.000377898 0.24838 0.000453271 0.000310037 0.000826609
0.0162814 0.882446 0.00118758 0.094246 0.00318294 0.00118028 0.00147585
0.0992989 0.683518 0.00156364 0.203389 0.00116144 0.00380627 0.00726237
0.113026 0.860158 0.000995686 0.0231185 0.000726703 0.00147908 0.000496101
0.990996 0.00857174 3.28604e-05 0.000383979 7.19444e-06 5.62056e-06 2.40784e-06
0.400282 0.555002 0.00210659 0.0384536 0.00167551 0.00144874 0.00103173
0.169731 0.753342 0.000228827 0.0750321 0.000289492 0.000435082 0.000941893
0.166466 0.280358 0.0503254 0.028512 0.0109629 0.397653 0.0657224
0.320082 0.288562 0.00815079 0.013923 0.00176768 0.332928 0.0345855
0.266156 0.656065 0.000789497 0.0741681 0.00149693 0.000685605 0.000639325
0.0397946 0.959589 0.000351517 0.000120667 4.61492e-05 5.4498e-05 4.32103e-05
0.022649 0.972253 6.42154e-05 0.00462057 2.99809e-05 0.000278956 0.000104345
0.408491 0.160383 0.0521841 0.026662 0.00697706 0.292991 0.0523121
0.156429 0.834618 0.00752423 0.000430705 0.000345973 0.000329177 0.000322764
0.582937 0.366522 0.000501407 0.0488379 0.000503022 0.000390034 0.000309464
0.801642 0.0810034 0.000484983 0.109034 0.000244429 0.00302748 0.00456392
0.140111 0.732132 0.00031467 0.126497 0.000347176 0.0002668 0.000331023
0.120331 0.592496 0.000472229 0.28408 0.00135815 0.000534168 0.000728999
0.20107 0.687062 0.00167344 0.103096 0.000709284 0.00245296 0.00393641
0.0328396 0.875514 0.000160188 0.0904408 0.000327124 0.000257583 0.00046112
0.869219 0.0196373 0.00126321 0.102293 0.000441644 0.00318347 0.00396272
0.0146492 0.951695 0.000440786 0.0302627 0.000361896 0.00106905 0.00152161
0.0192576 0.980115 0.000299753 0.000148226 6.16412e-05 7.18161e-05 4.5541e-05
0.897617 0.0311478 0.00151819 0.025256 0.000339223 0.0292241 0.0148975
0.00661223 0.992647 0.000313795 0.000159074 9.78884e-05 9.56905e-05 7.45055e-05
0.048678 0.67035 9.68001e-05 0.280309 0.000205352 0.000130427 0.000229826
0.0564589 0.862726 0.000406171 0.0790746 0.000532478 0.000374686 0.000427211
0.00109978 0.99666 2.94285e-05 0.0021273 2.38191e-05 3.39201e-05 2.54165e-05
0.562695 0.0117163 7.88119e-06 0.425416 5.70516e-06 2.40266e-05 0.000135456
0.00136664 0.99851 6.18679e-05 1.4537e-05 2.8309e-05 1.17519e-05 7.29446e-06
0.419237 0.43083 0.00151651 0.143676 0.00072316 0.0012546 0.0027633
0.452857 0.501313 0.00139299 0.0418777 0.000999197 0.000902486 0.000657357
0.0024814 0.98932 1.5468e-05 0.00813875 1.17531e-05 1.74975e-05 1.47893e-05
0.137685 0.016403 0.21423 0.0594284 0.0593528 0.456547 0.0563545
0.0220947 0.903526 0.000376225 0.0717992 0.000235653 0.000407911 0.00156071
0.558044 0.352398 0.000983079 0.0866342 0.000872215 0.000562445 0.000505254
0.299699 0.600249 0.00264632 0.0875925 0.00531832 0.00287719 0.00161782
0.000638248 0.998932 0.00017901 5.09804e-05 0.000124864 4.922e-05 2.58717e-05
0.0454021 0.95055 0.000578564 0.00264967 0.000483107 0.000185606 0.000151092
0.321884 0.042788 0.019609 0.0391166 0.00281072 0.259448 0.314343
0.00139907 0.998283 8.4504e-05 0.000103944 6.35255e-05 3.83718e-05 2.73855e-05
0.01563 0.982471 0.000968478 0.000388258 0.000204229 0.000181542 0.000156736
0.0150479 0.866085 0.000190572 0.117735 0.000171275 0.000198368 0.000571156
0.596328 0.0398617 0.000321492 0.361037 0.000239056 0.00080299 0.00140952
0.150341 0.847238 0.000872882 0.00101933 0.000178669 0.000185302 0.000164998
0.0569515 0.942099 0.000489767 0.00018853 0.000138929 7.90513e-05 5.3113e-05
0.0240651 0.379389 0.000118589 0.595259 0.000392361 0.000328149 0.000447518
0.000822738 0.998118 4.20939e-05 0.000873876 4.10364e-05 5.41143e-05 4.78266e-05
0.00216561 0.99288 0.000159869 0.00401369 0.000398597 0.000258114 0.000124385
0.134905 0.405945 0.000431454 0.45629 0.000977816 0.000592536 0.000858272
0.00223327 0.997567 8.01901e-05 3.81171e-05 3.87629e-05 2.56398e-05 1.67324e-05
0.00225868 0.993085 0.000432512 0.00299979 0.000367988 0.000558783 0.000297398
0.049827 0.947674 0.00122 0.000523418 0.000188546 0.000297176 0.000270149
0.277316 0.57485 0.00278143 0.13459 0.00198139 0.00409906 0.004382
7.79281e-05 0.999786 8.01559e-05 1.19374e-05 1.96099e-05 1.52589e-05 9.19648e-06
0.361384 0.630447 0.00153092 0.00554421 0.000438674 0.000376269 0.000278954
0.00588006 0.98298 0.000105984 0.00247137 0.000184717 0.00771507 0.000662697
0.0866251 0.884909 0.000271892 0.0264215 0.000171185 0.000860731 0.000740555
0.000328276 0.998528 9.06241e-05 0.000708603 0.00011944 0.000160577 6.4205e-05
0.0925608 0.904793 0.00183061 0.00029582 8.67307e-05 0.000213442 0.000219672
0.000185414 0.9986 3.46342e-05 0.000965736 3.08013e-05 8.36372e-05 9.94745e-05
0.389384 0.504312 0.00111389 0.100372 0.000906269 0.00209369 0.00181851
0.0019126 0.99773 0.000107076 0.000107846 7.54657e-05 4.08038e-05 2.63716e-05
0.463759 0.515043 0.00970006 0.0074148 0.00131249 0.00148878 0.00128139
0.000316322 0.999411 1.86185e-05 0.000186004 4.02665e-05 1.90138e-05 9.21777e-06
0.103157 0.184817 0.63492 0.0175256 0.0158845 0.0311593 0.0125362
0.111854 0.098268 0.0324599 0.076456 0.00485551 0.0978518 0.578254
0.000354844 0.997944 5.66356e-05 0.00130838 0.000179682 0.000111661 4.48093e-05
3.41893e-05 0.999841 0.000101085 2.99697e-06 9.5782e-06 6.82884e-06 4.32913e-06
0.322937 0.392432 0.014683 0.244292 0.00581883 0.00862848 0.0112082
0.0872548 0.87121 0.00109809 0.030513 0.000913217 0.00595458 0.00305631
0.00120602 0.993068 0.000833814 0.00192427 0.000575855 0.00159703 0.000795587
0.000917364 0.998918 5.09287e-05 4.34993e-05 3.26407e-05 2.33144e-05 1.44941e-05
0.204368 0.362796 0.000316688 0.430722 0.000545519 0.000483855 0.000767795
0.333821 0.553661 0.00126314 0.1077 0.00178454 0.000931094 0.000838517
3.27696e-06 0.999986 1.91202e-06 5.42938e-07 7.06829e-06 8.29953e-07 2.30017e-07
0.0841511 0.735037 0.000844841 0.175791 0.00240664 0.000817773 0.000952312
0.0127349 0.838181 0.000160317 0.148247 0.000258017 0.000169426 0.000249034
0.928717 0.0239923 0.000453871 0.0439519 0.000141844 0.0014564 0.00128628
0.00018176 0.999578 5.84496e-05 8.00087e-05 4.14245e-05 3.93782e-05 2.07132e-05
0.907119 0.0236092 0.000506711 0.0643264 0.000199073 0.00212037 0.00211885
0.0375103 0.87459 0.000297769 0.0861156 0.000571633 0.000451879 0.000462874
0.465363 0.293724 0.00352572 0.207274 0.00142301 0.00823343 0.0204575
0.986073 0.0134797 0.000102783 0.000319081 8.3514e-06 1.25254e-05 4.71302e-06
0.0330447 0.512523 0.442554 0.00139345 0.00227007 0.00419459 0.00401998
0.000465787 0.999305 0.000145861 2.10874e-05 2.60817e-05 2.09693e-05 1.50222e-05
9.97795e-08 0.999999 4.01189e-07 6.28241e-08 2.8487e-07 2.04118e-07 5.01982e-08
0.501715 0.468489 0.000877518 0.0263745 0.000314977 0.00135287 0.000875469
0.633453 0.11539 0.00124033 0.246247 0.00135718 0.00106032 0.00125256
0.0103302 0.922417 0.000452204 0.0555589 0.00973401 0.00113535 0.000372122
0.00709991 0.989962 0.000967366 0.00117243 0.000293949 0.000325139 0.000179056
0.11625 0.758684 0.000290312 0.123718 0.000334985 0.000268891 0.00045368
0.690863 0.219123 0.00269855 0.0694988 0.00109178 0.011253 0.00547174
0.0296929 0.958336 0.000163331 0.0104502 8.06175e-05 0.000719353 0.000557801
0.000705366 0.999176 4.02225e-05 2.57997e-05 2.30246e-05 1.73115e-05 1.26405e-05
0.364304 0.152564 0.0248485 0.0447592 0.0051449 0.225668 0.182711
1.69712e-06 0.999989 5.49583e-06 5.50708e-07 1.63719e-06 1.29778e-06 5.36652e-07
0.0503659 0.894218 0.000809285 0.0513144 0.000929993 0.00150236 0.000859624
0.000199981 0.999614 8.90946e-05 2.05597e-05 4.89091e-05 1.93166e-05 7.68426e-06
0.17126 0.814212 0.0106154 0.00155231 0.000528491 0.000845233 0.000986246
0.655835 0.334813 0.00194604 0.00394136 0.000286354 0.00159773 0.00158109
0.968179 0.00588416 0.000349064 0.0243474 5.64697e-05 0.000705681 0.000478363
0.794592 0.166419 0.00304296 0.0272341 0.000878665 0.00514784 0.00268512
0.157208 0.757451 0.00136564 0.0793345 0.00253641 0.00125884 0.000846535
0.024757 0.955287 0.000347773 0.00677339 0.00032772 0.0108027 0.00170462
0.000856684 0.997036 2.68918e-05 0.00192213 6.83974e-05 5.84742e-05 3.12239e-05
5.66994e-05 0.999874 3.83151e-05 5.67332e-06 1.10265e-05 7.75754e-06 6.32204e-06
0.0140647 0.985568 0.000268272 2.92711e-05 2.4758e-05 2.45859e-05 2.08991e-05
0.647546 0.049375 0.0118126 0.135217 0.00165686 0.0424508 0.111941
0.893566 0.0037985 2.25437e-05 0.102057 9.11248e-06 0.000184511 0.000362242
0.0282232 0.970178 0.000426395 0.000756099 0.000125477 0.000156125 0.000134145
0.0154058 0.421818 6.1735e-05 0.562147 6.70237e-05 0.000126327 0.000373487
0.374702 0.0193289 0.00436995 0.0832814 0.000587613 0.0452317 0.472499
0.00400387 0.853442 0.000249631 0.141047 0.00051648 0.000349628 0.000390855
4.79771e-05 0.999902 3.38735e-05 2.46777e-06 4.40271e-06 5.49496e-06 3.80196e-06
0.512646 0.415408 0.000860053 0.0692009 0.000748768 0.000545038 0.000591272
0.000172146 0.999762 9.29619e-06 2.80349e-05 2.25539e-05 4.31643e-06 2.05193e-06
0.184191 0.423194 0.204673 0.0538073 0.0145845 0.0787718 0.0407786
0.011959 0.965418 0.000399229 0.016466 0.000459339 0.00370536 0.001593
0.00640959 0.924447 0.00010254 0.0681825 9.16708e-05 0.000134566 0.000631733
0.0193878 0.974267 0.000591026 0.00447196 0.000720618 0.000329633 0.000232183
0.129252 0.8443 0.000441415 0.0251077 0.000344097 0.000370267 0.000184414
0.0029924 0.986372 0.000536675 0.00490054 0.00409466 0.000805492 0.000297949
0.395777 0.599826 0.000838869 0.00287147 0.00028726 0.000204632 0.000195008
0.00455342 0.983874 0.0001019 0.0110043 0.00023888 0.000123307 0.000104049
0.390084 0.00985346 0.256809 0.0286785 0.00333352 0.18929 0.121952
0.228656 0.570907 0.000476665 0.196551 0.00127361 0.00123341 0.000901843
0.000102682 0.999183 0.00012733 0.000175237 0.000200229 0.000166272 4.48924e-05
0.144528 0.852724 0.00137874 0.000698006 0.00030964 0.000218033 0.000144281
0.266855 0.0255095 0.00878031 0.575049 0.0110191 0.0973998 0.0153877
0.00224858 0.991816 0.000130013 0.00521382 0.000312899 0.000205685 7.33861e-05
0.196729 0.719547 0.00121867 0.0783187 0.00216045 0.00115132 0.000875343
0.347174 0.489292 0.0020242 0.154704 0.00183288 0.00249909 0.00247479
0.000899813 0.985859 0.000102872 0.012465 0.000190992 0.000235622 0.000246274
0.404977 0.517751 0.000670363 0.074593 0.00105669 0.000524787 0.000426738
0.131898 0.700535 0.00046912 0.164621 0.000369382 0.00075162 0.00135555
1.27262e-05 0.999969 1.02162e-05 1.24716e-06 3.96851e-06 1.71716e-06 1.06504e-06
0.192915 0.0528488 0.00019621 0.749556 0.000144584 0.000644557 0.00369409
0.000102821 0.999491 7.20677e-05 0.00015774 7.20252e-05 7.50532e-05 2.91688e-05
0.0398652 0.946183 0.000113933 0.0133634 6.34144e-05 0.00022947 0.000181824
0.711589 0.213041 0.000796731 0.0731096 0.000580867 0.000481157 0.000402093
0.000124111 0.999785 2.74712e-05 2.02442e-05 2.11001e-05 1.32445e-05 9.37527e-06
0.00157424 0.996547 0.000149315 0.0012205 0.00026432 0.000162842 8.19006e-05
0.0191292 0.889635 0.000207547 0.0896305 0.000215076 0.000312041 0.000870443
0.239786 0.176225 0.386234 0.0591369 0.0204445 0.0985331 0.0196404
0.336189 0.533324 0.000301698 0.129055 0.00025885 0.000344316 0.000527397
0.00785953 0.979756 0.000190734 0.0106526 0.000756601 0.000521552 0.00026318
0.975146 0.0062859 5.15453e-05 0.017429 1.11628e-05 0.000452905 0.000623101
0.00263329 0.520005 5.11097e-05 0.476765 5.58702e-05 0.000137237 0.000352845
0.000954408 0.99761 0.000686253 0.00016 0.000280738 0.000208472 0.000100394
4.47062e-05 0.999689 9.99189e-05 2.79414e-05 8.85418e-05 3.66906e-05 1.35061e-05
5.49271e-06 0.999949 2.55998e-05 3.10662e-06 9.40553e-06 6.16336e-06 1.61137e-06
0.858122 0.119446 0.000754655 0.019057 0.000531727 0.0016419 0.000446709
0.0795065 0.849651 0.00084766 0.0672556 0.000562293 0.000997466 0.00117994
0.00012312 0.999815 3.46784e-05 6.65978e-06 3.14403e-06 1.01126e-05 7.67005e-06
0.969543 0.00983183 7.54537e-06 0.0203928 1.60497e-06 4.06617e-05 0.000183005
0.175282 0.728263 0.00970486 0.0762826 0.00414276 0.00391489 0.00240981
0.000936385 0.995665 0.000325286 0.00139799 0.00102018 0.000454658 0.000200141
0.559666 0.435198 0.00124532 0.00284229 0.000335654 0.000411083 0.00030171
0.000486242 0.999361 3.63995e-05 3.61702e-05 5.85299e-05 1.46222e-05 7.32788e-06
0.166593 0.447058 0.000513952 0.383209 0.000449122 0.000566191 0.00161101
0.191646 0.786312 0.00149543 0.0159084 0.000738043 0.00285956 0.00104059
0.223601 0.58183 0.00193635 0.183081 0.00533898 0.00188691 0.00232634
0.661023 0.30663 0.00234522 0.0121351 0.000625018 0.0122955 0.00494555
0.0946209 0.807168 0.00389934 0.0426974 0.00643366 0.0362264 0.00895401
0.0180808 0.957388 0.000502593 0.0181434 0.000626692 0.00367969 0.00157868
0.597873 0.360122 0.00566599 0.0307865 0.00216431 0.00246426 0.000924128
0.0423653 0.895068 0.00114807 0.053023 0.00132653 0.00376215 0.00330729
0.0360089 0.952154 0.000261142 0.00882794 0.000160343 0.00208869 0.000499271
0.0262869 0.949846 0.000522968 0.0156228 0.000793725 0.00480861 0.00211852
0.121576 0.0558057 0.431635 0.0225148 0.0119148 0.219536 0.137017
0.482981 0.426591 0.00164467 0.084324 0.00134004 0.00176308 0.00135606
0.301955 0.274714 0.0124702 0.367026 0.0142686 0.0135701 0.0159966
6.09952e-05 0.999835 3.69157e-05 1.64697e-05 2.18796e-05 1.87572e-05 1.00522e-05
0.258993 0.631578 0.00268737 0.095742 0.00334046 0.00441507 0.0032437
8.39997e-05 0.99971 4.6702e-05 4.1855e-05 4.61058e-05 5.3271e-05 1.7858e-05
0.567812 0.378061 0.000802413 0.0505924 0.000380221 0.00114202 0.00120989
0.383436 0.355472 0.00520085 0.245384 0.00284241 0.00366481 0.00399973
0.00183202 0.0102862 0.000466003 0.00624642 0.973159 0.0078177 0.000192863
0.0591565 0.890631 0.00110223 0.0424415 0.000951232 0.00307378 0.00264385
5.16102e-05 0.999918 4.63878e-06 1.30654e-05 5.47867e-06 4.0686e-06 2.74205e-06
0.170231 0.652458 0.000650034 0.174226 0.00119523 0.000509676 0.000730922
0.373712 0.517267 0.00421018 0.0888476 0.00288927 0.00723494 0.005839
0.629304 0.336938 0.00568495 0.0182083 0.00142689 0.0045129 0.00392523
0.149885 0.560455 0.000288589 0.28744 0.000890304 0.000507517 0.000533627
8.65349e-05 0.999841 2.03205e-05 1.7957e-05 1.42057e-05 1.16323e-05 8.40936e-06
0.765365 0.210542 0.00163558 0.0169022 0.000356956 0.00338657 0.00181183
0.152707 0.0550454 0.0149264 0.0397792 0.00297383 0.240853 0.493715
0.481896 0.448551 0.00390515 0.0462424 0.0140268 0.00397035 0.00140847
0.621046 0.244295 0.00368956 0.106284 0.00189583 0.0131579 0.00963173
1.16279e-06 0.999996 1.14982e-06 3.12508e-07 4.11269e-07 4.5781e-07 2.41991e-07
0.169918 0.0742783 0.0350233 0.043613 0.00711927 0.532908 0.13714
0.753292 0.167193 0.00207406 0.060692 0.000859678 0.0087724 0.00711741
