0.107011 0.745207 0.00602928 0.119176 0.00824137 0.00603634 0.00829991
0.177843 0.635019 0.00677269 0.151262 0.00539593 0.0134227 0.0102845
0.5391 0.17427 0.0285265 0.0746149 0.0167147 0.101565 0.0652083
0.0662184 0.214695 0.0377104 0.47006 0.0676533 0.0782524 0.0654108
0.909855 0.0555261 0.000804683 0.0267921 0.000440709 0.00430873 0.00227243
0.238674 0.202903 0.0271096 0.317245 0.0190304 0.096619 0.0984188
0.105374 0.126368 0.0351547 0.0525055 0.0503253 0.43254 0.197733
0.109909 0.706231 0.00454867 0.159721 0.00407581 0.00918058 0.00633383
0.118042 0.106802 0.0388889 0.0646406 0.0526676 0.375834 0.243125
0.0869598 0.110495 0.0570403 0.066423 0.198935 0.339475 0.140671
0.0545111 0.600854 0.00717788 0.313184 0.00595048 0.0109901 0.00733317
0.000203949 0.999381 7.95032e-05 0.00010142 6.62501e-05 5.08326e-05 0.000117212
0.0268245 0.860416 0.00140539 0.105518 0.00207427 0.00169885 0.00206216
0.136262 0.287947 0.0543026 0.126092 0.0630485 0.251903 0.0804443
2.00872e-06 0.999994 7.94338e-07 6.98896e-07 6.72995e-07 5.37589e-07 1.34537e-06
0.0898962 0.141132 0.0609169 0.265514 0.177876 0.171132 0.0935331
0.179206 0.522763 0.00793267 0.256106 0.00653913 0.0152131 0.0122408
8.88975e-07 0.999996 3.40469e-07 6.58563e-07 3.37487e-07 2.2987e-07 1.26439e-06
0.805288 0.0759228 0.00167183 0.109241 0.000935845 0.00354705 0.00339336
0.81297 0.148695 0.00083414 0.0304092 0.000678149 0.00357902 0.00283433
0.0133428 0.967736 0.00105766 0.01556 0.000722639 0.000939839 0.000640987
0.0854666 0.382047 0.00352782 0.512166 0.00569492 0.00644777 0.00465001
0.504884 0.109148 0.0214083 0.208261 0.0124658 0.0652691 0.0785633
0.251203 0.375268 0.00306393 0.359268 0.00282497 0.00448009 0.00389193
0.460159 0.459635 0.0038565 0.0492074 0.00284436 0.0178766 0.00642068
0.0966877 0.102853 0.0374922 0.046515 0.0840385 0.450094 0.182319
6.93896e-06 0.999984 1.39114e-06 1.578e-06 2.03104e-06 1.04709e-06 3.39914e-06
0.0751411 0.549662 0.0152614 0.296624 0.0176177 0.0316319 0.0140626
0.0610818 0.86982 0.0018252 0.0601032 0.00273984 0.00247876 0.00195109
0.00157275 0.99611 0.000470094 0.000198519 0.000720903 0.000286434 0.00064168
0.0810304 0.588007 0.0237583 0.21911 0.0264363 0.0419579 0.0196996
0.0539195 0.748763 0.00256109 0.177579 0.0072542 0.00536335 0.00455958
0.0989367 0.622416 0.0165664 0.192561 0.0226789 0.026807 0.0200334
0.0220874 0.878619 0.00453725 0.0773531 0.00603987 0.00596383 0.00539982
0.0639504 0.82757 0.00431943 0.0862684 0.00733334 0.00485299 0.00570557
0.478257 0.291132 0.0175076 0.0841317 0.0109977 0.052477 0.0654969
0.0255235 0.906945 0.00618969 0.0321644 0.00776455 0.00909529 0.0123171
0.677994 0.203852 0.0022422 0.103867 0.00154781 0.00515954 0.00533697
0.0322548 0.954479 0.00223939 0.00358415 0.00234143 0.00262195 0.00247905
0.104011 0.484322 0.00924366 0.356189 0.0105276 0.0211023 0.0146055
0.620295 0.265724 0.00224102 0.088424 0.00387059 0.00956066 0.00988423
0.00389864 0.994207 0.000254002 0.000835166 0.000302157 0.000230774 0.00027196
4.05238e-06 0.999987 1.12408e-06 3.16082e-06 1.46864e-06 1.12437e-06 1.92509e-06
0.0571989 0.688017 0.00607167 0.220892 0.00715069 0.0128636 0.00780573
0.0332891 0.928584 0.00235034 0.0270154 0.00279842 0.00263176 0.00333158
0.0450434 0.508291 0.0103646 0.377408 0.0185658 0.0268845 0.0134432
0.0963217 0.399957 0.0396495 0.129269 0.21629 0.0657593 0.0527535
0.091534 0.108857 0.0564026 0.115786 0.171914 0.30102 0.154487
0.0395734 0.424784 0.00537816 0.505213 0.00711298 0.0113131 0.00662439
0.039903 0.843689 0.00548842 0.086567 0.00586043 0.0123732 0.00611943
1.28531e-06 0.999996 3.60386e-07 4.43331e-07 3.00064e-07 2.64783e-07 8.20598e-07
0.040543 0.873793 0.00554162 0.062081 0.00550521 0.00560836 0.00692764
0.108102 0.576362 0.00434585 0.291979 0.0051103 0.00858024 0.00552009
0.0507555 0.695477 0.0023988 0.24195 0.00340095 0.00310575 0.00291213
0.0808159 0.8691 0.00258392 0.0401048 0.00249325 0.0022955 0.00260699
0.0599894 0.478814 0.0300131 0.318096 0.0448834 0.0357875 0.0324165
0.0776091 0.211417 0.0334865 0.280767 0.254531 0.0769674 0.0652228
0.000255958 0.999135 6.75972e-05 0.000131453 0.000174713 7.49686e-05 0.000160643
7.62543e-07 0.999996 3.52921e-07 4.20516e-07 6.93462e-07 5.21729e-07 8.535e-07
0.590826 0.287938 0.00386221 0.0953215 0.00341812 0.0100729 0.00856118
0.0639728 0.836078 0.00482111 0.0805036 0.00398872 0.00552806 0.00510798
0.188989 0.636034 0.00700271 0.110035 0.00701471 0.0398005 0.0111249
0.0234241 0.965609 0.00072235 0.00753141 0.0012053 0.000638706 0.000868911
0.447818 0.156918 0.0246873 0.168751 0.0170729 0.107965 0.0767887
0.0587963 0.744732 0.012629 0.138801 0.0119669 0.0202767 0.0127975
0.107544 0.119735 0.0309756 0.0438803 0.051363 0.495362 0.15114
4.21627e-05 0.999852 1.41269e-05 3.87911e-05 1.65009e-05 1.42173e-05 2.19223e-05
0.000153451 0.999697 2.68736e-05 3.57636e-05 3.86053e-05 2.213e-05 2.6036e-05
0.165333 0.448519 0.0208995 0.260074 0.0223667 0.0438554 0.0389524
0.169366 0.676786 0.00355386 0.125655 0.0111438 0.00768645 0.00580903
0.0786397 0.873105 0.000685757 0.0432147 0.00163404 0.00122328 0.00149706
0.246868 0.373344 0.0127163 0.305391 0.0102716 0.0308997 0.0205092
0.0523856 0.645544 0.00506528 0.278043 0.00407163 0.00893033 0.0059604
2.57083e-06 0.999993 5.48789e-07 1.05627e-06 8.52075e-07 3.63289e-07 1.27219e-06
0.0290511 0.940681 0.00230309 0.0159267 0.0019058 0.00402651 0.00610544
0.0940111 0.193156 0.0460881 0.247577 0.064228 0.165101 0.189839
0.126186 0.139116 0.0712246 0.187883 0.117375 0.217322 0.140893
0.0098947 0.905152 0.000601735 0.0774765 0.00371741 0.00150392 0.00165379
0.00620267 0.984113 0.000239827 0.00826514 0.000436997 0.000382572 0.000360301
1.56051e-05 0.999957 5.23924e-06 5.90263e-06 5.21884e-06 4.39806e-06 6.05981e-06
2.08661e-06 0.999995 3.81611e-07 7.86634e-07 4.52043e-07 1.9119e-07 4.50759e-07
0.149081 0.290217 0.0721882 0.0912764 0.0843998 0.200832 0.112005
0.000106044 0.999638 4.68058e-05 5.7405e-05 4.58705e-05 2.76908e-05 7.82461e-05
0.000387731 0.998878 7.2229e-05 0.000431433 7.28197e-05 7.81456e-05 7.98086e-05
7.20238e-06 0.999979 1.91917e-06 5.69006e-06 1.94354e-06 1.47933e-06 2.96937e-06
0.16624 0.113724 0.0334477 0.0697872 0.039768 0.376704 0.200329
0.20008 0.0916205 0.0415126 0.0745652 0.0617498 0.362312 0.16816
0.048355 0.86823 0.0050436 0.0596791 0.00494761 0.00811869 0.0056263
0.285646 0.128839 0.0445171 0.0785439 0.0352126 0.271785 0.155456
0.000594992 0.998531 0.000104515 0.000286782 0.000101206 0.000176607 0.000204693
0.00011132 0.999415 5.85948e-05 0.000101745 0.000101838 6.67995e-05 0.000144747
0.102847 0.109173 0.0360185 0.056745 0.0658827 0.418573 0.210761
0.126672 0.752228 0.0143446 0.0450342 0.0169283 0.0287052 0.0160872
0.0262663 0.889993 0.00115334 0.0781938 0.00234697 0.00104563 0.00100074
0.254143 0.347431 0.0374137 0.0656125 0.0431763 0.167915 0.0843081
3.07147e-05 0.999851 9.24808e-06 5.25483e-05 1.61076e-05 1.34443e-05 2.71559e-05
0.106903 0.307769 0.0210063 0.456745 0.0347592 0.0410747 0.0317422
0.340438 0.603003 0.00213955 0.0403465 0.00321642 0.00535974 0.00549706
0.191944 0.52034 0.00961434 0.216433 0.0097898 0.0333074 0.0185715
0.580098 0.0907419 0.0107696 0.254743 0.00608118 0.0338343 0.0237318
0.0568783 0.414824 0.0225768 0.210645 0.22999 0.0357367 0.0293494
0.299981 0.219164 0.0231201 0.070587 0.0169481 0.260671 0.109529
0.250556 0.13265 0.0420166 0.137249 0.0344574 0.219984 0.183088
0.364191 0.608228 0.00197072 0.0138549 0.0019921 0.00702226 0.00274084
0.000584585 0.998201 0.00015184 0.000465878 0.000271327 0.000159661 0.000165689
0.378909 0.115694 0.0274781 0.101634 0.0206075 0.197463 0.158214
0.134587 0.193688 0.0669784 0.118785 0.0868834 0.197565 0.201514
0.000121257 0.999688 2.35417e-05 8.7575e-05 3.35953e-05 2.11003e-05 2.52237e-05
0.205515 0.747364 0.00193462 0.0353043 0.00238851 0.0042041 0.00328874
2.10357e-05 0.999927 1.03976e-05 1.12696e-05 7.25237e-06 4.79287e-06 1.78615e-05
0.0194641 0.793621 0.00345318 0.172776 0.00333467 0.00425615 0.00309489
1.6525e-06 0.999995 5.89247e-07 7.72421e-07 5.14014e-07 3.94212e-07 1.31617e-06
0.0212677 0.8982 0.00303072 0.0651816 0.00283358 0.00617179 0.00331421
1.10954e-05 0.999967 3.1975e-06 5.92308e-06 4.01392e-06 1.8919e-06 6.94869e-06
5.00472e-07 0.999999 2.28176e-07 1.64289e-07 1.10294e-07 1.12999e-07 2.11421e-07
0.00049051 0.999145 5.60401e-05 5.2356e-05 7.93153e-05 4.96822e-05 0.000126768
0.170683 0.101202 0.0321851 0.0820126 0.0453626 0.355028 0.213527
2.10765e-05 0.999957 3.89405e-06 5.39256e-06 4.1978e-06 2.53964e-06 6.3491e-06
0.117769 0.12613 0.0519297 0.270648 0.0624513 0.152684 0.218388
0.125586 0.576488 0.0286682 0.137015 0.0263595 0.0661271 0.0397559
0.000495204 0.997731 0.000197217 0.000571421 0.00032595 0.000223376 0.000455633
0.262931 0.631063 0.00279906 0.0907269 0.00321275 0.0043532 0.00491345
0.0648918 0.438489 0.0236651 0.353149 0.0631 0.0350507 0.0216538
4.41041e-06 0.999986 1.30977e-06 3.16134e-06 1.41424e-06 1.2181e-06 2.71828e-06
0.00747703 0.972756 0.00087481 0.014919 0.00121026 0.00107732 0.00168536
0.0526137 0.692183 0.00361067 0.23211 0.00518453 0.00651073 0.00778791
0.00019188 0.998799 9.25799e-05 0.000433637 0.00016922 0.000164418 0.000148737
0.0432043 0.717222 0.00761053 0.201231 0.0114175 0.0105608 0.00875357
0.112634 0.835084 0.00169494 0.0442475 0.00258445 0.00175128 0.00200375
2.69331e-05 0.999912 1.18661e-05 8.72561e-06 1.37752e-05 9.82866e-06 1.64648e-05
0.000811614 0.99764 0.000210431 0.000453027 0.000224605 0.000173759 0.00048717
6.79227e-06 0.999982 1.83774e-06 3.1988e-06 1.92034e-06 1.3948e-06 2.83398e-06
0.0422536 0.745372 0.00274043 0.19915 0.00415157 0.00297009 0.00336246
0.0308599 0.857958 0.00147195 0.105297 0.00162931 0.00125449 0.00152979
0.734994 0.113894 0.00512303 0.0879088 0.00326241 0.0375394 0.0172783
0.501679 0.285445 0.00467542 0.162883 0.00513392 0.0247251 0.0154582
9.90679e-06 0.999978 2.13647e-06 3.63377e-06 2.2059e-06 1.32748e-06 2.77322e-06
0.00419737 0.989834 0.00118708 0.000971424 0.0012675 0.00108868 0.00145428
8.28366e-06 0.999975 2.12702e-06 5.84025e-06 2.99562e-06 1.65116e-06 3.96896e-06
3.93356e-06 0.999991 7.54366e-07 1.15301e-06 9.83906e-07 7.7937e-07 1.18698e-06
0.241554 0.107899 0.0528948 0.139473 0.0557487 0.222558 0.179872
0.198107 0.319572 0.0309541 0.144928 0.0365508 0.191956 0.0779329
1.082e-05 0.999976 2.35589e-06 3.5525e-06 3.04373e-06 2.05409e-06 2.1778e-06
7.19359e-06 0.999979 2.73378e-06 1.5682e-06 2.42641e-06 1.66662e-06 5.11388e-06
0.0445501 0.940365 0.00156482 0.00858613 0.00164537 0.00150315 0.00178545
0.157552 0.127932 0.0659449 0.192363 0.0685372 0.217293 0.170378
0.000262125 0.998631 0.000125302 0.000410168 0.000220816 0.00018352 0.000166649
0.423401 0.220457 0.0249321 0.0812742 0.0187824 0.128022 0.103132
0.0100016 0.975413 0.00184404 0.00318316 0.00375759 0.00180203 0.00399839
0.622022 0.28581 0.00660503 0.0529174 0.00426182 0.017835 0.0105484
3.17814e-05 0.999909 6.59823e-06 3.16845e-05 7.56684e-06 7.08685e-06 6.74123e-06
0.242492 0.197893 0.0251614 0.049547 0.0251201 0.33882 0.120966
0.0241113 0.94754 0.00416826 0.00797783 0.00617602 0.00451598 0.00551098
0.454169 0.39791 0.0108241 0.0547449 0.0125898 0.052664 0.0170984
0.027721 0.944832 0.00267005 0.0169446 0.00232574 0.00308945 0.00241704
0.145599 0.558612 0.0117024 0.201327 0.0153197 0.0450046 0.0224364
0.339547 0.126494 0.0430936 0.108871 0.0260685 0.186336 0.16959
0.0715997 0.718569 0.0152531 0.132741 0.0223909 0.0197911 0.019655
0.0869059 0.144071 0.064788 0.10832 0.203122 0.285941 0.106852
0.133344 0.195967 0.0571242 0.0766988 0.0854773 0.344433 0.106955
0.0589981 0.824755 0.00972239 0.0759673 0.0119462 0.0112413 0.00736997
0.0568669 0.648405 0.0108742 0.241879 0.0132155 0.016397 0.0123622
0.120137 0.151484 0.0204109 0.0357388 0.03023 0.531137 0.110863
0.00111013 0.995521 0.000525216 0.000841329 0.000711331 0.000619784 0.000671382
9.81769e-05 0.999599 4.85629e-05 6.67035e-05 6.57708e-05 3.19143e-05 9.00252e-05
0.752491 0.188179 0.00337377 0.0388574 0.00261334 0.00844631 0.00603896
3.26364e-06 0.999991 1.05062e-06 1.19672e-06 8.99307e-07 5.42929e-07 1.71578e-06
0.105761 0.113073 0.0706473 0.102022 0.180451 0.253907 0.174139
0.00390742 0.988505 0.000471729 0.00528424 0.000673331 0.000540795 0.000617877
0.162391 0.407737 0.0259787 0.198623 0.0254954 0.108346 0.071429
0.0467981 0.851203 0.00382904 0.0859271 0.00337022 0.00482136 0.00405133
0.143677 0.471533 0.00796943 0.332853 0.00824576 0.0206935 0.0150271
0.000370641 0.998888 0.000115032 0.000208924 0.000153519 8.31761e-05 0.000180803
0.0523811 0.539527 0.0141249 0.335516 0.0184952 0.0246278 0.0153288
0.104836 0.76176 0.00597041 0.105635 0.00469227 0.0115037 0.0056032
3.47552e-05 0.999917 7.67569e-06 1.74347e-05 8.66958e-06 6.67088e-06 8.2324e-06
0.0733227 0.647031 0.00112994 0.270501 0.00257975 0.0028948 0.00254081
0.353107 0.192262 0.0222693 0.280857 0.015604 0.0696816 0.0662194
0.0371651 0.93093 0.00078971 0.0276059 0.0011959 0.00118001 0.0011331
0.369508 0.530382 0.00998705 0.0552883 0.00682774 0.0160038 0.0120033
0.000194425 0.999541 4.39555e-05 9.0986e-05 5.09218e-05 2.75524e-05 5.1329e-05
0.559168 0.110528 0.0166004 0.159979 0.0123085 0.0818186 0.0595975
0.115211 0.544675 0.00362045 0.323018 0.00420963 0.00549634 0.0037695
0.000281052 0.99898 0.000121946 0.000205298 0.00014132 0.000124832 0.00014509
0.673293 0.19426 0.0143996 0.053778 0.00657788 0.0368964 0.020795
1.07405e-05 0.999962 4.16981e-06 5.51707e-06 4.6901e-06 2.58805e-06 1.0723e-05
6.91639e-05 0.999787 1.30722e-05 7.95241e-05 1.93822e-05 1.34662e-05 1.86274e-05
0.00688451 0.98182 0.00125239 0.00589683 0.00145997 0.00126153 0.00142492
0.0177416 0.761996 0.00237652 0.209296 0.00270381 0.00318649 0.00269923
0.830401 0.111683 0.0028013 0.0342307 0.00164535 0.0115296 0.00770825
0.00167834 0.994517 0.000728503 0.000439379 0.000991485 0.000580072 0.00106493
0.241649 0.113086 0.0392636 0.140517 0.0327049 0.239405 0.193375
0.138208 0.240986 0.051675 0.119299 0.0636194 0.238004 0.148209
0.369373 0.426993 0.0210996 0.0389276 0.0174345 0.0788786 0.0472944
0.256309 0.578817 0.0121542 0.101001 0.00826122 0.030783 0.0126741
0.0112608 0.973431 0.000700528 0.0120544 0.00103384 0.000727693 0.00079203
8.51005e-05 0.999772 2.33922e-05 4.20358e-05 2.64786e-05 2.21963e-05 2.87002e-05
0.084842 0.855915 0.00284434 0.0438658 0.00495091 0.00430969 0.00327227
4.46366e-06 0.999988 1.30997e-06 1.65534e-06 1.63713e-06 8.8723e-07 1.97422e-06
0.0752352 0.548659 0.0123993 0.297984 0.0168548 0.0321784 0.0166892
0.115428 0.135468 0.0327594 0.045245 0.0534324 0.488975 0.128693
0.133728 0.623052 0.0293856 0.0912088 0.0193973 0.0333687 0.0698595
3.00263e-06 0.999992 1.1018e-06 1.15878e-06 1.12863e-06 9.54177e-07 1.23048e-06
0.0482389 0.907377 0.00347165 0.0298621 0.00455508 0.0028636 0.00363178
0.276884 0.593478 0.00594916 0.0995009 0.00419664 0.0117443 0.00824698
0.247073 0.465469 0.0219184 0.125276 0.0197829 0.0708037 0.049676
7.79345e-05 0.99977 2.14046e-05 4.70283e-05 2.60979e-05 1.59053e-05 4.15999e-05
0.157098 0.13022 0.0409402 0.386877 0.0532891 0.111947 0.119629
0.00258364 0.990105 0.00109377 0.00156231 0.00188135 0.000807512 0.00196596
5.51887e-06 0.999983 1.60975e-06 1.92212e-06 1.85414e-06 1.55226e-06 4.06901e-06
0.7009 0.107374 0.00267451 0.172634 0.0014133 0.00816016 0.00684458
1.09462e-05 0.999921 8.2259e-06 8.57654e-06 1.75773e-05 1.36372e-05 2.03386e-05
1.83309e-06 0.999995 5.55551e-07 4.75736e-07 5.17831e-07 2.48851e-07 1.30847e-06
0.0455871 0.810975 0.0080329 0.109699 0.00713976 0.0106595 0.00790676
0.284213 0.330162 0.0309547 0.0844759 0.0380321 0.174008 0.0581545
0.0173184 0.54125 0.00150611 0.435183 0.00149469 0.00226186 0.000986123
0.0395993 0.532275 0.00852717 0.377908 0.0156097 0.016791 0.00928976
3.25688e-05 0.999906 7.16429e-06 2.30116e-05 1.37931e-05 8.07743e-06 9.17145e-06
0.115927 0.205907 0.071154 0.222795 0.102958 0.159136 0.122124
1.7362e-06 0.999993 7.09411e-07 1.01572e-06 7.2986e-07 5.67854e-07 1.71713e-06
0.46477 0.365616 0.0172314 0.0790946 0.0144926 0.0299147 0.02888
0.0791909 0.708711 0.016489 0.127958 0.0145959 0.0357526 0.0173021
0.550156 0.113427 0.0230586 0.0956879 0.0131953 0.109855 0.0946193
6.56416e-05 0.999783 2.40272e-05 3.72049e-05 3.17006e-05 1.91314e-05 3.88077e-05
2.44493e-06 0.999992 1.08109e-06 8.72644e-07 8.00754e-07 5.92858e-07 2.01656e-06
5.99275e-05 0.9999 6.9164e-06 8.90193e-06 1.02255e-05 5.30498e-06 8.09649e-06
0.253049 0.254552 0.0188386 0.320733 0.0151288 0.0640918 0.0736068
0.0308894 0.597937 0.00561368 0.351412 0.00412098 0.00621756 0.00380899
0.123355 0.787301 0.00406839 0.0713289 0.00448565 0.00392333 0.00553739
0.0655019 0.89766 0.00184016 0.027633 0.00237649 0.00349236 0.00149594
0.0893777 0.649623 0.0364516 0.0913916 0.0382771 0.0584248 0.0364541
0.104619 0.800493 0.00262079 0.082586 0.00343904 0.0032895 0.00295189
0.181186 0.234679 0.0344524 0.226279 0.0320118 0.129243 0.16215
0.000735967 0.99772 0.000265715 0.000359182 0.000388464 0.000253651 0.000276864
0.0186653 0.814191 0.00291079 0.153302 0.00332415 0.00503691 0.00256947
0.30661 0.128521 0.0373653 0.108695 0.0254093 0.192415 0.200984
0.213045 0.690049 0.00304316 0.0765091 0.00709719 0.00532681 0.00492928
0.0121763 0.954205 0.00131516 0.0276499 0.00246331 0.00108143 0.00110914
0.0542648 0.91873 0.00425111 0.00793201 0.00663773 0.0045473 0.0036372
0.0403047 0.50774 0.00877077 0.403575 0.0135638 0.0152148 0.0108309
0.0806734 0.742894 0.00645859 0.145552 0.0083605 0.00759038 0.0084712
0.0735727 0.832683 0.00176841 0.083693 0.00254292 0.00276185 0.00297814
0.183752 0.692848 0.00236291 0.11287 0.00244601 0.00259251 0.00312828
0.114667 0.559487 0.0078628 0.27516 0.0062597 0.0216757 0.0148879
2.24239e-05 0.999939 6.54156e-06 1.57978e-05 6.14548e-06 4.31954e-06 5.90778e-06
0.062219 0.880114 0.003405 0.0397633 0.0054096 0.0045044 0.00458456
7.14183e-05 0.999759 3.23016e-05 1.47496e-05 3.49114e-05 1.93488e-05 6.80278e-05
0.103098 0.314514 0.0900459 0.11185 0.13034 0.14872 0.101432
5.4853e-06 0.999975 3.16561e-06 3.69949e-06 2.86654e-06 2.38371e-06 7.76327e-06
0.0374269 0.775109 0.00648673 0.151885 0.00691758 0.0144283 0.00774651
0.135374 0.15591 0.0576169 0.204797 0.120737 0.153693 0.171872
0.128888 0.159557 0.0575317 0.125073 0.0628392 0.25948 0.20663
0.191307 0.421678 0.0288634 0.22639 0.0236187 0.0607658 0.0473768
0.0223854 0.777627 0.00197167 0.190917 0.00305752 0.00245131 0.00159014
0.00478068 0.98967 0.000311467 0.00395648 0.000511905 0.000362006 0.000407479
2.47179e-05 0.999953 4.82456e-06 8.07353e-06 3.31153e-06 2.77831e-06 3.38598e-06
0.0972695 0.0944807 0.0416181 0.0617777 0.0858738 0.401129 0.217852
0.101869 0.313362 0.019842 0.457948 0.0301526 0.0424492 0.0343766
0.0143709 0.939043 0.0011724 0.0409955 0.00150981 0.001236 0.00167254
0.0207361 0.939112 0.00122162 0.0343707 0.00189606 0.00129239 0.00137075
0.063523 0.563214 0.00969397 0.31756 0.0149164 0.0178683 0.0132237
0.000175774 0.999553 3.4505e-05 0.000120088 3.81851e-05 4.01543e-05 3.87046e-05
1.69776e-05 0.999957 3.65111e-06 9.98715e-06 3.72756e-06 3.84041e-06 4.76765e-06
4.93747e-06 0.999986 1.44845e-06 2.10222e-06 1.58494e-06 1.14198e-06 3.25021e-06
0.0161214 0.907947 0.0020343 0.0666712 0.00228832 0.00271165 0.00222589
1.27004e-06 0.999995 4.36154e-07 7.01863e-07 4.99713e-07 2.80691e-07 1.64569e-06
0.0701348 0.592288 0.0079958 0.291192 0.00755389 0.0184957 0.0123403
0.00751148 0.971916 0.0032196 0.0049637 0.00317928 0.00370655 0.00550336
0.0280776 0.536928 0.00436168 0.405814 0.00654865 0.0106061 0.00766307
0.218775 0.462194 0.0112117 0.222557 0.00904381 0.0199584 0.0562596
0.158456 0.185302 0.0424687 0.0598722 0.0675825 0.387321 0.0989978
0.0013388 0.995759 0.000358642 0.00116725 0.000474004 0.000444338 0.000458475
0.000260669 0.99951 2.95825e-05 2.96293e-05 6.12164e-05 2.56659e-05 8.31279e-05
0.0177471 0.81769 0.00130883 0.158607 0.00176821 0.00172678 0.00115197
0.000531722 0.998831 9.71557e-05 0.000158462 0.000131834 0.000111183 0.000138464
0.0202832 0.770677 0.00145354 0.202666 0.00131423 0.00210872 0.00149752
0.0354903 0.765357 0.00558647 0.171694 0.0078324 0.00795393 0.00608618
8.67479e-05 0.999774 2.28566e-05 3.08544e-05 3.17068e-05 2.07696e-05 3.30009e-05
3.27416e-06 0.999987 9.80414e-07 3.31771e-06 1.19058e-06 8.95138e-07 3.21275e-06
0.000401592 0.998953 0.000106919 0.000181707 0.000157749 7.37648e-05 0.000125503
0.00320733 0.989917 0.000875985 0.00213726 0.00123849 0.00158548 0.0010381
0.088165 0.609535 0.0207556 0.169965 0.0217228 0.0604934 0.0293631
0.333833 0.450083 0.018817 0.0605748 0.0174573 0.0544275 0.0648074
0.651332 0.0990569 0.015436 0.0910279 0.00821187 0.0702465 0.0646885
0.000965841 0.996754 0.000153502 0.00166556 0.000146368 0.000186741 0.000128474
4.80803e-06 0.999987 1.16728e-06 3.03905e-06 1.29073e-06 1.01324e-06 1.87112e-06
0.17154 0.785889 0.00333558 0.0224063 0.00551763 0.00422076 0.00709104
0.0223633 0.774497 0.00129034 0.197081 0.00141747 0.00207607 0.00127464
4.71161e-06 0.999985 1.67083e-06 2.48972e-06 1.95258e-06 1.30911e-06 3.13992e-06
0.00056915 0.998307 0.000205701 0.000211446 0.00022279 0.000123969 0.000360007
0.0430942 0.758564 0.0115648 0.148038 0.0117718 0.015351 0.0116163
4.70353e-06 0.999981 2.57297e-06 1.88042e-06 2.74065e-06 1.97879e-06 4.83649e-06
0.351641 0.316267 0.0266255 0.10058 0.0280374 0.114166 0.0626831
0.153134 0.1565 0.054947 0.0933348 0.0721736 0.289796 0.180115
0.0229932 0.825718 0.00266375 0.139593 0.00239955 0.00410694 0.00252568
2.25805e-05 0.999934 7.84738e-06 8.01856e-06 1.05961e-05 7.25518e-06 9.54515e-06
2.61472e-06 0.999992 9.91264e-07 1.08904e-06 8.13222e-07 6.11188e-07 1.70732e-06
0.0884238 0.777819 0.00420382 0.113198 0.00423784 0.00681694 0.00530066
0.000519058 0.998403 0.000171218 0.000420485 0.000173613 0.000131109 0.000180895
0.109992 0.198031 0.0550945 0.130333 0.247753 0.132681 0.126115
0.216603 0.558855 0.0181152 0.129269 0.0128049 0.0381537 0.0261989
0.0162785 0.943788 0.00343642 0.0213905 0.0059786 0.00536954 0.00375862
0.108325 0.776166 0.00683982 0.0825622 0.00780818 0.010294 0.00800476
0.184409 0.128945 0.0414529 0.245593 0.0300182 0.160954 0.208629
0.105616 0.640271 0.00834107 0.208295 0.00838293 0.0175648 0.0115286
0.0566513 0.718917 0.0147496 0.159463 0.0135617 0.0221074 0.0145495
0.0169132 0.947858 0.00220583 0.0238093 0.00357429 0.0024317 0.00320716
0.000146603 0.999742 2.48757e-05 1.63023e-05 3.03601e-05 1.4581e-05 2.51101e-05
2.84026e-05 0.999923 6.38113e-06 1.49333e-05 1.1583e-05 5.13675e-06 1.10175e-05
0.039502 0.869764 0.00148029 0.0853061 0.00128154 0.00127177 0.00139454
0.667394 0.0913834 0.0154881 0.130778 0.00734706 0.0429633 0.0446463
0.14424 0.270599 0.0152418 0.470107 0.012084 0.0405167 0.0472118
4.40481e-06 0.999986 1.55381e-06 2.25497e-06 1.6921e-06 1.29772e-06 3.20406e-06
0.0987339 0.641864 0.0154205 0.177428 0.0153825 0.0315954 0.0195756
1.22426e-05 0.999973 2.0798e-06 4.11647e-06 3.32752e-06 1.47349e-06 3.28097e-06
0.11179 0.103228 0.0458847 0.378242 0.108913 0.151222 0.10072
0.0426379 0.77995 0.00262499 0.164511 0.00437905 0.00292582 0.00297196
0.55727 0.152518 0.0248463 0.0606863 0.01566 0.136071 0.0529488
0.00172619 0.995321 0.000273752 0.00161863 0.000324403 0.000290919 0.000445253
0.00393367 0.993491 0.000476957 0.000281994 0.00069089 0.000332149 0.000793672
0.113996 0.119542 0.0446721 0.0700357 0.0698453 0.363239 0.21867
0.183693 0.356616 0.0132349 0.371085 0.0108275 0.0232964 0.041247
0.000243196 0.999636 2.03097e-05 4.17417e-05 2.36972e-05 1.7558e-05 1.76207e-05
0.0187088 0.938354 0.00123862 0.0381068 0.00141798 0.00115547 0.00101817
0.00644416 0.990073 0.000499026 0.00129256 0.000622985 0.000328417 0.000739816
0.0946886 0.727125 0.00795406 0.139191 0.00959566 0.0121665 0.00927902
0.232484 0.534286 0.014038 0.135665 0.0126591 0.0325888 0.0382796
8.61081e-05 0.999738 3.48323e-05 3.65607e-05 3.37226e-05 1.36955e-05 5.68454e-05
0.0995841 0.143178 0.0716978 0.102049 0.169395 0.291843 0.122253
0.74443 0.122921 0.0118776 0.04745 0.00536686 0.0389691 0.0289855
4.85525e-06 0.99999 1.19299e-06 7.65302e-07 1.15065e-06 6.6655e-07 1.77282e-06
0.0249056 0.898964 0.00303515 0.0592886 0.00428581 0.00480812 0.00471276
4.82277e-06 0.999984 1.77942e-06 2.61054e-06 1.91625e-06 1.42778e-06 3.08421e-06
0.0400467 0.7928 0.00596636 0.131397 0.0066378 0.0158974 0.00725501
0.00517366 0.987249 0.000362984 0.00618757 0.000302023 0.000371156 0.000353237
0.000142261 0.999414 6.64994e-05 0.000130717 8.39361e-05 7.69853e-05 8.59705e-05
0.0464392 0.401023 0.0107936 0.49371 0.0161543 0.019784 0.0120953
0.734876 0.106027 0.00222495 0.13895 0.00161084 0.00801696 0.00829402
9.32065e-05 0.999749 2.7102e-05 1.89375e-05 4.3775e-05 2.05276e-05 4.71122e-05
0.0334262 0.928078 0.00310292 0.0237053 0.00387243 0.00353349 0.00428218
2.29483e-05 0.999931 7.58917e-06 9.01282e-06 8.3441e-06 5.14115e-06 1.60289e-05
1.97944e-05 0.99996 2.49329e-06 7.03694e-06 3.66197e-06 2.72867e-06 4.13943e-06
0.208661 0.608253 0.0205458 0.0745115 0.0192579 0.0461816 0.0225887
0.0421687 0.671786 0.00277777 0.273087 0.00308916 0.0039999 0.00309065
0.0360848 0.841887 0.00574984 0.0950007 0.00490975 0.00961663 0.00675087
0.0755012 0.687335 0.00428845 0.210563 0.00742715 0.0073689 0.00751624
0.017245 0.891478 0.00247079 0.0773987 0.00282875 0.00573539 0.00284304
0.000594171 0.998955 5.59769e-05 0.000146064 9.56767e-05 5.40836e-05 9.91102e-05
0.0017435 0.997118 0.000198717 0.000353387 0.000205193 0.000174286 0.00020743
0.0997655 0.853658 0.00103147 0.0409011 0.00122111 0.00160066 0.00182257
0.363964 0.347609 0.0236599 0.0545541 0.0254821 0.117133 0.0675972
0.176036 0.157687 0.0482956 0.0759774 0.0519926 0.333898 0.156113
0.0412277 0.923279 0.00222414 0.0263345 0.00230019 0.00227607 0.00235862
8.40416e-05 0.999748 2.95427e-05 3.19216e-05 3.14379e-05 1.62204e-05 5.90722e-05
0.866334 0.0933368 0.00107505 0.0294407 0.000524551 0.00643634 0.00285264
0.233558 0.110138 0.0364189 0.0862904 0.0356043 0.305376 0.192614
2.86415e-05 0.99993 8.9201e-06 5.24125e-06 9.10889e-06 5.67486e-06 1.21138e-05
0.903314 0.0477433 0.00160975 0.0368794 0.000740842 0.00602451 0.00368856
0.216867 0.132202 0.0427683 0.147397 0.0286759 0.180027 0.252063
0.036751 0.758466 0.00598687 0.168169 0.00705475 0.0147886 0.00878362
0.00928699 0.947277 0.000451978 0.0400306 0.00154146 0.000774249 0.000637959
0.216621 0.302415 0.0320225 0.16402 0.0274435 0.180603 0.0768743
0.0284563 0.921496 0.00120589 0.0440144 0.00163809 0.0015323 0.0016573
0.415032 0.254444 0.00958906 0.248115 0.00689859 0.0231062 0.0428145
0.110742 0.298154 0.0575722 0.267932 0.0602346 0.109302 0.0960634
7.1683e-06 0.999975 2.28464e-06 7.79361e-06 2.29598e-06 1.92486e-06 3.48229e-06
0.177892 0.111737 0.0335178 0.0648439 0.0390473 0.389646 0.183316
4.28581e-06 0.999986 1.75049e-06 1.76045e-06 1.78261e-06 1.08025e-06 3.43894e-06
0.0248046 0.928003 0.00107819 0.0427276 0.0011751 0.00129153 0.000920075
0.0412775 0.681522 0.0107369 0.223719 0.0145141 0.0173318 0.0108981
4.65932e-05 0.999828 1.67214e-05 4.63315e-05 2.03858e-05 1.84223e-05 2.38514e-05
0.123242 0.513624 0.00358556 0.339776 0.00431152 0.00912031 0.00634052
2.09672e-06 0.999992 8.11391e-07 1.53741e-06 7.84256e-07 6.75365e-07 1.75023e-06
0.598864 0.1446 0.0136466 0.161121 0.00826809 0.042169 0.0313311
0.30921 0.58849 0.00949966 0.0490022 0.00845644 0.0265453 0.00879698
0.0593208 0.779499 0.00850424 0.121995 0.00685185 0.0147363 0.00909301
0.141448 0.159494 0.0337306 0.456757 0.0378881 0.0742168 0.0964653
0.0601493 0.664236 0.00986869 0.224287 0.0109302 0.0173005 0.0132287
0.344209 0.623653 0.00083988 0.0274427 0.000808333 0.00148056 0.00156629
0.0776176 0.850459 0.00215283 0.0596557 0.00420912 0.00306389 0.00284146
8.15342e-06 0.999971 2.0795e-06 4.21453e-06 3.01556e-06 1.79058e-06 1.02141e-05
1.5619e-05 0.999963 3.18808e-06 7.8182e-06 3.53813e-06 3.24343e-06 3.03983e-06
0.197807 0.133558 0.0381586 0.122109 0.0324923 0.225281 0.250593
4.35348e-06 0.999987 1.54739e-06 1.63369e-06 1.54511e-06 1.04391e-06 2.52782e-06
1.75264e-05 0.999944 7.9846e-06 8.5311e-06 7.41946e-06 5.94806e-06 8.84766e-06
0.0315512 0.663396 0.00318658 0.28968 0.00356851 0.00492239 0.00369548
0.372145 0.340073 0.0101274 0.232755 0.00746554 0.0195843 0.0178508
1.54761e-05 0.999969 2.27878e-06 5.88064e-06 2.68583e-06 2.14104e-06 2.04309e-06
6.33296e-06 0.999983 1.74338e-06 2.39338e-06 2.08294e-06 1.44414e-06 2.57765e-06
0.000651736 0.997884 0.000101079 0.00104827 0.000122391 0.000109226 8.34467e-05
0.000229317 0.999577 4.47138e-05 4.32918e-05 3.60229e-05 2.4816e-05 4.5085e-05
0.00148075 0.992859 0.00083491 0.00143276 0.00121998 0.000694411 0.00147767
0.0299292 0.732602 0.00379873 0.220315 0.00441258 0.005428 0.00351443
1.70857e-05 0.999951 4.5361e-06 9.3677e-06 5.21956e-06 3.63403e-06 8.9131e-06
0.00756989 0.9731 0.00198397 0.00961716 0.00240434 0.0027442 0.00258013
0.0021053 0.995693 0.000410094 0.000345624 0.000702096 0.000294025 0.00044962
0.0971369 0.508595 0.0133467 0.314022 0.0142591 0.0326391 0.0200015
1.12388e-05 0.999951 6.60219e-06 4.21784e-06 8.12283e-06 3.28261e-06 1.51079e-05
6.50931e-05 0.999828 1.28683e-05 3.69469e-05 1.78259e-05 1.26581e-05 2.61369e-05
0.0402418 0.634779 0.0070223 0.277052 0.0108873 0.0210002 0.00901691
0.0343565 0.705597 0.00509286 0.222546 0.00733387 0.0174968 0.00757717
0.000950012 0.996896 0.000254537 0.000432764 0.000474591 0.000530078 0.000462003
0.000370081 0.99945 5.67944e-05 1.73599e-05 3.70183e-05 2.01663e-05 4.82033e-05
9.5419e-05 0.999743 1.84009e-05 3.68416e-05 4.13623e-05 2.86384e-05 3.66739e-05
0.764162 0.133987 0.00800595 0.0597865 0.00453246 0.0179167 0.0116103
7.82415e-06 0.999979 2.0878e-06 2.90619e-06 2.99365e-06 1.70257e-06 3.46611e-06
0.000791997 0.998109 0.00016335 0.000315809 0.000304018 0.000130048 0.000186315
2.32985e-05 0.999931 5.43367e-06 1.99321e-05 5.81562e-06 5.41234e-06 8.65218e-06
0.0127175 0.973278 0.00108456 0.00814139 0.00149747 0.00117874 0.00210261
0.118627 0.121177 0.039588 0.0792604 0.0563136 0.407247 0.177787
5.23607e-05 0.999702 2.57787e-05 6.98936e-05 5.37117e-05 3.88631e-05 5.70782e-05
0.000577313 0.998791 0.000132387 7.17552e-05 0.000185294 8.65484e-05 0.000156064
0.148502 0.752361 0.00368897 0.0814246 0.00507596 0.00438649 0.00456094
0.0427844 0.595618 0.0122874 0.284649 0.0178267 0.0305042 0.0163308
1.16818e-05 0.999968 2.83916e-06 2.73593e-06 4.17396e-06 2.36269e-06 8.10074e-06
4.13921e-06 0.999984 1.65892e-06 2.83723e-06 1.50579e-06 1.14186e-06 4.1835e-06
0.246319 0.701649 0.00170968 0.0434848 0.00202684 0.00209376 0.00271745
0.180035 0.739393 0.00862514 0.0337858 0.0103786 0.0162615 0.0115214
2.65533e-07 0.999999 8.82552e-08 1.40101e-07 6.60333e-08 6.796e-08 1.88196e-07
0.00665309 0.983648 0.000711817 0.00706584 0.000825903 0.000564938 0.000529979
0.0256264 0.630289 0.0031594 0.32851 0.00306889 0.00588683 0.00345923
0.931029 0.0287255 0.00110237 0.0310515 0.000504701 0.00452674 0.00306022
6.39993e-05 0.999817 2.01192e-05 2.07373e-05 3.53149e-05 1.81576e-05 2.48196e-05
0.876658 0.0744408 0.00117778 0.0359038 0.000786817 0.00728653 0.00374593
0.0667762 0.874015 0.00128012 0.0479328 0.00266706 0.00207756 0.00525121
0.109722 0.187709 0.0641859 0.244842 0.0923129 0.150538 0.150691
0.033632 0.959833 0.000777248 0.00301568 0.000880839 0.00107823 0.000782923
0.000855784 0.998087 0.000168834 0.000148156 0.00031578 0.000140392 0.000283962
4.57104e-06 0.999986 2.02829e-06 1.77534e-06 1.77944e-06 1.67061e-06 2.41171e-06
1.60324e-05 0.999949 6.11689e-06 4.50668e-06 7.57245e-06 3.1085e-06 1.40434e-05
0.916543 0.0557952 0.000933753 0.0207909 0.000417226 0.00383391 0.0016854
0.0246223 0.947407 0.000715529 0.0232664 0.00129411 0.00142387 0.0012713
0.000868587 0.997599 9.26475e-05 0.000920015 0.000264547 9.54018e-05 0.000159311
8.58671e-06 0.999973 4.22485e-06 2.89741e-06 3.10062e-06 2.3932e-06 6.3018e-06
0.0612877 0.775477 0.00781081 0.125377 0.00810831 0.0139739 0.00796502
0.162209 0.456537 0.00928452 0.298663 0.0106116 0.0420067 0.0206887
0.150392 0.761125 0.00452712 0.0554515 0.0040342 0.0181327 0.00633756
6.03876e-05 0.999834 1.83284e-05 3.51798e-05 1.53828e-05 1.43533e-05 2.2369e-05
0.368542 0.131678 0.0242358 0.184075 0.0202979 0.150229 0.120942
0.000107505 0.999709 4.29367e-05 2.21808e-05 4.30048e-05 2.20998e-05 5.35058e-05
0.0488803 0.916962 0.00306816 0.0203324 0.00383775 0.00305588 0.00386326
2.11032e-06 0.999994 9.76777e-07 5.99143e-07 6.41996e-07 3.77264e-07 1.49933e-06
0.00017139 0.999619 4.32008e-05 2.90306e-05 4.39851e-05 2.6566e-05 6.70769e-05
0.00986886 0.980921 0.00147431 0.00271112 0.00160814 0.0013723 0.00204463
0.350539 0.465361 0.00217983 0.171796 0.00205056 0.00477482 0.00329914
0.821504 0.117096 0.00235478 0.0327324 0.00177265 0.0174849 0.00705501
0.0337904 0.902125 0.00210009 0.0495698 0.00526504 0.0035405 0.0036089
0.100607 0.641028 0.0126066 0.118632 0.0210111 0.0843279 0.0217873
3.04428e-05 0.999906 1.04911e-05 2.63769e-05 6.51218e-06 6.38809e-06 1.33698e-05
1.06582e-05 0.99997 3.6281e-06 4.29051e-06 2.82281e-06 1.89516e-06 6.5069e-06
5.05188e-05 0.999857 1.9642e-05 1.47214e-05 1.92453e-05 1.0769e-05 2.81554e-05
0.228075 0.141179 0.0382751 0.121806 0.0351005 0.27853 0.157034
0.696797 0.115215 0.00276058 0.173439 0.00115006 0.00555646 0.00508199
1.45279e-05 0.999972 2.24508e-06 2.5754e-06 2.84094e-06 1.64101e-06 3.53985e-06
0.0796984 0.256646 0.0111982 0.599437 0.0128799 0.0201042 0.0200363
0.291959 0.112483 0.0307257 0.0939606 0.0247086 0.245173 0.20099
0.0163119 0.907152 0.00257179 0.0639254 0.00392876 0.00278494 0.00332554
2.76308e-05 0.999952 3.85993e-06 3.42336e-06 4.55759e-06 2.2626e-06 6.46784e-06
0.188252 0.79941 0.000587394 0.00835422 0.00105967 0.000897526 0.00143859
3.51184e-06 0.999989 9.65305e-07 2.40306e-06 1.13843e-06 9.67695e-07 1.90112e-06
0.124844 0.173461 0.0861066 0.161304 0.0952703 0.229928 0.129086
0.0456649 0.735453 0.00883791 0.177769 0.0101128 0.0140662 0.00809613
0.0560462 0.398198 0.0168053 0.432912 0.0356736 0.0387022 0.0216624
8.84134e-06 0.999976 1.98229e-06 5.5898e-06 2.07592e-06 1.67586e-06 3.47292e-06
0.128356 0.821162 0.00250909 0.0367604 0.00229853 0.00568688 0.00322693
0.000282892 0.999008 7.13847e-05 0.000283621 0.000137862 8.24921e-05 0.000133231
7.74587e-05 0.999869 1.14549e-05 2.08914e-05 7.97049e-06 7.26454e-06 5.5957e-06
5.02787e-05 0.999885 8.02912e-06 2.98052e-05 9.64883e-06 8.83104e-06 8.74759e-06
0.161455 0.0807397 0.0453078 0.101234 0.0862393 0.319358 0.205665
0.254641 0.540052 0.00755197 0.135884 0.0183953 0.0149725 0.028503
0.00170148 0.994875 0.000407468 0.00106895 0.000643435 0.000571921 0.000732136
1.96631e-05 0.999957 4.24065e-06 5.87803e-06 4.16595e-06 3.09586e-06 5.78277e-06
0.0464839 0.200123 0.00763633 0.695393 0.0155691 0.0229088 0.0118866
1.24096e-05 0.999943 6.74227e-06 9.84973e-06 1.10656e-05 5.90149e-06 1.13652e-05
0.0313537 0.943062 0.00164129 0.0185024 0.00181341 0.00190517 0.00172235
0.25582 0.645712 0.00348169 0.0759959 0.00314989 0.0094206 0.00641937
0.000252417 0.999122 4.79639e-05 0.000327609 0.000107272 6.09995e-05 8.17047e-05
0.356491 0.542058 0.00565709 0.0653923 0.00559733 0.015527 0.00927691
0.438925 0.413494 0.00598608 0.0978738 0.00450912 0.0278783 0.0113341
8.26668e-06 0.999972 3.11238e-06 4.78766e-06 3.61873e-06 2.58567e-06 5.53723e-06
0.0978241 0.384352 0.0126574 0.416024 0.010536 0.0314957 0.0471104
0.00469851 0.985688 0.00132592 0.0031522 0.00201761 0.0014093 0.00170803
0.120412 0.740185 0.00814263 0.0819564 0.00863109 0.0314487 0.00922379
0.408165 0.48724 0.0025998 0.0888854 0.00246002 0.00599271 0.00465706
2.00235e-05 0.999961 3.08665e-06 3.79848e-06 5.53075e-06 2.29781e-06 4.44308e-06
2.08965e-05 0.999946 4.90751e-06 1.14206e-05 6.12322e-06 4.91612e-06 6.10071e-06
0.0374786 0.53233 0.00558265 0.403224 0.00673972 0.00759348 0.00705132
0.218709 0.674193 0.00739285 0.0590294 0.00642384 0.0219279 0.0123243
0.416357 0.450286 0.00439997 0.102898 0.00462999 0.0126804 0.00874841
0.00679528 0.975609 0.00100401 0.0110265 0.00159226 0.00094838 0.00302419
0.218107 0.128807 0.0363193 0.0730276 0.0301706 0.316347 0.197221
0.0356189 0.330605 0.00893014 0.584485 0.0149785 0.0140912 0.011291
3.43912e-05 0.999905 8.0394e-06 1.51363e-05 1.43942e-05 5.17871e-06 1.80855e-05
0.00014868 0.999599 3.96085e-05 3.29845e-05 6.96892e-05 3.43952e-05 7.59915e-05
7.01268e-06 0.999971 4.22742e-06 3.041e-06 4.98145e-06 2.89449e-06 6.39651e-06
0.512618 0.20217 0.018022 0.0624625 0.0226681 0.0932566 0.0888036
0.036979 0.711621 0.00839528 0.207848 0.00868947 0.0163215 0.0101456
0.000257632 0.999246 0.000103991 5.96867e-05 6.61766e-05 5.88051e-05 0.000207291
0.209165 0.390604 0.00858848 0.325739 0.00796 0.0217519 0.0361918
0.114843 0.744 0.0069118 0.110971 0.0052639 0.0112621 0.00674879
0.00114147 0.99586 0.000509179 0.000597165 0.000749012 0.000447544 0.000696125
0.00158012 0.994756 0.000405001 0.00177451 0.00043301 0.0005595 0.000491896
9.27548e-06 0.999968 4.23391e-06 5.36834e-06 4.19896e-06 2.59084e-06 5.91896e-06
0.0292343 0.642122 0.00406586 0.307038 0.00474915 0.00794543 0.0048453
0.366793 0.589185 0.00294325 0.0241066 0.00253192 0.0110811 0.00335887
0.0494538 0.842332 0.00428742 0.0882158 0.00578356 0.00518239 0.00474487
0.143445 0.12435 0.0241472 0.0424014 0.03267 0.494848 0.138138
0.0340445 0.705208 0.00550569 0.22214 0.00854467 0.0153536 0.00920408
0.0382349 0.498001 0.0088436 0.402392 0.0171042 0.0234712 0.0119533
0.460196 0.516919 0.0010362 0.016335 0.0012655 0.00274951 0.00149814
0.0453487 0.674777 0.00712943 0.242574 0.00934546 0.0141273 0.00669849
0.167503 0.504632 0.00800687 0.270234 0.0133615 0.0230042 0.0132587
0.057367 0.741578 0.00834278 0.161345 0.0105699 0.0124515 0.00834528
0.117988 0.143399 0.048478 0.0744966 0.0908387 0.308741 0.216058
0.610086 0.343183 0.000863852 0.0409113 0.000815116 0.00228672 0.00185383
0.0307057 0.681115 0.00283865 0.273715 0.0040729 0.00442246 0.00313025
2.17502e-05 0.999922 7.31226e-06 1.46993e-05 1.04633e-05 6.05197e-06 1.77007e-05
0.0378456 0.721892 0.00753325 0.19776 0.00936688 0.0164292 0.00917264
4.41505e-05 0.999912 5.60152e-06 1.03856e-05 1.24007e-05 4.37823e-06 1.11295e-05
0.296467 0.445707 0.0272361 0.114505 0.018903 0.0556502 0.0415324
0.193445 0.551869 0.0170254 0.175149 0.0118012 0.0331186 0.0175915
0.156355 0.112779 0.0647845 0.295265 0.0901344 0.167191 0.113491
0.0379406 0.607965 0.00786297 0.317596 0.00988139 0.0107592 0.00799449
6.43158e-06 0.999986 1.09873e-06 2.05025e-06 1.59356e-06 9.01234e-07 1.86815e-06
0.0232486 0.855131 0.00316265 0.105505 0.00387994 0.00581732 0.00325536
0.143558 0.814475 0.00206937 0.0273892 0.00310695 0.00437763 0.00502372
0.0319026 0.951773 0.00215005 0.00276653 0.00437931 0.00312138 0.00390757
0.0125524 0.949811 0.000730114 0.032794 0.00139754 0.0011111 0.00160389
2.42733e-06 0.999991 9.31549e-07 1.57882e-06 1.10284e-06 6.37924e-07 2.16214e-06
0.830507 0.0749342 0.00632753 0.0500175 0.00302246 0.0204685 0.0147226
0.12846 0.118126 0.0488677 0.104057 0.0589074 0.281662 0.25992
0.104813 0.799325 0.00279926 0.0795769 0.00352163 0.00596386 0.0040011
0.666205 0.135539 0.00868123 0.0586251 0.00735175 0.0879981 0.0355996
2.52691e-06 0.999992 1.16107e-06 9.64536e-07 9.03219e-07 5.76899e-07 2.31339e-06
0.118666 0.130894 0.0411136 0.0904425 0.0487927 0.348347 0.221744
0.603253 0.140022 0.0120177 0.127233 0.00757361 0.0619907 0.0479103
0.110849 0.789953 0.00482223 0.074075 0.00341917 0.0117484 0.00513267
0.166148 0.473861 0.0341461 0.17905 0.0348734 0.0467217 0.0651992
2.32201e-06 0.999991 9.31419e-07 1.68579e-06 1.21909e-06 8.70727e-07 2.36391e-06
0.170542 0.560495 0.0275226 0.127989 0.0252782 0.0524283 0.035745
0.16254 0.129954 0.0587027 0.29447 0.0788775 0.167341 0.108114
1.64814e-05 0.999952 4.18375e-06 6.74904e-06 6.69786e-06 3.65301e-06 9.79706e-06
2.61619e-05 0.999922 7.46693e-06 1.68147e-05 1.02831e-05 6.0033e-06 1.17066e-05
0.173145 0.315384 0.00721839 0.461742 0.00764558 0.0215257 0.013338
0.0527986 0.841505 0.00548373 0.0714511 0.00709423 0.0161821 0.00548511
0.0475006 0.927193 0.00198493 0.0133903 0.00347026 0.00307199 0.00338876
0.0931339 0.659428 0.00825519 0.191659 0.0158606 0.0148753 0.0167883
0.193112 0.117852 0.0334632 0.0722664 0.0330318 0.344871 0.205403
0.951498 0.0226288 0.0009912 0.0169178 0.00043654 0.00478911 0.00273812
7.05066e-06 0.999978 2.85005e-06 2.95479e-06 2.13548e-06 1.27172e-06 5.7381e-06
