0.0652253 0.85856 0.00526212 0.0489539 0.0100145 0.00778003 0.00420379
0.166054 0.58857 0.00157643 0.233369 0.00190388 0.00487368 0.00365265
0.715813 0.238263 0.00325618 0.00822156 0.000864478 0.0307372 0.00284392
0.0186367 0.834381 0.00110489 0.137833 0.00292312 0.00284664 0.00227509
0.731937 0.131878 0.00787439 0.0417478 0.0019658 0.0635887 0.0210076
0.646155 0.150681 0.00938949 0.0948395 0.00311462 0.0573732 0.0384468
0.0257938 0.0566311 0.0151695 0.00406982 0.0105536 0.846297 0.0414851
0.154002 0.631878 0.00317732 0.188377 0.00400869 0.0114213 0.0071352
0.120012 0.0407891 0.0329852 0.018262 0.00381552 0.325453 0.458683
0.0357757 0.103565 0.0553521 0.0127751 0.127714 0.618901 0.045916
0.0420002 0.782993 0.00112786 0.167019 0.0022735 0.00256292 0.00202312
0.0106221 0.980298 0.00222521 0.0037572 0.00108949 0.000969694 0.0010386
0.0612793 0.373614 0.000540586 0.559601 0.00142853 0.00195277 0.00158367
0.0275551 0.469844 0.00734881 0.0189562 0.391127 0.0815876 0.0035806
0.000701542 0.998215 0.000150694 0.000645735 0.000100151 7.72041e-05 0.000109682
0.00124242 0.0636331 6.62198e-05 0.00364082 0.931032 0.000371072 1.48775e-05
0.122514 0.661674 0.00133266 0.205961 0.00179395 0.00393391 0.00279059
0.00103766 0.995093 0.000336227 0.0026399 0.000218701 0.000288587 0.000385928
0.683621 0.134513 0.00533172 0.123705 0.00150024 0.0288682 0.0224616
0.484957 0.283312 0.00295674 0.204492 0.00173477 0.0138547 0.00869285
0.0666051 0.515421 0.00166802 0.40527 0.00431833 0.0036492 0.00306785
0.122887 0.261715 0.00165787 0.597223 0.00692312 0.0064176 0.00317606
0.710521 0.126058 0.00506414 0.0871554 0.0009912 0.0333139 0.0368963
0.133347 0.341591 0.000830063 0.516624 0.0013849 0.00343212 0.00279118
0.127998 0.802245 0.00402673 0.0386808 0.00275927 0.0197839 0.00450589
0.044421 0.0411007 0.0376833 0.00739189 0.0098743 0.634004 0.225524
0.000332956 0.999265 0.000130252 0.000118464 4.72938e-05 3.79339e-05 6.83385e-05
0.0491769 0.811856 0.00743528 0.0786615 0.0207768 0.0239219 0.00817163
0.0811752 0.489827 0.00150246 0.417214 0.00377181 0.00371158 0.00279811
0.0399318 0.925939 0.0168241 0.00428813 0.00319532 0.00465804 0.00516352
0.053067 0.802076 0.0081709 0.0731149 0.0224605 0.0320629 0.00904731
0.105359 0.507784 0.0020841 0.369223 0.00667729 0.00539191 0.00347964
0.0576924 0.82187 0.00342941 0.0935043 0.00895744 0.0107473 0.00379973
0.0383187 0.807729 0.0121817 0.0460468 0.0507921 0.033596 0.0113357
0.365243 0.528075 0.0121729 0.0460894 0.0181343 0.0232248 0.00706123
0.563296 0.247099 0.012634 0.0730444 0.00411965 0.0631023 0.0367048
0.0034088 0.987152 0.00131718 0.00399298 0.00125643 0.00142852 0.00144454
0.397557 0.377244 0.00132175 0.212863 0.000815193 0.00608086 0.00411882
0.730246 0.18475 0.0118482 0.0155379 0.00230726 0.0429738 0.0123373
0.0806561 0.683286 0.00156164 0.223699 0.00280989 0.00445684 0.00353092
0.0494454 0.814675 0.00308386 0.113759 0.00502857 0.00803469 0.00597323
0.0145171 0.942212 0.000881145 0.0390336 0.0013947 0.00106881 0.000892159
0.0100913 0.867221 0.000900749 0.116215 0.00244806 0.00158739 0.00153703
0.0816407 0.755346 0.00855222 0.0842422 0.0257949 0.0364396 0.00798457
0.0769666 0.693886 0.00255856 0.210397 0.0077764 0.00516459 0.00325167
0.0400939 0.810132 0.00509902 0.104977 0.0198514 0.0137018 0.0061443
0.00172984 0.104942 0.00028764 0.00159782 0.889928 0.00144549 6.91906e-05
0.0351457 0.14118 0.0220595 0.105608 0.4759 0.203703 0.0164034
0.0519421 0.74171 0.00144272 0.195961 0.0027623 0.00332103 0.00286103
0.0425567 0.868437 0.00317416 0.0589164 0.0136224 0.01081 0.00248324
0.000253798 0.999236 7.32554e-05 0.000297815 5.37408e-05 3.25708e-05 5.34092e-05
0.113237 0.57436 0.00285754 0.294121 0.0062229 0.00537553 0.00382603
0.160484 0.433218 0.00118435 0.396541 0.00196733 0.00385587 0.00274949
0.0407971 0.646563 0.0009744 0.304846 0.00268132 0.0021881 0.00194993
0.138864 0.452029 0.002117 0.393615 0.00399889 0.00537551 0.00400074
0.0420728 0.69835 0.0010662 0.251358 0.00203322 0.00261594 0.00250418
0.0212083 0.231259 0.00279699 0.189168 0.541184 0.012381 0.00200269
0.00234235 0.995056 0.000522876 0.00113389 0.000345578 0.000264384 0.000334781
0.00061048 0.997742 0.000183358 0.0010424 0.000152612 0.000115801 0.000153709
0.522841 0.24058 0.00323158 0.200146 0.00193145 0.0202529 0.0110175
0.0458312 0.849605 0.00130224 0.0964667 0.00244831 0.00282232 0.00152433
0.0802106 0.749383 0.00993382 0.0507437 0.0478383 0.0528411 0.00904967
0.0379306 0.921282 0.00204013 0.0318085 0.00288042 0.00278873 0.00126964
0.514994 0.148922 0.0215784 0.0256833 0.00448935 0.218887 0.0654463
0.0352564 0.874885 0.0025549 0.0698487 0.00609459 0.00786132 0.00349937
0.0287227 0.0509054 0.0154004 0.00380538 0.00798673 0.843211 0.0499681
0.00144447 0.994334 0.000389838 0.0027336 0.000299721 0.000386969 0.000410975
0.0034629 0.994198 0.000923884 0.000568007 0.0002862 0.000239278 0.000321492
0.393695 0.369734 0.00961659 0.162602 0.00948969 0.0397311 0.0151312
0.0785192 0.516106 0.00616793 0.09639 0.285462 0.0138614 0.00349304
0.26718 0.339051 0.00387513 0.364518 0.00722327 0.0115775 0.00657509
0.297416 0.254232 0.000911612 0.437223 0.000959453 0.00521737 0.00403999
0.0894077 0.730478 0.00192751 0.16655 0.00267595 0.00498243 0.00397767
0.00147825 0.996895 0.000591452 0.000401614 0.000208371 0.000181012 0.000244327
0.259155 0.466888 0.0377352 0.0766033 0.0176167 0.06544 0.0765617
0.0858138 0.0913665 0.0344869 0.107477 0.0117575 0.278592 0.390506
0.0505657 0.193321 0.0242719 0.0209677 0.105979 0.583962 0.0209333
0.175685 0.278626 0.00570235 0.475383 0.0369148 0.0199696 0.00771935
0.124441 0.406325 0.00103965 0.460033 0.00225505 0.00343601 0.00247033
0.000337373 0.999022 9.20395e-05 0.000363881 7.50672e-05 4.05138e-05 6.90693e-05
0.00305266 0.981952 0.000455407 0.0131132 0.000690792 0.000348464 0.000387085
0.0361192 0.447338 0.0166431 0.0201117 0.207843 0.261205 0.0107404
0.159844 0.699287 0.0651272 0.0170618 0.0106465 0.0233071 0.0247267
0.0369747 0.735856 0.00250247 0.209122 0.0059398 0.00472179 0.00488324
0.00555475 0.960821 0.000809054 0.030039 0.00102603 0.00075537 0.000994379
0.199054 0.11864 0.0469093 0.0374323 0.00818217 0.192368 0.397415
0.0982784 0.102515 0.0302894 0.0182338 0.0188581 0.661317 0.0705082
0.0471254 0.883487 0.00344781 0.0432642 0.00786663 0.0121768 0.00263236
0.654056 0.110522 0.010969 0.022276 0.00165651 0.152903 0.0476178
9.74527e-05 0.999743 4.17551e-05 7.04012e-05 1.10927e-05 1.48854e-05 2.12212e-05
0.000694813 0.998264 0.000207477 0.000485291 0.00012047 8.78816e-05 0.000140423
0.101483 0.0637665 0.0457401 0.0159785 0.00799103 0.419418 0.345624
0.271288 0.674981 0.0177887 0.0126343 0.00561286 0.0122628 0.00543289
0.0280477 0.656586 0.000584664 0.310006 0.00237686 0.00139584 0.00100219
0.054054 0.400527 0.0118976 0.0259117 0.361055 0.140238 0.00631649
0.0326102 0.868867 0.00221965 0.0856475 0.00384457 0.00399294 0.00281856
0.0898144 0.378003 0.00980217 0.343414 0.132019 0.0378163 0.0091307
0.381127 0.500683 0.00383937 0.09428 0.0023945 0.0123643 0.00531159
0.22217 0.618603 0.0055775 0.0930054 0.00539575 0.0435187 0.0117299
0.716004 0.137009 0.003178 0.110243 0.0010489 0.0211492 0.0113678
0.00255112 0.140823 0.00040765 0.00341555 0.852018 0.000685185 0.00010007
0.0526477 0.0820025 0.0318483 0.00936468 0.0139558 0.723383 0.0867982
0.325345 0.249424 0.0180321 0.0332729 0.0152595 0.321005 0.0376625
0.345266 0.475501 0.00995204 0.0157853 0.00563651 0.136757 0.0111023
0.00227392 0.993093 0.000435625 0.00294486 0.000574229 0.00032107 0.000357615
0.624823 0.138881 0.0142076 0.0266712 0.00252411 0.139844 0.0530493
0.0446431 0.842656 0.00694899 0.0676447 0.00807141 0.0171128 0.012923
0.0025468 0.982679 0.00035525 0.0128258 0.000793796 0.000345047 0.000453863
0.317052 0.497525 0.00667667 0.130983 0.00589156 0.0303543 0.0115174
0.00480932 0.989303 0.00173182 0.00165765 0.000691859 0.000737179 0.00106925
0.0358114 0.780334 0.00143639 0.171739 0.00555342 0.00322013 0.00190589
0.000449171 0.998134 9.25647e-05 0.00104755 9.9779e-05 6.95809e-05 0.00010681
0.041354 0.878549 0.00122107 0.0707914 0.00208383 0.00441562 0.00158494
0.000686046 0.998468 0.000437806 0.000128661 8.14349e-05 7.03411e-05 0.000127832
0.00146788 0.993698 0.000303976 0.00369891 0.000353459 0.000233754 0.000244043
0.0185623 0.966097 0.00239255 0.00848556 0.00156157 0.00134216 0.0015592
0.323435 0.121909 0.0409912 0.04247 0.00596019 0.156945 0.30829
0.00471222 0.992225 0.00128748 0.000614001 0.000357046 0.000359615 0.000444169
0.195455 0.295202 0.00911468 0.404513 0.0102941 0.0457399 0.0396825
0.058099 0.814992 0.00797814 0.0379922 0.0159353 0.057172 0.00783072
0.000973171 0.99677 0.000248796 0.00144816 0.000177704 0.000173878 0.000208206
0.208293 0.591733 0.00255689 0.184124 0.00298314 0.00639017 0.0039205
0.0113152 0.414161 0.00119294 0.0231576 0.544902 0.00474286 0.000528675
0.00357742 0.96888 0.000509229 0.0246892 0.000776246 0.000642344 0.000925418
0.0361343 0.397911 0.0004205 0.561312 0.000840315 0.00147106 0.00191038
0.0795815 0.279231 0.000295711 0.636154 0.000500633 0.00204605 0.0021902
0.000144635 0.999537 5.73589e-05 0.000156119 2.90703e-05 2.86143e-05 4.75169e-05
0.0446127 0.854451 0.00454841 0.0716755 0.00836719 0.0108946 0.00545015
0.0709173 0.795999 0.00196499 0.121312 0.00358421 0.00406271 0.00215949
0.000303044 0.999172 0.000119545 0.000230473 5.43279e-05 5.20384e-05 6.88351e-05
0.186408 0.594878 0.0124769 0.146189 0.00728705 0.0204396 0.0323213
0.0019234 0.990362 0.00028366 0.0064723 0.000449839 0.000219219 0.000289224
0.0747818 0.215476 0.000481325 0.703262 0.00131506 0.00270106 0.00198232
0.0325255 0.62728 0.000807913 0.333525 0.00249782 0.00176736 0.00159645
0.534663 0.357799 0.00595978 0.0309059 0.00197693 0.0580165 0.0106786
0.499947 0.234385 0.00313215 0.230247 0.00197871 0.0186762 0.0116334
0.000371765 0.999278 0.000105823 0.000117719 4.17928e-05 3.31044e-05 5.13636e-05
0.00186082 0.994121 0.0025575 0.000315109 0.00040113 0.000321493 0.000423096
0.00126282 0.994808 0.000245795 0.0029136 0.000387353 0.000158937 0.00022305
0.000111284 0.999731 3.56072e-05 7.40822e-05 1.4519e-05 1.31143e-05 2.02863e-05
0.26977 0.137963 0.050891 0.0471511 0.0138876 0.265837 0.2145
0.0997595 0.737689 0.00726778 0.084457 0.0157975 0.045306 0.00972369
4.23962e-05 0.99991 1.32406e-05 1.99925e-05 5.11728e-06 3.62391e-06 6.06758e-06
0.000959639 0.997291 0.000307826 0.000886572 0.00017115 0.000174387 0.000209027
0.0739751 0.673767 0.0024692 0.236261 0.0044931 0.0048401 0.00419448
0.415991 0.30246 0.0125626 0.134229 0.00647613 0.0834378 0.0448435
0.00285939 0.990955 0.000615131 0.00370374 0.000894949 0.000468035 0.000503697
0.234996 0.647573 0.00805828 0.0460656 0.00606552 0.0468742 0.0103671
0.0194847 0.963335 0.0111899 0.00145012 0.00134627 0.00149454 0.00169947
0.216731 0.677701 0.00173675 0.0932469 0.00134365 0.00639044 0.00285085
0.015389 0.858695 0.00166079 0.116968 0.00276894 0.00217501 0.00234383
0.350431 0.266965 0.0269431 0.0250776 0.00948653 0.268855 0.0522424
0.00220738 0.995452 0.00133517 0.000225406 0.000283328 0.000202334 0.000294087
0.617098 0.346329 0.00322677 0.0113055 0.000892328 0.0186013 0.00254632
0.516428 0.462552 0.00768625 0.00479371 0.001677 0.00524904 0.00161445
0.165834 0.518765 0.0101808 0.077092 0.131813 0.0878768 0.00843832
0.633148 0.152949 0.0186974 0.0362872 0.00396853 0.102607 0.0523426
0.0270991 0.729133 0.00494779 0.0427733 0.181413 0.0113274 0.00330571
0.0014138 0.0469269 0.000346303 0.00144887 0.947151 0.0026481 6.45357e-05
0.0514937 0.314747 0.0304202 0.0228179 0.389575 0.17754 0.0134058
0.0321246 0.781832 0.00530778 0.0717701 0.0934276 0.0122332 0.00330477
0.0458382 0.863879 0.00281366 0.0707498 0.00446724 0.00820316 0.00404851
0.0207377 0.0481927 0.00859175 0.00218248 0.00492439 0.892601 0.0227696
0.000281878 0.999504 9.87846e-05 4.33464e-05 2.58178e-05 1.82425e-05 2.78053e-05
0.00801237 0.979768 0.00140239 0.00722011 0.00127139 0.00110582 0.00122021
0.490672 0.415352 0.00711236 0.0202965 0.00329779 0.0555451 0.00772354
0.000523338 0.998763 0.000134514 0.000371905 7.8272e-05 5.31482e-05 7.57535e-05
0.178775 0.383067 0.130087 0.0393241 0.095129 0.125584 0.0480339
0.13011 0.765952 0.00713062 0.0726431 0.00768343 0.00897799 0.00750298
0.169385 0.163466 0.0342554 0.041794 0.0133173 0.450371 0.127412
0.0590427 0.811576 0.00177332 0.118414 0.00323052 0.00331816 0.00264519
0.253129 0.504479 0.00259079 0.219238 0.00253958 0.0111757 0.00684787
0.000166782 0.999561 0.00013868 3.45978e-05 3.81489e-05 2.28792e-05 3.83224e-05
0.0566679 0.750098 0.00402586 0.161985 0.0107977 0.00993191 0.00649359
0.104695 0.820455 0.00173216 0.0648785 0.00168313 0.0047856 0.00177036
0.0191588 0.92902 0.00240272 0.040806 0.00300198 0.00255493 0.00305526
0.132165 0.223159 0.00531859 0.56315 0.0469645 0.0222433 0.00699971
0.649792 0.166111 0.00933562 0.0748765 0.00306785 0.066695 0.0301221
0.0688532 0.616687 0.00113447 0.305504 0.00294497 0.00287849 0.00199795
0.140834 0.800717 0.00326122 0.0291494 0.00208139 0.0199522 0.00400373
0.000162573 0.999503 8.39435e-05 0.000133353 3.67678e-05 3.2457e-05 4.77576e-05
0.72113 0.154812 0.00737337 0.0360897 0.0017272 0.0607588 0.0181096
0.113242 0.613719 0.00280416 0.251258 0.00598714 0.00782353 0.00516668
0.00628109 0.986212 0.0011367 0.00405819 0.000752596 0.000785532 0.000774216
0.36041 0.465494 0.0155849 0.0256777 0.00665481 0.108499 0.0176806
0.00950012 0.977664 0.00126877 0.0081855 0.00128417 0.00105054 0.00104673
0.0505339 0.551842 0.00317239 0.367759 0.0115405 0.00875808 0.00639432
0.00640943 0.991136 0.000799636 0.00071068 0.00032883 0.000293726 0.00032133
0.0263975 0.653543 0.000431401 0.316048 0.00130839 0.00119168 0.00108037
0.68532 0.201416 0.00302554 0.0805621 0.00101229 0.020442 0.00822158
0.00209431 0.993722 0.00053557 0.00232477 0.000471618 0.000405066 0.000447041
0.525976 0.158003 0.0213345 0.0563533 0.00498307 0.130972 0.102378
0.0197693 0.360479 0.00713348 0.0168948 0.491693 0.100546 0.00348377
0.572678 0.256192 0.0226667 0.0180989 0.00911897 0.102636 0.0186087
0.0783702 0.841265 0.00340236 0.0560254 0.00387981 0.0131835 0.00387411
0.055025 0.874847 0.00188727 0.0594833 0.00310548 0.00403692 0.00161493
0.000427726 0.999161 0.000108073 0.000163595 4.63252e-05 3.84674e-05 5.49564e-05
0.579766 0.390162 0.00418386 0.012255 0.00231293 0.00933568 0.00198455
0.00122858 0.996295 0.000210698 0.0017848 0.000206726 0.000123071 0.000151251
0.0590539 0.821302 0.00526 0.0777958 0.0120935 0.0183026 0.00619216
0.0657798 0.056917 0.0349337 0.00867792 0.00796964 0.637009 0.188713
0.362203 0.467211 0.0241994 0.0505322 0.010529 0.0462308 0.0390942
4.09767e-05 0.999923 1.45862e-05 9.29359e-06 4.01488e-06 2.83281e-06 5.05143e-06
0.106543 0.807645 0.00145783 0.079039 0.00187242 0.00237531 0.0010676
0.172004 0.643963 0.00196907 0.169687 0.00211838 0.00624057 0.00401804
0.150933 0.710452 0.00250177 0.120936 0.00236348 0.00838559 0.00442801
0.0731518 0.855767 0.0138364 0.0323392 0.00623117 0.00836987 0.0103047
0.303837 0.12002 0.00412774 0.514471 0.00773623 0.0362976 0.0135104
0.0636883 0.710115 0.0625975 0.0257627 0.0842609 0.0320378 0.0215376
0.000471825 0.997521 0.000135088 0.00153772 9.8765e-05 9.83733e-05 0.000137466
0.443577 0.259293 0.00441008 0.255042 0.00298128 0.0202888 0.0144082
0.000485029 0.998596 0.000192026 0.000406727 0.00010706 8.65813e-05 0.000127126
0.000694215 0.998402 0.00017302 0.000435505 9.98709e-05 7.58125e-05 0.000119901
0.0331088 0.878284 0.00548921 0.0457538 0.0125259 0.017997 0.00684125
0.0337882 0.404148 0.00357286 0.0310565 0.506224 0.0192889 0.0019219
0.0176711 0.525886 0.000358164 0.453302 0.00136844 0.000755604 0.000659023
0.0310532 0.773259 0.00633939 0.0942261 0.072432 0.0162221 0.00646883
0.000625364 0.997891 0.000139128 0.00102394 0.000146586 7.13012e-05 0.000102713
0.0426635 0.782015 0.00309351 0.136677 0.0216423 0.00976977 0.00413889
8.49242e-05 0.999759 4.55399e-05 5.35745e-05 1.72101e-05 1.45762e-05 2.547e-05
0.151076 0.593275 0.00375978 0.224737 0.00538207 0.0120747 0.00969626
0.058398 0.848962 0.00498083 0.0513207 0.00938571 0.0222642 0.00468841
0.612391 0.229811 0.00982762 0.0430489 0.00225704 0.0719572 0.0307075
0.000197951 0.999582 7.0467e-05 6.44163e-05 2.56241e-05 2.40556e-05 3.54395e-05
0.000170658 0.999598 6.45447e-05 8.46138e-05 2.51232e-05 2.13885e-05 3.55827e-05
0.00389919 0.995367 0.000401858 0.000106104 6.49408e-05 7.15192e-05 8.90697e-05
0.438488 0.200622 0.00336724 0.2973 0.0012378 0.0258714 0.0331141
0.0274472 0.708528 0.00149149 0.254014 0.00352457 0.00249455 0.00250029
0.145452 0.49753 0.00186608 0.343481 0.00436706 0.00426183 0.00304119
0.0831691 0.853966 0.00310529 0.0376065 0.00432052 0.0150521 0.00278031
0.0399879 0.890826 0.00620661 0.0375706 0.00803256 0.0122992 0.00507706
0.0811763 0.473584 0.00105929 0.436548 0.00280027 0.00274224 0.00208973
0.0848703 0.156151 0.03918 0.0650029 0.0225682 0.487068 0.14516
0.000306869 0.999485 0.000121396 2.47438e-05 2.15948e-05 1.41788e-05 2.56203e-05
0.0241343 0.896202 0.00139573 0.0652141 0.00869132 0.00325668 0.00110569
0.540272 0.250809 0.0225439 0.0573356 0.00744007 0.077125 0.0444742
0.126727 0.599911 0.00559718 0.220407 0.0286606 0.0130602 0.00563716
0.0168638 0.875196 0.000592984 0.103433 0.00196376 0.00124165 0.000708423
0.0269556 0.963807 0.00428244 0.0017847 0.000948301 0.00114123 0.00108074
0.0516489 0.73735 0.0046248 0.178204 0.0134628 0.00772449 0.00698546
0.0882038 0.588038 0.00288557 0.302552 0.00525405 0.00632321 0.00674332
0.0623748 0.502254 0.000528194 0.430344 0.00102142 0.00180742 0.00166954
0.232919 0.485989 0.00171482 0.268474 0.00188292 0.00538857 0.00363078
0.365446 0.426175 0.00677467 0.131246 0.00426294 0.0470834 0.0190115
0.00266408 0.988281 0.00039159 0.00738281 0.000612924 0.000337985 0.000329596
0.0537553 0.735748 0.00142374 0.200617 0.00337649 0.0029931 0.00208632
0.00405759 0.99358 0.000995411 0.000487452 0.000280218 0.000264814 0.000334086
0.0152921 0.200356 0.00998557 0.00605707 0.413322 0.351326 0.00366009
0.000162187 0.999568 8.48894e-05 7.74233e-05 3.28225e-05 2.78665e-05 4.72005e-05
0.0395446 0.875544 0.00352917 0.0593952 0.00788602 0.0109162 0.00318437
0.229126 0.271717 0.0172722 0.323304 0.0693371 0.0668162 0.0224276
0.162157 0.391902 0.0251317 0.0901698 0.0426466 0.246938 0.041056
0.0514608 0.837406 0.0026164 0.094564 0.00387409 0.00661956 0.00345925
0.0249678 0.692773 0.000759577 0.273343 0.00531682 0.00180537 0.00103378
0.0554653 0.881849 0.00205665 0.0515251 0.00308082 0.00425623 0.00176666
0.00273056 0.990609 0.000394009 0.00516927 0.000453813 0.000295762 0.000347223
0.0374179 0.0296135 0.0260561 0.00548748 0.00589065 0.680964 0.21457
0.146337 0.329077 0.00456404 0.468908 0.0312004 0.0141856 0.00572852
0.0604274 0.356464 0.000786489 0.57429 0.00213288 0.00322822 0.00267072
0.0430531 0.57209 0.000659013 0.379619 0.00182672 0.00144015 0.00131278
0.0343481 0.637329 0.000744103 0.322074 0.00212654 0.00175307 0.00162588
0.0250664 0.834835 0.00180904 0.129367 0.00340833 0.00275182 0.00276192
0.00917451 0.948075 0.00101672 0.0376426 0.00130732 0.00131572 0.0014679
0.00161034 0.994543 0.000298784 0.00284502 0.000231397 0.000182475 0.000288714
0.016654 0.841663 0.000430071 0.138375 0.00113886 0.000997809 0.000741749
0.00047982 0.998502 0.000167009 0.000521718 9.9428e-05 9.07784e-05 0.00013936
0.286031 0.511259 0.00422923 0.160603 0.00370107 0.0236295 0.0105476
0.00195291 0.99561 0.000552754 0.000969391 0.000265781 0.000287537 0.000361315
0.0544776 0.645508 0.0011375 0.291188 0.00266001 0.00270867 0.00232103
0.505648 0.216121 0.0110564 0.190641 0.00606944 0.0399078 0.0305571
0.00830347 0.247765 0.000999652 0.00659631 0.726318 0.00968203 0.000335091
0.104165 0.78441 0.00762072 0.0665908 0.0070836 0.0203027 0.00982769
0.00370317 0.991649 0.00241074 0.000568273 0.000542269 0.000446457 0.000680056
0.015734 0.880947 0.000863513 0.0971351 0.00258172 0.00140381 0.00133522
0.00220127 0.995601 0.000733188 0.000625533 0.000286687 0.000280223 0.000272414
0.0338893 0.749576 0.00177277 0.204302 0.00451925 0.0030934 0.00284732
0.0391166 0.822767 0.00744013 0.0613124 0.0349224 0.027119 0.0073223
0.00180414 0.996483 0.000534481 0.000525247 0.000223891 0.000170205 0.000259287
0.00300656 0.989008 0.00132919 0.00307382 0.0013061 0.000778016 0.00149844
0.00136131 0.998164 0.000208629 0.00010272 5.2413e-05 4.36221e-05 6.72547e-05
0.000184861 0.999534 0.000104543 7.3071e-05 3.51979e-05 2.57089e-05 4.31401e-05
0.073946 0.807979 0.00657804 0.0450803 0.0138864 0.0454001 0.00713012
0.0706302 0.0820375 0.05263 0.0121888 0.014151 0.600532 0.167831
0.669395 0.227613 0.0062248 0.0242771 0.00140946 0.057944 0.0131364
0.0468952 0.609251 0.00188322 0.331162 0.00384745 0.00362019 0.00334074
0.000452186 0.997664 9.14177e-05 0.0015242 9.179e-05 6.35968e-05 0.00011303
0.36383 0.481983 0.00326351 0.136146 0.00263805 0.00773285 0.00440635
0.0287748 0.809234 0.000717162 0.156912 0.00152286 0.00160617 0.00123367
0.00175846 0.986018 0.000237904 0.0109987 0.000453746 0.000235214 0.000298109
0.0402156 0.901319 0.00305278 0.0444732 0.0031071 0.00337322 0.00445908
0.0359615 0.853442 0.00567796 0.0731809 0.0130708 0.0122312 0.00643513
0.000413232 0.998435 0.000180735 0.000567764 0.000114108 0.000135585 0.00015359
0.0793171 0.297319 0.0503815 0.0300018 0.0619401 0.432573 0.0484671
0.266243 0.28769 0.0320521 0.054372 0.0211385 0.288682 0.0498217
0.0478044 0.721691 0.000698814 0.224861 0.00189609 0.00180828 0.00124109
0.000397427 0.998775 0.000137256 0.000449124 8.96461e-05 6.54297e-05 8.6275e-05
0.000804035 0.99755 0.000181546 0.00108374 0.00013621 0.000114832 0.000130114
0.0425053 0.846911 0.000951609 0.104145 0.00197747 0.00229182 0.00121847
0.000326806 0.999102 0.000172475 0.000174051 8.29315e-05 6.57314e-05 7.64262e-05
0.0713306 0.43896 0.0106263 0.259634 0.170957 0.0362729 0.0122188
0.368266 0.50862 0.00603928 0.0603172 0.00310292 0.0417375 0.0119164
0.0270341 0.938185 0.00218357 0.0241301 0.00275936 0.0037967 0.00191093
0.0551098 0.811365 0.00271513 0.102726 0.0185182 0.00706492 0.00250078
0.549612 0.209536 0.0100467 0.134059 0.00498178 0.056283 0.0354815
0.257673 0.414034 0.00369833 0.301196 0.00564216 0.011159 0.00659712
0.0415118 0.858646 0.00501702 0.0603492 0.0118257 0.0176498 0.00500099
0.0124064 0.952078 0.00114367 0.0289635 0.00200638 0.00182549 0.00157648
0.00295735 0.995649 0.000686115 0.000251734 0.000167235 0.000135167 0.000153134
0.000113739 0.999724 4.1741e-05 5.9285e-05 2.0514e-05 1.49354e-05 2.56877e-05
0.030769 0.780841 0.000722253 0.18305 0.00183244 0.00159248 0.00119238
0.665178 0.167091 0.00720175 0.107042 0.00241502 0.0313993 0.0196727
0.463183 0.19894 0.00672157 0.253462 0.00365468 0.0410628 0.0329761
0.000188769 0.999555 9.11844e-05 6.73795e-05 2.80991e-05 2.48724e-05 4.4684e-05
0.0499649 0.863222 0.00394699 0.0585277 0.00772999 0.0129219 0.00368701
0.000105187 0.999773 4.24986e-05 3.3521e-05 1.62555e-05 1.04397e-05 1.91815e-05
0.305476 0.163059 0.0196912 0.320596 0.0634473 0.105652 0.022078
0.0219875 0.804325 0.000760111 0.168171 0.00206792 0.00142734 0.00126096
0.199229 0.350901 0.0331394 0.0363214 0.0198535 0.30791 0.0526459
0.0230043 0.900362 0.0012805 0.0696486 0.00203911 0.00193889 0.00172647
0.0336484 0.946022 0.0109124 0.00291207 0.00157857 0.00220913 0.00271696
0.125982 0.119233 0.0478308 0.0303121 0.0118407 0.422479 0.242322
0.443225 0.233448 0.00495247 0.278183 0.00458287 0.0232273 0.0123812
0.000605162 0.99836 0.000133669 0.000618861 0.00010257 7.51319e-05 0.000104483
0.0595044 0.534034 0.000951181 0.398735 0.00253443 0.00234909 0.00189166
0.295082 0.638845 0.006894 0.040986 0.00619898 0.00793684 0.00405732
0.0712593 0.813192 0.0035441 0.0901229 0.00622977 0.0104685 0.00518304
0.0623427 0.680519 0.00490045 0.214604 0.00529651 0.0130971 0.0192404
0.00761631 0.985434 0.00492451 0.000432972 0.000420433 0.000524069 0.000647892
0.000186333 0.0128108 4.92522e-05 0.000300273 0.985809 0.000838454 6.1986e-06
0.648497 0.236605 0.00761561 0.0291201 0.00193329 0.0622059 0.0140233
0.00041108 0.999317 9.04193e-05 8.71676e-05 3.0351e-05 2.4623e-05 3.90831e-05
0.0315872 0.894387 0.00547625 0.0361849 0.0110189 0.0142127 0.00713272
0.000772891 0.997077 0.000161866 0.00156018 0.000174099 0.000105486 0.000148396
0.135737 0.689199 0.00552554 0.107691 0.0392025 0.0177472 0.00489679
0.0763927 0.761613 0.00168982 0.15198 0.00299027 0.00337307 0.00196083
0.0108402 0.962349 0.0010642 0.0210828 0.00144056 0.00183579 0.0013873
0.0274538 0.736975 0.000896922 0.22851 0.00217655 0.00203517 0.00195245
0.24219 0.469681 0.00617962 0.230986 0.00585562 0.0266087 0.0184996
0.000270826 0.999302 0.000183535 7.16119e-05 6.42625e-05 4.43633e-05 6.37734e-05
0.0465783 0.591015 0.00346598 0.327816 0.0131572 0.00992595 0.00804153
0.00454411 0.988486 0.000685303 0.00441781 0.000610711 0.000580373 0.00067531
0.00384575 0.978601 0.000600398 0.0150528 0.000775167 0.000488819 0.000636227
0.0989367 0.854658 0.00150869 0.0361795 0.00161143 0.00576218 0.00134346
0.0524115 0.542841 0.000674284 0.399162 0.00126651 0.00180361 0.00184093
0.0157795 0.922464 0.00193118 0.0449436 0.00635257 0.00487478 0.00365451
0.118016 0.545175 0.00235052 0.317965 0.00378475 0.00695976 0.0057489
0.0378993 0.898099 0.00128732 0.0543837 0.00284949 0.00422261 0.00125877
0.0718671 0.687105 0.00213587 0.227096 0.0042796 0.00432012 0.00319643
0.0108926 0.982109 0.00117234 0.00349371 0.000901544 0.000668455 0.000762074
0.420983 0.455621 0.00427739 0.0924126 0.00321669 0.0164516 0.00703842
0.103985 0.154225 0.0507563 0.02111 0.0327242 0.554539 0.08266
0.0337763 0.115531 0.0176288 0.00772774 0.0230753 0.770486 0.0317749
0.162882 0.714263 0.00389822 0.106879 0.0037438 0.00487234 0.0034609
0.00477487 0.983389 0.000565538 0.00954863 0.000601668 0.000603866 0.000516059
0.412798 0.390481 0.00757853 0.0319442 0.0026196 0.134003 0.0205746
0.258495 0.132175 0.0412484 0.0493873 0.0106299 0.31037 0.197694
0.0022256 0.99691 0.000351618 0.000200536 9.9705e-05 8.86718e-05 0.000123953
0.553292 0.391048 0.00172565 0.0417518 0.000598485 0.00880088 0.00278312
0.678284 0.1515 0.00431521 0.100766 0.00107738 0.0345636 0.0294941
0.0601721 0.766872 0.00130916 0.162924 0.00263797 0.00374161 0.00234303
0.112719 0.243906 0.00130394 0.629636 0.00453384 0.00495557 0.00294596
0.245464 0.565289 0.00823036 0.0697733 0.00596204 0.0864955 0.0187854
0.0868188 0.574408 0.000924607 0.332085 0.0020404 0.00210889 0.00161371
0.281369 0.339698 0.00120687 0.363075 0.000972093 0.00657707 0.00710203
0.0217636 0.885022 0.00127119 0.0841765 0.00222302 0.003026 0.00251767
0.000825729 0.996218 0.000157991 0.00239346 0.000129804 0.000125197 0.000150209
0.524025 0.125129 0.0225269 0.0265206 0.00354477 0.196664 0.10159
0.00103655 0.995472 0.00018703 0.00279951 0.000206637 0.000127726 0.000170891
0.0452198 0.379496 0.000399957 0.571056 0.00122725 0.00143387 0.00116724
0.0220577 0.896709 0.00202422 0.0681095 0.00492657 0.00422622 0.00194664
0.00727828 0.963384 0.000778264 0.0253707 0.000936864 0.00124243 0.00100957
0.28375 0.254707 0.0011429 0.448427 0.00122203 0.0061253 0.00462678
0.00449308 0.961047 0.000530299 0.0314875 0.00091506 0.000710511 0.000816541
0.614199 0.261734 0.00556253 0.0658682 0.00186373 0.0361935 0.014579
0.334486 0.629567 0.002722 0.0174701 0.00149902 0.0122685 0.00198774
0.0472793 0.874078 0.00173581 0.0674568 0.00233903 0.00517913 0.00193231
0.195878 0.133296 0.00480117 0.60811 0.0139348 0.0319622 0.0120176
0.0272139 0.903207 0.00224167 0.0550793 0.00418089 0.00498006 0.00309687
0.135479 0.769437 0.00120659 0.088867 0.00118103 0.0026029 0.00122642
0.0848331 0.598631 0.00295784 0.286475 0.0160416 0.00723639 0.00382454
0.00192729 0.994432 0.000389487 0.00220995 0.000314018 0.000331625 0.00039585
0.00332353 0.967877 0.000369376 0.0268917 0.000769307 0.000359818 0.000409571
0.326665 0.179283 0.023821 0.111093 0.00481062 0.11463 0.239698
0.00460872 0.971754 0.000556276 0.0206421 0.00115462 0.000645823 0.00063829
0.00268404 0.992953 0.000480384 0.00279864 0.0003685 0.00036124 0.000354385
0.0279017 0.85984 0.00167899 0.101629 0.0033227 0.00321731 0.00241009
0.257982 0.274479 0.00120564 0.454975 0.00141151 0.00543607 0.00451066
6.24049e-05 0.999786 2.14067e-05 9.77611e-05 1.00162e-05 8.84472e-06 1.39677e-05
0.00137087 0.993678 0.000234767 0.0040618 0.000267029 0.00017289 0.000215051
0.00946753 0.889796 0.000812302 0.0957287 0.00177892 0.00115755 0.00125894
0.00286643 0.991851 0.000412677 0.00388631 0.000326506 0.0002884 0.000368332
0.00029015 0.999203 0.000107403 0.000229576 5.95127e-05 4.72756e-05 6.2842e-05
0.0591534 0.694229 0.00108965 0.238281 0.0028439 0.00255987 0.00184397
0.00290853 0.99019 0.000594165 0.00488437 0.00043575 0.000395209 0.000592223
0.000141552 0.99972 5.36523e-05 3.87894e-05 1.42423e-05 1.2374e-05 1.93176e-05
0.228468 0.668474 0.00961076 0.0627501 0.00589605 0.0126383 0.0121624
0.105602 0.63536 0.00190478 0.244279 0.00315101 0.00557202 0.00413143
0.000304129 0.999172 0.000134051 0.000195513 6.79284e-05 5.0376e-05 7.60175e-05
0.0101688 0.929454 0.00077177 0.0559856 0.00147237 0.0010621 0.00108519
0.0247207 0.596632 0.00419165 0.0315138 0.317936 0.0224278 0.00257822
0.105269 0.733519 0.00290948 0.134148 0.0070698 0.0121987 0.00488561
9.73989e-05 0.999725 5.77024e-05 5.40302e-05 2.22804e-05 1.70603e-05 2.63161e-05
0.072934 0.895037 0.0172477 0.00455849 0.00192722 0.00430776 0.00398774
0.000903012 0.997031 0.000219054 0.00134552 0.000154395 0.000155002 0.000192082
0.376577 0.559238 0.00408008 0.0220789 0.00174558 0.0312501 0.00503016
0.000575073 0.997748 0.000111372 0.00127746 0.000117013 7.47729e-05 9.67294e-05
0.000953234 0.997904 0.000311396 0.000387765 0.000161893 0.000112775 0.000168474
0.00974609 0.901447 0.000784958 0.0839264 0.00143575 0.00125929 0.00140098
0.049662 0.759593 0.00243003 0.174115 0.00526744 0.0045531 0.00437955
0.0810063 0.136464 0.0268295 0.0148805 0.0141218 0.663455 0.0632424
0.00206246 0.992695 0.000422058 0.00363413 0.00041391 0.000340879 0.000431163
0.0019046 0.995836 0.00161455 0.00012581 0.000151835 0.000139101 0.000227682
0.0805468 0.744697 0.00626303 0.136026 0.00826692 0.0136999 0.0105001
0.052052 0.810096 0.00636105 0.0763424 0.02079 0.0270174 0.0073413
4.23289e-05 0.999879 2.97845e-05 1.30691e-05 1.225e-05 8.3394e-06 1.5189e-05
0.00209514 0.987908 0.00032939 0.00844201 0.000394331 0.000328571 0.000502325
0.175552 0.315852 0.00168018 0.493836 0.00311656 0.00582433 0.0041394
0.175582 0.750154 0.0020313 0.0641693 0.00133069 0.00469611 0.0020373
7.53433e-05 0.999633 3.05478e-05 0.00020601 2.14679e-05 1.29914e-05 2.09045e-05
0.0321505 0.684444 0.00107735 0.274949 0.0033428 0.00223684 0.00180041
0.032544 0.69963 0.000821831 0.261688 0.00188101 0.00175949 0.0016753
0.746238 0.163207 0.00629699 0.0282493 0.00124254 0.0403352 0.0144313
0.000397976 0.99927 0.000104395 0.000116436 3.91459e-05 2.76441e-05 4.41517e-05
0.69926 0.159753 0.00908608 0.0364904 0.00213197 0.0688442 0.0244341
0.23064 0.361304 0.00505896 0.370039 0.00892608 0.0145441 0.00948783
0.137862 0.439554 0.00392319 0.382074 0.0040023 0.0147491 0.017836
0.599253 0.383225 0.00594504 0.00459564 0.00149447 0.00410329 0.00138365
0.000407895 0.999149 0.00024551 4.76641e-05 5.49195e-05 3.18258e-05 6.32263e-05
2.54375e-05 0.999938 1.29835e-05 1.20063e-05 3.43096e-06 3.34304e-06 5.17882e-06
7.01865e-06 0.999976 8.46453e-06 1.67914e-06 2.15552e-06 1.1934e-06 3.28066e-06
0.124123 0.790382 0.00583713 0.0403212 0.00438735 0.0290493 0.0058994
0.17195 0.425578 0.0028727 0.381597 0.00476435 0.00770674 0.00553056
0.00288138 0.988915 0.000566408 0.00535373 0.00136258 0.000464771 0.000456429
0.00370831 0.983349 0.000564759 0.0104924 0.00067374 0.000664485 0.000547086
0.0467488 0.858985 0.000906144 0.0884603 0.00139951 0.00236946 0.0011305
0.274773 0.46662 0.00337322 0.222412 0.00329228 0.0185464 0.0109827
0.12306 0.787384 0.00508078 0.0395986 0.0054648 0.0338746 0.0055371
0.000159471 0.999648 5.45427e-05 6.98739e-05 2.12426e-05 1.63859e-05 3.04945e-05
0.527545 0.112427 0.0184532 0.0858796 0.00486832 0.156016 0.0948106
0.000166458 0.999593 0.000116788 3.37227e-05 2.98214e-05 2.1179e-05 3.9344e-05
0.0931264 0.714793 0.00290144 0.173 0.00578688 0.0062159 0.00417731
0.000342928 0.998944 0.000111771 0.000403403 7.57742e-05 5.4207e-05 6.78367e-05
0.0521193 0.923343 0.00383969 0.0129178 0.00243237 0.00265985 0.0026875
0.513224 0.222826 0.0350085 0.0408895 0.00701064 0.0940912 0.0869498
0.256196 0.483849 0.00209002 0.243756 0.00191798 0.00699858 0.00519254
0.592258 0.231449 0.0151469 0.0425895 0.00419607 0.081527 0.0328338
0.0817279 0.499319 0.00199294 0.399465 0.00947866 0.00496965 0.00304664
0.0508983 0.847944 0.00611802 0.0427928 0.0126789 0.033224 0.00634428
0.00349094 0.975172 0.00036306 0.0196046 0.00044895 0.00043978 0.000481081
0.000808301 0.998013 0.000270022 0.000429245 0.000177598 0.000127186 0.000174834
0.0137118 0.982663 0.00164165 0.000618388 0.000410268 0.000482204 0.000472837
0.152332 0.639302 0.00395703 0.171611 0.00432149 0.0175575 0.0109185
0.602586 0.148003 0.00159574 0.223123 0.000760472 0.0141824 0.00974893
0.00101922 0.997038 0.000203918 0.00128172 0.000158045 0.000127072 0.000171683
0.0621339 0.535778 0.000625616 0.395853 0.0011749 0.00233349 0.00210181
0.215168 0.0715315 0.0424967 0.0255789 0.00605509 0.317812 0.321358
0.0215937 0.380269 0.000505557 0.592531 0.00163832 0.00164029 0.00182244
0.00164817 0.997 0.000470758 0.000395578 0.000165154 0.000135463 0.000185427
0.176672 0.640631 0.00219919 0.170063 0.00227435 0.00480803 0.00335288
0.00610442 0.924871 0.000654559 0.0649961 0.00142086 0.00096471 0.000988615
0.0491955 0.271802 0.023091 0.0250433 0.326799 0.292526 0.0115436
0.0400682 0.846343 0.00641229 0.0593859 0.0170952 0.0230673 0.0076277
0.0145622 0.849987 0.00109762 0.127492 0.00235907 0.0022155 0.0022868
0.0121365 0.898681 0.00113526 0.0817504 0.00183274 0.00210068 0.00236305
0.0760746 0.870194 0.0025546 0.0379148 0.00232399 0.0089119 0.00202659
0.00140073 0.996468 0.000303324 0.00113191 0.000298322 0.000168976 0.000229202
0.0132533 0.974085 0.00105138 0.00914646 0.00100298 0.000708985 0.000752183
0.0166707 0.785153 0.0011165 0.190717 0.00246598 0.00188425 0.00199344
0.153842 0.0540257 0.0314541 0.0454877 0.00433302 0.238127 0.47273
0.223114 0.586405 0.00595514 0.145181 0.0165466 0.0162173 0.00658093
0.000254441 0.999197 0.000322284 5.15506e-05 5.89654e-05 3.94121e-05 7.60783e-05
0.000522861 0.998745 0.000132126 0.000388143 7.33004e-05 5.34901e-05 8.49163e-05
0.0719104 0.159739 0.00198675 0.716962 0.0354611 0.0110735 0.00286704
0.00720417 0.969135 0.00209335 0.015146 0.00273653 0.00205277 0.00163171
0.0697392 0.781457 0.00247965 0.134864 0.00466823 0.00415023 0.00264164
0.0931935 0.809899 0.00275485 0.0825268 0.00321296 0.00557223 0.00284024
0.00123731 0.994522 0.00029127 0.00309415 0.000310074 0.000221198 0.000324422
0.152851 0.724659 0.0012952 0.115356 0.00124993 0.00290791 0.00168121
0.474027 0.302541 0.00354255 0.184374 0.00229135 0.0214562 0.0117686
0.000234273 0.999474 0.000106884 7.69648e-05 3.69198e-05 2.45196e-05 4.59535e-05
0.211084 0.24141 0.00146801 0.524944 0.00168986 0.0105281 0.00887595
0.000345033 0.999399 0.000145372 3.23604e-05 2.81694e-05 1.75139e-05 3.21832e-05
0.0724726 0.844288 0.00304887 0.06021 0.0042705 0.0120755 0.00363447
0.140127 0.678611 0.001239 0.172964 0.00154375 0.00330129 0.00221344
0.000351685 0.999286 7.89887e-05 0.000169074 4.24653e-05 2.76389e-05 4.443e-05
0.00202674 0.99431 0.00029874 0.00251341 0.000348211 0.000235604 0.000267313
0.0751173 0.638817 0.00175576 0.273613 0.0038761 0.00363419 0.00318651
0.223639 0.557368 0.0170034 0.0312238 0.0119592 0.14079 0.0180155
0.412442 0.37626 0.00301689 0.181165 0.00275382 0.017218 0.00714488
0.0592539 0.796463 0.00404016 0.117621 0.00721172 0.00840925 0.00700125
0.498491 0.133112 0.0250373 0.0303336 0.00480937 0.198679 0.109538
0.0144959 0.727134 0.000412243 0.254707 0.000986867 0.00109918 0.00116527
0.00127481 0.997472 0.000607874 0.000180873 0.000164425 0.000111937 0.000187666
0.000277214 0.999321 0.000168239 7.12249e-05 5.36852e-05 3.74759e-05 7.11272e-05
1.30034e-05 0.999964 1.09819e-05 3.98442e-06 2.99788e-06 2.11947e-06 3.35552e-06
0.552881 0.376067 0.00553487 0.0361016 0.00505763 0.0202035 0.00415471
0.0401528 0.876765 0.00296803 0.0592421 0.006483 0.0111857 0.00320339
0.00189345 0.995938 0.00110708 0.000367656 0.000160547 0.000222377 0.000310758
0.214775 0.306996 0.00334152 0.444974 0.00570475 0.0148473 0.00936207
0.0296652 0.901077 0.00177401 0.0585403 0.00254827 0.00467795 0.00171769
0.0297224 0.936617 0.00298893 0.0215155 0.00268358 0.00362591 0.00284681
0.00704577 0.973713 0.000719877 0.0160803 0.000848335 0.000919812 0.00067301
0.0127671 0.877798 0.00112021 0.102136 0.00299594 0.00166955 0.00151292
0.0400842 0.598847 0.000676622 0.35536 0.00179408 0.00167792 0.00155997
0.174004 0.698713 0.00980142 0.0433769 0.0143427 0.0509674 0.00879459
0.0248602 0.870337 0.0012097 0.0957973 0.0039758 0.00242404 0.00139552
0.193844 0.0838943 0.0201844 0.00750557 0.00270853 0.60621 0.0856527
0.0362158 0.820415 0.00305752 0.115622 0.0120275 0.00856778 0.00409408
0.052023 0.77131 0.00579913 0.126839 0.0208822 0.0156771 0.00746986
0.398681 0.570246 0.00281292 0.0149412 0.00117396 0.0103008 0.00184445
0.031874 0.87685 0.00352492 0.0647041 0.00913405 0.00983693 0.00407573
0.152223 0.553014 0.00937081 0.160347 0.0780538 0.0368797 0.0101117
0.035421 0.863804 0.00624675 0.0514597 0.0189671 0.0189696 0.00513175
0.0665829 0.096584 0.0397048 0.0175762 0.010811 0.513573 0.255168
0.597268 0.202718 0.00672762 0.131941 0.00294458 0.0346346 0.0237666
0.026287 0.454499 0.000455258 0.515074 0.00135093 0.00119981 0.00113443
0.00192783 0.994901 0.00081645 0.00112543 0.000424615 0.000333002 0.000472086
0.0277861 0.882331 0.00129166 0.080476 0.00314198 0.00343498 0.00153846
0.000127885 0.999627 7.45654e-05 7.43661e-05 2.60678e-05 2.2877e-05 4.76244e-05
0.116615 0.809892 0.00291381 0.0508172 0.00251162 0.0134421 0.00380813
0.0288406 0.840837 0.00100167 0.123197 0.00180238 0.00237419 0.00194724
0.00511593 0.0668341 0.00081236 0.00937853 0.91236 0.00529316 0.000205744
0.0382069 0.851111 0.00393907 0.0818573 0.0101381 0.00986588 0.00488163
0.00108645 0.995188 0.000190151 0.00297387 0.000222911 0.000151183 0.000187326
0.0275725 0.867196 0.000762385 0.0997511 0.00179852 0.00194065 0.000978583
0.469341 0.428172 0.00977355 0.0326472 0.00730166 0.0439927 0.00877144
0.229175 0.730536 0.0161767 0.00738124 0.00343049 0.00755275 0.00574777
0.171426 0.360381 0.00324933 0.441164 0.00705272 0.0100371 0.00668965
0.000162224 0.99939 4.61256e-05 0.000291037 4.02386e-05 2.56457e-05 4.50311e-05
0.607958 0.212753 0.0106063 0.0154086 0.0020623 0.130867 0.0203457
0.105694 0.0636005 0.0462427 0.0152416 0.00816333 0.471751 0.289307
0.145994 0.373124 0.00676079 0.22235 0.222661 0.0240716 0.00503715
0.169135 0.248699 0.0626334 0.0442246 0.0312075 0.324452 0.119649
1.67942e-05 0.999952 1.32704e-05 7.79203e-06 2.4805e-06 2.72472e-06 5.33855e-06
0.153984 0.254779 0.0318306 0.0808869 0.0238396 0.373757 0.0809231
0.495677 0.261991 0.0188817 0.0603214 0.00525959 0.0939552 0.0639141
0.0725866 0.770614 0.00216667 0.142131 0.00388806 0.00528432 0.00332905
0.0850444 0.581425 0.00451464 0.289393 0.0110571 0.0179648 0.010601
0.00105084 0.996372 0.000241438 0.00171672 0.000248968 0.000166284 0.0002039
0.0785695 0.839894 0.00459167 0.0487006 0.00570196 0.0181258 0.00441632
0.00341035 0.0568044 0.000569681 0.00534632 0.928213 0.00550753 0.000148457
0.00188982 0.990929 0.000278342 0.0059385 0.000377795 0.000262041 0.000324443
0.0113412 0.939363 0.00110261 0.0430927 0.00237197 0.00139252 0.00133644
0.281163 0.360594 0.0157093 0.121604 0.100268 0.10561 0.0150519
0.0485832 0.872779 0.00370406 0.0488954 0.00711478 0.015587 0.00333644
0.0707214 0.889783 0.00525965 0.0216507 0.00560355 0.00399314 0.00298866
0.159828 0.375278 0.00173423 0.451297 0.00296359 0.0049372 0.00396205
0.196237 0.170938 0.0280726 0.02201 0.015564 0.511557 0.0556211
0.735677 0.142825 0.00653158 0.0477093 0.0012984 0.0397196 0.0262393
0.00148726 0.996316 0.000827535 0.000407357 0.000328888 0.000233779 0.000399397
0.00115282 0.997492 0.000349429 0.000532566 0.000152736 0.000127749 0.000192957
