4.63563e-06 0.999989 5.06931e-07 3.25916e-06 7.13002e-07 1.03651e-06 6.48173e-07
0.0831519 0.668584 0.0202388 0.158966 0.0175602 0.0233881 0.0281116
0.0423278 0.910259 0.00536947 0.0186041 0.0057979 0.00864216 0.00899962
0.0913279 0.663879 0.030454 0.0863722 0.0320258 0.0478465 0.0480943
0.697503 0.0801819 0.00273747 0.211621 0.00161821 0.00320108 0.00313659
0.287393 0.230051 0.0387306 0.234116 0.0393421 0.100607 0.0697607
0.0223467 0.906851 0.00480491 0.0187741 0.0150395 0.0130341 0.0191499
0.0402671 0.807644 0.0145875 0.0606663 0.0143413 0.0262992 0.036195
0.178041 0.203879 0.103156 0.15429 0.099138 0.129561 0.131935
0.111607 0.442152 0.0714206 0.112474 0.0802578 0.0853073 0.0967819
0.0305248 0.824056 0.00999022 0.102553 0.00887719 0.0125705 0.0114289
2.13574e-08 1 1.01975e-08 3.24235e-08 1.79813e-08 5.74519e-08 1.60372e-08
0.104313 0.74038 0.013217 0.0853138 0.0256026 0.0174375 0.0137363
0.116768 0.334101 0.0761358 0.112396 0.117816 0.13707 0.105713
3.40375e-07 0.999999 5.43962e-08 3.13714e-07 1.06973e-07 1.29179e-07 1.0119e-07
0.149556 0.219231 0.106556 0.160699 0.106154 0.139607 0.118198
0.0781734 0.551993 0.00725114 0.338259 0.00616227 0.0104372 0.00772463
7.80241e-06 0.999971 3.01698e-06 5.72325e-06 3.11046e-06 3.34939e-06 6.2275e-06
0.428037 0.172246 0.0101249 0.361276 0.00806064 0.00978533 0.0104701
0.40874 0.243583 0.00670718 0.311898 0.00558106 0.0135857 0.00990491
0.0609511 0.845703 0.00591735 0.0675214 0.00844937 0.00588878 0.00556885
0.331655 0.101563 0.00518552 0.544008 0.00346015 0.00853674 0.00559104
0.412064 0.339896 0.0253606 0.0863011 0.0186574 0.0351358 0.0825856
0.203621 0.126213 0.00158278 0.661931 0.0014368 0.00349431 0.00172102
0.118485 0.77716 0.00525697 0.0696266 0.00730652 0.0134221 0.00874276
0.189797 0.243161 0.0882688 0.127702 0.0916214 0.117264 0.142186
3.10194e-06 0.99999 1.51177e-06 1.18434e-06 1.11488e-06 1.69933e-06 1.49784e-06
0.00934356 0.959099 0.00134489 0.0176285 0.00291809 0.00500647 0.00465927
0.0925801 0.728103 0.0116281 0.130668 0.0135324 0.0128121 0.0106756
4.42647e-06 0.999972 3.65873e-06 3.83704e-06 4.94958e-06 3.7616e-06 7.7572e-06
0.0639816 0.712469 0.0112014 0.148981 0.0153921 0.0253315 0.0226441
0.371571 0.388951 0.00937735 0.190387 0.013104 0.0147766 0.011833
0.140556 0.39625 0.0516794 0.179657 0.0700815 0.0844441 0.0773319
0.016744 0.945641 0.00557816 0.0114732 0.00437537 0.00685295 0.00933565
0.10723 0.741975 0.0144973 0.0726647 0.0233939 0.0181399 0.0220987
0.462436 0.158583 0.0326736 0.203754 0.028617 0.0610095 0.0529274
0.000109696 0.999632 4.11946e-05 7.14689e-05 5.21208e-05 4.50752e-05 4.86459e-05
0.102203 0.621191 0.0147142 0.198829 0.0122722 0.0288415 0.0219494
0.122799 0.65416 0.0396973 0.0586131 0.0289974 0.0416497 0.054083
0.0311609 0.864526 0.00106357 0.0963936 0.00167098 0.00266081 0.00252441
0.195621 0.294884 0.0791231 0.176377 0.0765953 0.0876732 0.0897269
0.000790189 0.997631 0.000197887 0.000696547 0.00032078 0.000203293 0.000159953
0.00695009 0.982318 0.000823035 0.00488185 0.00140463 0.00152685 0.0020955
0.434957 0.18994 0.024624 0.234281 0.0266467 0.057336 0.0322144
0.148512 0.741803 0.0139232 0.0512475 0.0168412 0.0124144 0.0152588
0.0426197 0.788513 0.00893515 0.104506 0.0161483 0.0252128 0.0140646
0.172708 0.362297 0.0680914 0.112028 0.0803065 0.104233 0.100335
0.197035 0.206635 0.0874822 0.185361 0.0845191 0.122356 0.116613
0.0316998 0.761026 0.00522246 0.176418 0.00723443 0.0105146 0.00788434
0.0953477 0.724256 0.0269045 0.0634516 0.0291277 0.0370171 0.0238949
0.000459464 0.998599 0.000112499 0.000399144 0.000181599 0.000122364 0.000125536
0.128236 0.617262 0.0357903 0.0949086 0.0383492 0.0406783 0.0447751
0.234606 0.255998 0.0439184 0.336821 0.0381575 0.0522619 0.0382371
0.00513045 0.978346 0.00137559 0.00874312 0.00202271 0.00188771 0.0024941
0.0682799 0.802527 0.00942456 0.0779447 0.0141635 0.0168729 0.0107878
0.00336483 0.988824 0.000643241 0.00473053 0.000519757 0.00123196 0.000685283
0.182625 0.279406 0.0762694 0.19524 0.0909753 0.0789491 0.0965353
4.58315e-06 0.999977 1.0287e-06 9.98318e-06 1.89709e-06 1.06573e-06 3.92086e-06
5.23957e-08 1 1.91606e-08 4.15764e-08 9.47641e-08 2.54646e-08 3.26221e-08
0.362788 0.190755 0.010723 0.395083 0.009566 0.0172093 0.0138763
0.000710252 0.998485 3.04529e-05 0.000504123 5.66145e-05 8.36239e-05 0.00012951
0.108156 0.567753 0.0355735 0.0913253 0.0526436 0.0729704 0.0715784
0.000365156 0.998678 7.17446e-05 0.000428961 0.000148414 0.000158163 0.000149294
0.0729422 0.749673 0.0211899 0.0619702 0.0220291 0.0379611 0.0342343
0.0291454 0.919169 0.00580821 0.0169097 0.0064833 0.0117561 0.0107287
0.0606884 0.758882 0.0187666 0.0542189 0.0224195 0.041234 0.0437911
4.5411e-06 0.999976 3.69622e-06 3.82324e-06 4.57083e-06 3.89429e-06 3.40537e-06
0.000169932 0.999442 5.60631e-05 0.000152949 6.27136e-05 6.23996e-05 5.41753e-05
0.17965 0.303155 0.049069 0.268504 0.0667744 0.0826125 0.050235
0.125932 0.728628 0.0100115 0.0790056 0.0287621 0.0155606 0.0120999
0.279979 0.404132 0.0308369 0.1429 0.041706 0.0476193 0.0528267
0.325568 0.232504 0.0172511 0.367716 0.0120741 0.0227301 0.0221578
0.0272979 0.833159 0.0205543 0.0509396 0.0208562 0.0270001 0.0201925
0.000367371 0.999074 0.000105053 0.000113018 7.6914e-05 0.000108538 0.000154853
0.0979793 0.522522 0.0522624 0.118343 0.0523325 0.0816124 0.0749484
0.158943 0.270573 0.0874416 0.143465 0.0836501 0.124736 0.131191
0.134497 0.251703 0.0870931 0.1566 0.0996981 0.132007 0.138403
0.127196 0.731491 0.0143845 0.0627206 0.0181494 0.019346 0.0267124
0.261765 0.374453 0.0141947 0.304267 0.0122963 0.0176611 0.0153634
2.20277e-05 0.999921 6.21493e-06 2.30992e-05 1.38597e-05 6.63082e-06 6.87929e-06
2.03524e-05 0.999963 1.59502e-06 9.66412e-06 2.27728e-06 1.59821e-06 1.73999e-06
0.0647209 0.80851 0.0153786 0.0305056 0.0287991 0.0234128 0.0286729
0.00911599 0.976345 0.00270346 0.00260512 0.00187597 0.00241601 0.0049388
0.0487876 0.851432 0.00723425 0.0497745 0.0114071 0.018242 0.0131221
0.0108233 0.969593 0.00190672 0.00902553 0.00323123 0.00244089 0.00297944
0.00145056 0.995525 0.000324019 0.000913044 0.000725408 0.000546169 0.000516047
0.304817 0.252259 0.0498499 0.193368 0.0488944 0.0763518 0.0744595
0.0547457 0.82491 0.0197988 0.0434479 0.0202036 0.0188687 0.018025
0.20788 0.227094 0.0915702 0.12931 0.100888 0.126459 0.116799
7.0869e-05 0.999802 1.7309e-05 4.54832e-05 1.49747e-05 2.75058e-05 2.16613e-05
2.92719e-06 0.99999 1.37109e-06 2.53128e-06 8.51906e-07 7.90429e-07 1.00478e-06
0.0341066 0.870163 0.0147781 0.0267795 0.00886055 0.020369 0.0249431
1.40977e-05 0.999961 4.32371e-06 7.02811e-06 5.23187e-06 3.29945e-06 4.66847e-06
0.0968552 0.754514 0.0169765 0.0718552 0.0268104 0.0172177 0.015771
0.159888 0.285239 0.0955825 0.141967 0.0918051 0.10865 0.116868
0.00318488 0.996098 2.72081e-05 0.00035672 4.51482e-05 0.000112216 0.00017576
0.141662 0.259231 0.0357596 0.340522 0.0500299 0.116386 0.0564097
0.103424 0.774783 0.010298 0.0710995 0.00853769 0.0136294 0.0182279
0.136733 0.33459 0.041785 0.269196 0.0486472 0.0959502 0.0730984
0.54613 0.155009 0.0186812 0.20075 0.0168217 0.0378457 0.0247627
0.0167681 0.959029 0.00362214 0.0111077 0.00386687 0.00221478 0.00339124
0.00108834 0.994723 0.000388118 0.00143208 0.000769458 0.000969892 0.000629141
0.274697 0.384905 0.0379716 0.100255 0.049838 0.0857276 0.0666064
0.0946596 0.796365 0.0103328 0.048855 0.0151882 0.0181096 0.0164895
0.000752095 0.997943 0.000169855 0.000556811 0.000354714 0.000137014 8.66362e-05
0.465384 0.216143 0.0272906 0.117425 0.0361307 0.0882641 0.0493613
0.0215245 0.90126 0.0097934 0.0240802 0.0123551 0.0178929 0.0130935
0.0250911 0.898769 0.00976146 0.0334757 0.0116131 0.0105048 0.0107846
0.354878 0.278693 0.0240927 0.254571 0.0325327 0.0344491 0.0207837
2.23067e-07 0.999999 1.71223e-07 2.29343e-07 1.34589e-07 3.08701e-07 2.91589e-07
0.0155126 0.944402 0.00487326 0.018673 0.00649102 0.00323846 0.00680923
0.000719176 0.997953 0.000141168 0.000633414 0.000167747 0.000147641 0.000238122
0.208706 0.585058 0.0222433 0.12049 0.0184472 0.0301741 0.0148815
2.46305e-05 0.999906 6.85581e-06 2.99547e-05 6.19685e-06 1.13334e-05 1.52679e-05
2.40917e-05 0.999949 6.02294e-06 1.01647e-05 4.80608e-06 2.94663e-06 3.1652e-06
0.0110592 0.972148 0.00193058 0.00683066 0.00259774 0.00261426 0.00281993
0.258096 0.217717 0.0710796 0.101209 0.102242 0.130855 0.118801
0.000399627 0.998993 5.70193e-05 0.000211551 9.39278e-05 0.00010382 0.000141446
0.166085 0.204365 0.0945065 0.1664 0.0928021 0.133514 0.142327
0.127798 0.586785 0.0423313 0.0754487 0.036724 0.0752943 0.0556195
2.4479e-06 0.999991 9.21679e-07 2.42788e-06 9.20473e-07 7.87361e-07 1.59238e-06
0.122577 0.470595 0.0599759 0.161735 0.0432714 0.07444 0.0674053
0.0837634 0.689544 0.0264884 0.0821207 0.0451419 0.0371582 0.0357837
0.00561289 0.985386 0.00105052 0.00276034 0.00103536 0.0015619 0.00259294
0.0117496 0.970742 0.00116536 0.00920611 0.00131674 0.00227763 0.00354261
0.125771 0.432153 0.0500599 0.189439 0.0509044 0.0767551 0.0749169
1.54901e-05 0.999946 4.91875e-06 1.47585e-05 9.02133e-06 3.7851e-06 5.6345e-06
0.000354988 0.998426 0.000126587 0.000517246 9.30831e-05 0.000199487 0.000282209
0.059507 0.814745 0.0167042 0.0541173 0.0172165 0.0188184 0.0188918
7.92858e-07 0.999998 4.74252e-07 2.78807e-07 2.70376e-07 2.67082e-07 1.88459e-07
0.000295045 0.998934 0.000106569 0.000168 0.000117204 0.000216869 0.000162388
0.00184248 0.994951 0.000416242 0.0011977 0.000603382 0.000399159 0.000590213
0.123606 0.561159 0.0328191 0.155554 0.0293132 0.0499395 0.0476092
0.00123633 0.996116 0.000293294 0.00130175 0.000287925 0.000388996 0.000375987
0.158866 0.330827 0.0673968 0.156294 0.0696554 0.120884 0.0960764
0.421679 0.130789 0.0126426 0.39964 0.00679303 0.0173701 0.011087
1.05184e-05 0.999971 5.98691e-06 2.19879e-06 3.29849e-06 3.21875e-06 4.22647e-06
0.000188317 0.999393 8.26119e-05 0.000105708 9.43919e-05 5.32728e-05 8.27955e-05
0.00738324 0.979446 0.00123235 0.00611071 0.00240397 0.00118279 0.00224127
7.0253e-06 0.999984 1.38096e-06 3.26538e-06 2.10429e-06 1.19674e-06 7.13229e-07
0.249789 0.273946 0.0722061 0.160389 0.0634715 0.0714912 0.108707
0.1129 0.431852 0.0359696 0.206384 0.0519099 0.0992199 0.061765
5.69988e-07 0.999998 2.14142e-07 3.09382e-07 3.30344e-07 1.79431e-07 1.17439e-07
1.49663e-07 0.999999 1.10221e-07 3.35765e-08 8.99943e-08 1.40535e-07 1.24469e-07
0.00677527 0.984801 0.000888729 0.00387548 0.000890517 0.00111776 0.00165093
0.214419 0.198299 0.0607403 0.269639 0.0676783 0.092136 0.0970875
5.11413e-06 0.999975 2.27055e-06 6.20685e-06 6.57842e-06 1.93027e-06 3.05353e-06
0.162506 0.270395 0.0665473 0.208958 0.0702743 0.119417 0.101902
0.000166856 0.999265 8.28816e-05 0.000114706 7.61724e-05 3.59235e-05 0.000258034
0.676046 0.25269 0.00275563 0.0561132 0.00348609 0.00575219 0.0031568
0.00271768 0.993309 0.000438955 0.00127068 0.000589892 0.000471333 0.00120196
0.0656921 0.755749 0.0255911 0.0354256 0.0315489 0.0478407 0.0381529
1.99184e-06 0.999992 9.5032e-07 1.46843e-06 1.79485e-06 9.97238e-07 1.05524e-06
0.235182 0.233786 0.0801053 0.16007 0.0835313 0.117957 0.0893692
0.00756457 0.978668 0.00392613 0.00350161 0.00136206 0.00213722 0.00284008
0.395258 0.348441 0.0298583 0.131562 0.0253314 0.0422068 0.0273428
0.299811 0.207103 0.057192 0.176587 0.0486454 0.0994566 0.111205
0.0732103 0.716249 0.0327635 0.058416 0.0378888 0.0443975 0.0370747
0.0335998 0.806476 0.0227677 0.045484 0.0286942 0.0320355 0.0309431
4.76943e-05 0.99987 9.5305e-06 2.13577e-05 1.70364e-05 1.72769e-05 1.75422e-05
0.123038 0.678223 0.0311783 0.0609145 0.0372458 0.0309098 0.0384902
0.00142265 0.99591 0.000426504 0.00103363 0.00024352 0.000414464 0.000549333
0.0993457 0.472783 0.0498046 0.119589 0.0594252 0.104599 0.0944542
2.18261e-07 0.999999 1.02861e-07 6.83769e-08 5.45113e-08 4.94196e-08 7.55263e-08
3.8563e-06 0.99999 5.61945e-07 1.95332e-06 1.92006e-06 1.0544e-06 1.09023e-06
0.0691136 0.841672 0.0122572 0.0322196 0.0139337 0.0142522 0.0165512
2.35299e-05 0.999921 7.13558e-06 2.2433e-05 7.4925e-06 8.87459e-06 9.13059e-06
0.134219 0.313868 0.105848 0.131008 0.0979325 0.0992148 0.11791
0.00694389 0.982488 0.00132402 0.00347751 0.00105977 0.00107814 0.00362913
0.133781 0.341111 0.0690405 0.18787 0.0688666 0.0960239 0.103307
0.00156322 0.996012 0.000194307 0.00122339 0.000326415 0.000350693 0.000329867
0.109779 0.453118 0.0125292 0.350892 0.0169907 0.0304855 0.026206
8.35155e-05 0.999743 3.61864e-05 4.71083e-05 3.22286e-05 3.31314e-05 2.45815e-05
0.0295935 0.835635 0.0037991 0.103579 0.00684068 0.0121486 0.00840407
0.183034 0.634518 0.0225995 0.0942553 0.0159538 0.0329144 0.0167252
0.051416 0.845526 0.0143847 0.039763 0.0146107 0.0174007 0.0168988
0.26772 0.438446 0.0258327 0.155426 0.031479 0.0486795 0.032416
0.421911 0.204185 0.0280639 0.227296 0.0281059 0.043278 0.0471607
0.224967 0.582923 0.00863996 0.153457 0.00858798 0.0129506 0.00847344
0.105259 0.76855 0.0223191 0.0428071 0.0163004 0.0261466 0.0186184
1.31638e-06 0.999996 3.15166e-07 6.38361e-07 4.97442e-07 9.18297e-07 3.26774e-07
0.88206 0.0774425 0.00269864 0.0287686 0.00196326 0.00381088 0.00325662
0.20856 0.228885 0.0796188 0.242261 0.0685437 0.0960766 0.0760553
2.62215e-06 0.999989 5.35089e-07 3.33421e-06 1.51657e-06 1.26248e-06 1.80219e-06
0.165869 0.680119 0.0155991 0.0514595 0.0242061 0.0360712 0.0266765
0.000586281 0.99764 0.000176691 0.000822362 0.000192732 0.000303417 0.000278042
0.0816687 0.766972 0.0178693 0.0547382 0.0216683 0.0268767 0.0302072
1.33189e-06 0.999996 2.99895e-07 1.05805e-06 7.25004e-07 3.92566e-07 3.03116e-07
0.073511 0.661366 0.0153939 0.214795 0.0136606 0.0102412 0.0110333
0.340692 0.293794 0.0225996 0.260753 0.018073 0.038902 0.0251861
3.85987e-05 0.999842 1.38872e-05 1.99526e-05 2.03892e-05 3.57689e-05 2.9143e-05
0.556079 0.124165 0.0271476 0.181556 0.0284112 0.0429837 0.0396574
0.0839765 0.628798 0.0275312 0.129458 0.0325183 0.0417597 0.0559584
0.00398989 0.986523 0.000956368 0.00286928 0.00155138 0.00202815 0.00208184
0.0382046 0.924402 0.00314495 0.0168582 0.00303669 0.00915373 0.00519982
0.0205676 0.956155 0.0021622 0.0100329 0.00401935 0.00399681 0.003066
4.96498e-07 0.999998 8.82077e-08 4.37054e-07 3.8965e-07 1.62865e-07 1.09018e-07
0.189209 0.646411 0.0214156 0.0761716 0.0194321 0.0222372 0.0251243
5.65074e-06 0.999986 9.25407e-07 3.47275e-06 1.45538e-06 1.24178e-06 1.43782e-06
0.00262221 0.989983 0.000496415 0.00442786 0.000669431 0.00103431 0.000766765
0.153663 0.418041 0.0648834 0.0973559 0.0674379 0.0922449 0.106374
0.00394051 0.988355 0.000791828 0.00130089 0.00136367 0.00136358 0.00288475
2.61075e-06 0.999992 2.73368e-06 7.9782e-07 6.722e-07 6.37987e-07 3.32222e-07
0.0557523 0.863109 0.0145905 0.0271349 0.0132197 0.0120684 0.0141253
0.134104 0.505014 0.0337359 0.216857 0.023735 0.0363859 0.0501681
0.435112 0.271868 0.0201645 0.21526 0.014405 0.0228207 0.0203701
0.0782516 0.75027 0.0240971 0.0489513 0.0250756 0.0397722 0.0335817
0.200299 0.189474 0.057654 0.337225 0.0471268 0.0956076 0.0726135
0.00435206 0.978533 0.00333198 0.00431008 0.00315366 0.00279383 0.00352505
5.68534e-05 0.999811 8.17901e-06 7.99348e-05 5.13956e-06 1.23097e-05 2.60584e-05
0.286189 0.204551 0.0429851 0.295943 0.0422548 0.0688305 0.0592472
1.28885e-06 0.999996 2.08667e-07 1.05417e-06 7.96087e-07 5.68948e-07 3.73991e-07
1.17644e-05 0.999973 1.64214e-06 4.86926e-06 2.96274e-06 2.00696e-06 3.38054e-06
0.0108286 0.959991 0.00303434 0.0137965 0.00389544 0.0038221 0.00463179
0.174605 0.340945 0.080076 0.134013 0.0740732 0.0910987 0.105189
0.00409884 0.987191 0.000223545 0.00778756 0.000182078 0.000207972 0.000309403
0.127366 0.498928 0.0433472 0.158655 0.0583709 0.061302 0.0520315
7.41531e-06 0.999976 2.10671e-06 7.26835e-06 4.55199e-06 1.09473e-06 1.71286e-06
0.121624 0.513235 0.0464066 0.121238 0.0514812 0.0558121 0.090203
5.10119e-07 0.999998 2.16626e-07 2.55228e-07 3.21333e-07 2.62919e-07 3.66881e-07
0.211185 0.441874 0.0363724 0.170675 0.0297341 0.0407306 0.0694288
0.0153762 0.956893 0.00235986 0.0110271 0.00446111 0.0070344 0.00284819
0.315639 0.402708 0.0294783 0.100109 0.0441089 0.0630617 0.0448952
5.59787e-06 0.99998 4.6572e-06 3.70964e-06 1.69978e-06 2.24832e-06 1.95692e-06
4.08303e-06 0.999989 1.16904e-06 2.19895e-06 1.16509e-06 1.25864e-06 1.44644e-06
1.52423e-06 0.999994 1.2853e-06 8.15257e-07 6.97306e-07 1.16341e-06 8.09879e-07
0.114295 0.445772 0.0393635 0.211137 0.0402773 0.0650736 0.0840818
0.0185376 0.949264 0.00155172 0.0226845 0.00273284 0.00291325 0.00231608
0.25829 0.49566 0.010257 0.181401 0.0173221 0.0142309 0.0228391
0.0327477 0.932575 0.00447529 0.0164786 0.00536815 0.00385709 0.00449838
0.000455646 0.998813 7.58597e-05 0.000356103 4.96135e-05 0.000117426 0.000132165
0.198501 0.398787 0.00745052 0.366104 0.00794447 0.0123681 0.00884493
0.0277616 0.876353 0.0115098 0.03117 0.0118735 0.0204113 0.0209211
2.70179e-06 0.999993 1.77156e-06 8.39066e-07 6.45713e-07 7.21299e-07 5.48952e-07
0.00387955 0.994129 0.000155693 0.00090058 0.000398529 0.000318908 0.000217541
0.170167 0.213974 0.0794436 0.213015 0.0889797 0.126738 0.107683
0.193096 0.235417 0.0569447 0.269078 0.0556806 0.0942347 0.0955502
0.00809485 0.98167 0.00101524 0.00518147 0.00208395 0.00118385 0.00077052
8.95209e-07 0.999996 4.42478e-07 8.95145e-07 9.25107e-07 5.43374e-07 4.90809e-07
0.00634315 0.968784 0.00125202 0.0162838 0.00197029 0.00284098 0.0025261
0.00899746 0.973654 0.00191571 0.00851493 0.00153087 0.00220633 0.00318093
0.00115948 0.996842 0.000175938 0.000858304 0.000309053 0.000317662 0.00033728
0.0495882 0.801831 0.0154468 0.0755063 0.0155658 0.0183832 0.023679
0.206016 0.350061 0.0274126 0.286269 0.0377866 0.0521708 0.0402834
4.82249e-06 0.999991 4.67927e-07 2.18379e-06 8.64893e-07 6.49066e-07 5.61203e-07
0.11352 0.745219 0.0102233 0.0917076 0.0137546 0.0125161 0.0130598
2.88605e-07 0.999998 2.83743e-07 3.04537e-07 3.85093e-07 4.59111e-07 4.06666e-07
0.186574 0.280026 0.105319 0.108418 0.0822497 0.118898 0.118516
1.30068e-05 0.999963 2.96619e-06 7.77458e-06 4.302e-06 3.41023e-06 5.27527e-06
0.179094 0.553676 0.027564 0.13876 0.0358458 0.0485962 0.0164642
0.166032 0.229147 0.0860665 0.185433 0.0974447 0.108613 0.127264
0.184313 0.244685 0.0595773 0.200892 0.0891322 0.143723 0.0776774
0.00450937 0.958923 0.00268243 0.0226389 0.00224216 0.00457826 0.00442627
0.0567196 0.868056 0.00781202 0.0347258 0.0176193 0.00915621 0.00591111
0.011978 0.976356 0.000974714 0.00537162 0.00182152 0.00183835 0.00165945
3.22932e-05 0.999898 1.65948e-05 2.62854e-05 8.95943e-06 8.34478e-06 9.32686e-06
0.157121 0.173726 0.129278 0.146024 0.121602 0.14308 0.129169
0.102763 0.370115 0.0574677 0.253467 0.0596811 0.0840562 0.0724495
0.0681596 0.789296 0.0204784 0.0600158 0.0155564 0.0239397 0.0225545
0.0239694 0.924882 0.00404506 0.0317751 0.00632061 0.00388344 0.00512437
0.0326266 0.89472 0.00299325 0.0513519 0.00751958 0.00358784 0.00720091
0.0133315 0.964444 0.00242382 0.00997089 0.00369234 0.00281033 0.00332697
0.0128107 0.969323 0.00150195 0.00710988 0.00240024 0.00346097 0.00339309
0.00266248 0.992836 0.000620429 0.00170556 0.000300675 0.000893763 0.000981355
0.0286724 0.886175 0.0102943 0.0477863 0.0101919 0.00830602 0.00857387
2.51943e-05 0.999935 3.42695e-06 1.30498e-05 7.44625e-06 4.44326e-06 1.12979e-05
0.230918 0.33816 0.0190798 0.339995 0.0185694 0.0253453 0.027932
1.0462e-05 0.999927 9.11031e-06 8.84638e-06 1.36098e-05 1.38126e-05 1.70524e-05
0.103265 0.574832 0.0182142 0.211791 0.0244973 0.0375741 0.0298266
0.26137 0.249641 0.0489118 0.202643 0.0517672 0.086538 0.0991287
0.149675 0.289533 0.0902069 0.120112 0.0869338 0.139937 0.123601
0.147141 0.560501 0.0381392 0.0889186 0.04316 0.0522591 0.0698817
0.000138793 0.999602 5.02425e-05 6.69187e-05 2.78856e-05 5.04636e-05 6.37381e-05
0.000649351 0.997868 0.000148231 0.000821054 0.000136611 0.000141815 0.000234568
2.42667e-05 0.999889 1.63593e-05 2.05822e-05 1.59632e-05 7.94114e-06 2.56118e-05
0.0147953 0.949681 0.00386041 0.0162225 0.00460622 0.00678678 0.00404811
0.0276555 0.892164 0.00792861 0.0336863 0.01204 0.0143105 0.0122156
0.000153694 0.999592 2.84686e-05 6.38903e-05 3.74049e-05 4.0012e-05 8.41483e-05
0.00488203 0.98545 0.00187395 0.0030249 0.000744664 0.00135975 0.00266468
5.43436e-07 0.999998 6.10817e-07 1.7682e-07 1.34804e-07 1.92479e-07 1.68694e-07
5.59165e-06 0.999985 3.35501e-06 2.05735e-06 1.20316e-06 1.94101e-06 1.35619e-06
0.141634 0.613276 0.0326319 0.0803411 0.0364854 0.0547313 0.0408995
0.000376804 0.998326 0.000105567 0.000405572 0.000271092 0.000218794 0.000296222
0.747819 0.129677 0.0113194 0.0670518 0.0111432 0.0161356 0.0168538
0.0252385 0.918844 0.00545785 0.0299732 0.00877054 0.00577756 0.00593844
0.00602421 0.987566 0.00072647 0.0029134 0.000581239 0.000973047 0.00121587
0.0871073 0.777723 0.0121773 0.0529292 0.0158867 0.020787 0.0333897
0.00170395 0.989754 0.000496036 0.00488862 0.00102576 0.00103617 0.00109488
3.56888e-05 0.999945 2.41264e-06 7.87151e-06 4.06495e-06 2.59524e-06 2.24901e-06
3.29936e-06 0.999982 3.9252e-06 1.66858e-06 2.09843e-06 3.95954e-06 2.73358e-06
0.0744721 0.78224 0.0200334 0.0558378 0.0159969 0.0279494 0.023471
5.89831e-07 0.999998 5.97755e-07 3.96773e-07 1.9241e-07 3.69116e-07 2.09886e-07
0.00870998 0.971986 0.00335722 0.00444551 0.00277394 0.00260195 0.00612588
0.18059 0.376547 0.0517925 0.167294 0.061586 0.0976927 0.0644983
0.245919 0.541529 0.00309784 0.197449 0.00400352 0.00324503 0.00475667
1.34386e-06 0.999995 3.33176e-07 9.09301e-07 1.34154e-06 3.8222e-07 3.0473e-07
5.31198e-06 0.999988 1.34003e-06 1.47778e-06 1.51498e-06 1.67476e-06 1.00005e-06
0.267025 0.651797 0.00244207 0.069875 0.00259719 0.0036806 0.00258301
5.39665e-07 0.999998 7.83735e-07 2.48813e-07 1.92016e-07 2.40461e-07 2.87541e-07
0.118196 0.610115 0.0385876 0.0701529 0.0382584 0.0617195 0.0629707
0.127415 0.607993 0.0145401 0.178378 0.0163966 0.0288048 0.0264728
4.58158e-05 0.999843 1.34962e-05 3.46052e-05 3.27412e-05 1.84388e-05 1.24008e-05
0.203626 0.297382 0.0679468 0.193691 0.0818854 0.0800824 0.0753859
0.275093 0.1716 0.0440087 0.300755 0.0413143 0.0777183 0.0895103
0.35024 0.254248 0.0285146 0.270118 0.02694 0.036007 0.0339321
0.0544212 0.781548 0.0196616 0.0725565 0.0231007 0.0285755 0.0201366
1.6889e-05 0.999942 5.84623e-06 1.68571e-05 5.04726e-06 6.61953e-06 7.04118e-06
8.77715e-07 0.999994 6.34402e-07 1.12404e-06 1.38745e-06 8.01053e-07 1.06785e-06
3.26443e-06 0.99999 1.12321e-06 2.20974e-06 1.67748e-06 1.11853e-06 1.05609e-06
0.0424661 0.871404 0.00924185 0.0440618 0.0108908 0.0120946 0.00984098
0.351487 0.267213 0.0467951 0.137127 0.0499719 0.0596186 0.0877871
0.177597 0.25811 0.0362838 0.350655 0.0370009 0.0955161 0.0448367
0.000370184 0.999216 3.66459e-05 0.000167723 6.17899e-05 6.44083e-05 8.27736e-05
0.0869852 0.686545 0.0301379 0.0800078 0.0328481 0.0448921 0.0385837
2.15369e-05 0.999948 5.10514e-06 1.09217e-05 6.35696e-06 3.39253e-06 4.51019e-06
0.226805 0.195983 0.0858128 0.225092 0.0760919 0.1103 0.0799153
0.00363141 0.989388 0.000477945 0.00429635 0.000737258 0.000621916 0.000846703
0.17205 0.199701 0.0947125 0.203297 0.0915316 0.131391 0.107317
0.0110523 0.963912 0.00280973 0.0102215 0.00311415 0.00408772 0.00480301
0.00443468 0.989919 0.000690555 0.00278596 0.000372844 0.000882827 0.00091436
0.0440358 0.81262 0.0154775 0.0403826 0.017387 0.0311606 0.0389359
0.232956 0.276072 0.0249801 0.357242 0.0194878 0.0512363 0.038026
0.000492271 0.998701 7.99345e-05 0.000278116 0.000177985 0.000119087 0.000151463
0.0412082 0.885031 0.00738505 0.0372393 0.00989926 0.010449 0.00878864
0.0012231 0.997399 0.00012482 0.000566927 0.000203248 0.000254198 0.000228497
0.00121238 0.997083 0.000215317 0.000729437 0.000228097 0.000299787 0.00023229
0.000630602 0.997396 0.000165284 0.000769372 0.000223046 0.000372801 0.000443218
1.71048e-06 0.999994 1.00213e-06 1.05482e-06 7.60876e-07 6.51585e-07 7.8027e-07
0.0249169 0.865739 0.0109067 0.0317363 0.0192306 0.0259489 0.0215213
0.414358 0.273615 0.0366599 0.123735 0.0352977 0.0608281 0.0555068
4.20541e-06 0.999988 1.40851e-06 1.9163e-06 1.48126e-06 1.46243e-06 1.31749e-06
0.013667 0.939203 0.00729075 0.0139469 0.00696207 0.00706207 0.0118681
1.39468e-06 0.999996 1.36855e-07 9.30643e-07 1.96739e-07 3.44355e-07 5.13529e-07
0.150437 0.509554 0.0423757 0.113053 0.0542948 0.0772059 0.0530804
0.0956198 0.733563 0.0211903 0.0695589 0.0363369 0.0237463 0.0199853
1.69656e-05 0.999917 5.50945e-06 1.69582e-05 1.50082e-05 1.62662e-05 1.27525e-05
0.0180909 0.918074 0.00171613 0.05388 0.00221082 0.00308462 0.00294346
0.136683 0.433325 0.0167084 0.315084 0.0265284 0.0362005 0.0354709
1.29617e-05 0.999945 7.77337e-06 8.59753e-06 9.01772e-06 6.90338e-06 9.75583e-06
0.0270813 0.92222 0.00467553 0.0261475 0.00453317 0.00691908 0.00842365
0.000252712 0.999411 3.172e-05 0.000155834 3.85052e-05 3.82232e-05 7.15532e-05
0.040483 0.905467 0.0077165 0.0157193 0.0097861 0.00807101 0.0127572
0.123136 0.700709 0.0188486 0.0789471 0.0243405 0.023344 0.030675
0.000142036 0.999539 2.07498e-05 0.000208154 2.76534e-05 2.69982e-05 3.56394e-05
0.0690467 0.780307 0.0196993 0.0685396 0.0146303 0.0238662 0.0239107
0.0118066 0.953222 0.00404167 0.0177076 0.00435702 0.00546457 0.00340018
0.352025 0.346178 0.0122221 0.243296 0.0157835 0.0165401 0.0139549
0.0528939 0.834126 0.0146909 0.0490081 0.0140083 0.0158051 0.019468
0.000119314 0.999712 2.69127e-05 5.056e-05 2.59711e-05 1.84709e-05 4.65059e-05
0.0547394 0.842903 0.0127679 0.0460225 0.0115074 0.0175423 0.0145179
0.0734316 0.737691 0.0223682 0.0568655 0.0299914 0.0427618 0.0368905
0.0740702 0.694857 0.037833 0.0730966 0.0382805 0.0401968 0.0416664
0.0126748 0.962226 0.00278401 0.010804 0.00460294 0.00346969 0.00343837
0.00215737 0.993636 0.000649203 0.00147763 0.000526989 0.000701428 0.000850812
0.30428 0.517712 0.00587586 0.137598 0.00724731 0.0147915 0.0124957
0.219763 0.183248 0.087059 0.164476 0.098847 0.125025 0.121581
2.47403e-06 0.999994 5.15121e-07 1.23803e-06 1.01474e-06 6.24902e-07 5.09355e-07
0.385403 0.280743 0.0130615 0.257199 0.0117044 0.0274532 0.0244358
0.15446 0.232066 0.0926363 0.211248 0.0875682 0.108315 0.113707
0.126505 0.764685 0.00914983 0.0653185 0.0105699 0.0154024 0.00836998
0.30658 0.461265 0.00805997 0.191534 0.0106171 0.0118166 0.0101267
0.251751 0.43259 0.0309097 0.11146 0.0417369 0.0781372 0.0534157
0.0219989 0.929317 0.00545575 0.0186793 0.00834517 0.00829589 0.00790809
0.117603 0.485074 0.0534741 0.152849 0.0527351 0.0659034 0.0723614
0.00248685 0.991321 0.000489212 0.00343404 0.000350961 0.000521684 0.00139598
0.0423806 0.896933 0.00642949 0.0250571 0.0107364 0.00866932 0.00979387
0.19022 0.198038 0.105128 0.135899 0.101832 0.144518 0.124363
0.000157498 0.999517 3.64132e-05 0.000158522 3.45495e-05 5.13079e-05 4.41465e-05
0.0563685 0.826877 0.0141261 0.0572504 0.0145455 0.0193778 0.0114546
0.00137108 0.996783 0.000175854 0.000719276 0.000323677 0.000323162 0.000303606
8.0354e-07 0.999998 2.15495e-07 2.93634e-07 1.36868e-07 1.60388e-07 1.66601e-07
0.260819 0.218578 0.0101929 0.466488 0.00650377 0.0237364 0.0136817
0.00127919 0.997059 0.000119762 0.000837664 0.000182862 0.000213411 0.000307784
0.248729 0.39929 0.0220115 0.208134 0.0215134 0.0527375 0.0475846
0.00577827 0.97835 0.00123944 0.00834035 0.00222764 0.00258288 0.00148138
0.142457 0.663016 0.0154449 0.1259 0.0146192 0.0245704 0.0139927
0.167378 0.247791 0.0676367 0.204734 0.0709999 0.14315 0.0983098
0.000711195 0.998144 0.00015702 0.000650521 5.97455e-05 0.000137161 0.000140156
0.140847 0.645415 0.016906 0.14133 0.0148111 0.0179787 0.0227125
0.125175 0.702454 0.0207905 0.0934675 0.0214659 0.0201982 0.0164494
0.000794021 0.998118 0.000145335 0.000468334 0.000143886 9.98731e-05 0.000230925
0.00100142 0.997115 0.000282697 0.000920385 0.000352289 0.000174674 0.000153404
0.149595 0.428929 0.0389538 0.188397 0.0418736 0.0780429 0.0742081
0.000205622 0.999456 3.13525e-05 0.000176915 4.16281e-05 3.33877e-05 5.54631e-05
4.92607e-07 0.999998 1.13475e-07 4.71071e-07 1.41937e-07 2.35411e-07 1.6484e-07
0.000585884 0.998288 0.000114295 0.000603023 0.000108803 0.000139482 0.000160934
0.359246 0.249698 0.0122297 0.328504 0.0111261 0.0224114 0.0167849
5.59191e-05 0.99981 1.96893e-05 4.44284e-05 2.41574e-05 2.84649e-05 1.77478e-05
0.000223662 0.999356 5.45909e-05 0.000184403 5.72583e-05 6.57945e-05 5.8673e-05
0.00341306 0.989158 0.000769811 0.00325935 0.000867154 0.000999722 0.00153325
2.26164e-05 0.999907 1.76656e-05 1.16476e-05 9.8186e-06 2.15358e-05 9.94736e-06
2.9764e-06 0.999989 2.60702e-06 1.69501e-06 1.51198e-06 1.13395e-06 8.50437e-07
0.184724 0.521705 0.00777692 0.24526 0.0197981 0.0133092 0.00742657
0.0181094 0.941864 0.00779457 0.0143985 0.00288166 0.00564542 0.00930631
7.54268e-06 0.999977 5.45292e-06 2.73698e-06 1.93038e-06 3.22284e-06 2.08262e-06
0.00153276 0.992689 0.00100424 0.00189062 0.000634041 0.00137545 0.000873709
0.176925 0.302484 0.0498236 0.266013 0.0544332 0.0872851 0.0630359
1.23839e-07 1 5.86661e-08 4.33412e-08 8.29502e-08 6.29763e-08 7.58421e-08
0.0118477 0.966097 0.00309448 0.00858861 0.00376471 0.00322805 0.00337949
0.00454976 0.979386 0.00104186 0.00491723 0.00363941 0.00334017 0.00312548
0.314101 0.533764 0.00731983 0.105401 0.00909716 0.0166722 0.0136451
1.77153e-05 0.999931 1.44056e-05 1.22279e-05 9.31693e-06 9.17602e-06 6.39367e-06
2.02448e-05 0.999928 1.35657e-05 1.40958e-05 3.78546e-06 1.28912e-05 7.25305e-06
1.69173e-07 0.999998 2.36711e-07 4.33174e-07 1.81326e-07 3.23962e-07 3.92926e-07
0.358785 0.431898 0.0184995 0.0908138 0.0194558 0.0425317 0.0380164
1.68783e-06 0.999995 3.57017e-07 1.22015e-06 1.12764e-06 4.03848e-07 4.18752e-07
7.58854e-06 0.999969 4.1501e-06 5.53142e-06 7.79591e-06 3.04801e-06 2.37466e-06
0.00586193 0.984225 0.000793002 0.00528189 0.000953346 0.00122955 0.00165493
0.0646207 0.757646 0.0229294 0.0763234 0.0179511 0.0259813 0.0345475
0.117183 0.467128 0.0360347 0.20648 0.0319678 0.0566507 0.0845559
1.1115e-07 0.999999 1.05008e-07 1.73698e-07 2.22526e-07 1.17174e-07 1.93371e-07
5.89408e-06 0.999976 5.49708e-06 3.3505e-06 3.42877e-06 2.05373e-06 3.51677e-06
0.0936565 0.750502 0.0211059 0.0689902 0.0207501 0.0249487 0.0200464
0.0245846 0.880397 0.00420617 0.054877 0.0107994 0.0166442 0.00849183
6.14911e-06 0.99999 1.13765e-06 6.9058e-07 4.56357e-07 5.31749e-07 7.26022e-07
0.00356363 0.989294 0.000744367 0.00361967 0.000701383 0.00106757 0.00100981
0.156329 0.455325 0.0410521 0.221425 0.0398943 0.0466237 0.0393505
0.297715 0.404956 0.0291856 0.153776 0.033653 0.0364942 0.0442202
1.12526e-05 0.999968 2.87019e-06 7.43364e-06 4.45337e-06 3.26841e-06 2.80569e-06
0.0166274 0.954544 0.00286875 0.0158578 0.00433595 0.00295787 0.00280863
0.0027631 0.981401 0.00101885 0.0116095 0.00064644 0.0015691 0.000991995
0.582722 0.134174 0.0091155 0.235962 0.00769995 0.0153578 0.014969
7.96138e-07 0.999996 1.27959e-06 6.12655e-07 6.68601e-07 3.8988e-07 6.27861e-07
0.775335 0.101131 0.0101229 0.0765601 0.0100583 0.0153151 0.0114779
0.242049 0.545255 0.00974293 0.153245 0.0109335 0.0160568 0.0227178
0.0697983 0.795267 0.0191845 0.0530053 0.0160888 0.0270822 0.0195743
0.000446411 0.998988 9.49677e-05 0.000170794 0.000137724 9.82793e-05 6.35263e-05
3.88822e-07 0.999998 6.52965e-07 3.36116e-07 2.76617e-07 3.43914e-07 5.00185e-07
2.34615e-07 0.999999 2.8155e-07 8.74682e-08 7.93982e-08 1.05163e-07 3.75499e-08
4.36004e-07 0.999997 7.13991e-07 4.33426e-07 3.13036e-07 2.85468e-07 4.13677e-07
0.783778 0.165183 0.00514747 0.0279034 0.00331719 0.00922045 0.00545044
0.161618 0.421944 0.028415 0.266505 0.0296052 0.046579 0.0453335
0.00532776 0.980703 0.00139074 0.0058258 0.00253112 0.00183548 0.00238597
2.59246e-07 0.999999 6.19525e-08 1.28441e-07 1.52899e-07 1.20864e-07 7.2102e-08
0.140581 0.750426 0.00652018 0.0792801 0.00822407 0.00829441 0.00667425
0.350597 0.194914 0.0363205 0.2639 0.0369353 0.0644159 0.0529178
0.00780451 0.967501 0.00240875 0.00911038 0.00370404 0.00587529 0.00359564
0.000323698 0.999184 3.13747e-05 0.000225968 9.60645e-05 5.13512e-05 8.75064e-05
0.656398 0.145942 0.0202915 0.0823101 0.0192717 0.0413333 0.0344534
5.71382e-07 0.999998 3.80894e-07 2.25066e-07 2.75408e-07 1.48832e-07 3.01794e-07
0.0367894 0.895067 0.0113632 0.0225482 0.0096206 0.0104745 0.0141374
4.04995e-06 0.999992 7.37862e-07 1.56631e-06 9.86176e-07 4.40861e-07 5.94243e-07
7.89445e-08 1 3.51377e-08 8.39262e-08 3.78337e-08 8.60208e-08 6.24021e-08
0.00621486 0.973962 0.00283541 0.0057744 0.00379118 0.00387894 0.00354299
0.236078 0.268699 0.0261618 0.38102 0.0208012 0.0400461 0.0271935
0.32586 0.216008 0.0503744 0.183943 0.0542086 0.104332 0.0652736
0.122835 0.613848 0.0293455 0.144293 0.0261124 0.0322215 0.0313447
0.0614601 0.763096 0.0123884 0.0725534 0.0207648 0.0550918 0.0146451
0.00489468 0.978974 0.000945135 0.0112484 0.000758856 0.00143893 0.00173977
2.91607e-05 0.999919 8.01703e-06 1.53895e-05 6.36645e-06 7.02708e-06 1.50535e-05
2.45449e-05 0.999928 3.6969e-06 2.13111e-05 7.51221e-06 7.90505e-06 7.09927e-06
0.145536 0.279277 0.070504 0.242441 0.0663398 0.100914 0.0949875
0.415649 0.112432 0.00797649 0.440222 0.0054173 0.0114156 0.00688745
7.91474e-06 0.999984 1.77886e-06 2.47954e-06 1.91287e-06 1.4153e-06 7.633e-07
0.204265 0.247108 0.0349257 0.378412 0.0348551 0.0531523 0.0472829
0.230874 0.4826 0.0308522 0.10193 0.0194349 0.0446534 0.0896552
0.00723924 0.964892 0.00186409 0.0189331 0.00173113 0.00334427 0.00199563
4.09148e-05 0.999909 1.10962e-05 1.35975e-05 4.41582e-06 7.26883e-06 1.37592e-05
0.0798296 0.820522 0.00720863 0.0716013 0.00626354 0.0063255 0.0082496
0.0205041 0.953598 0.002603 0.0131006 0.00412976 0.00297037 0.00309383
0.138353 0.30628 0.0852312 0.1083 0.100787 0.144932 0.116117
0.0488178 0.776477 0.0174827 0.0795496 0.0244149 0.029908 0.0233499
7.67975e-05 0.999566 1.02769e-05 0.000234774 1.57858e-05 1.46338e-05 8.20647e-05
0.100608 0.650986 0.03592 0.0926232 0.0308769 0.0461884 0.0427981
0.512829 0.309717 0.00854535 0.140484 0.00925963 0.0129945 0.00617016
7.96078e-05 0.9998 2.22342e-05 4.55126e-05 1.92673e-05 1.29882e-05 2.07533e-05
9.38651e-05 0.999798 1.98424e-05 4.47629e-05 1.96099e-05 1.10125e-05 1.30316e-05
0.00319389 0.991915 0.000517216 0.0020675 0.000966053 0.00052984 0.000810129
0.204247 0.192466 0.0998885 0.185283 0.0829124 0.117018 0.118186
0.0913526 0.592342 0.0228709 0.120103 0.0427759 0.0785561 0.0519995
0.00083146 0.997193 0.000257623 0.000781009 0.000334101 0.000385389 0.000217859
0.000120998 0.99972 2.62516e-05 5.12457e-05 2.11518e-05 2.30258e-05 3.75417e-05
0.429058 0.173821 0.0144707 0.29935 0.0169404 0.0409997 0.0253598
2.21646e-05 0.999938 2.61977e-06 2.33768e-05 5.41301e-06 4.83123e-06 3.2649e-06
0.0346932 0.901998 0.00656376 0.0343529 0.00764974 0.00757073 0.0071713
0.00974269 0.9734 0.00265588 0.00430122 0.00279076 0.00369499 0.00341447
6.48445e-07 0.999998 1.70557e-07 7.21234e-07 4.39348e-07 1.20462e-07 1.51605e-07
0.129854 0.56929 0.0345212 0.145062 0.0332332 0.0381779 0.0498628
0.402691 0.309573 0.0119073 0.232237 0.009665 0.0224777 0.0114495
7.64137e-06 0.999977 2.7671e-06 4.504e-06 4.66648e-06 2.1111e-06 1.77342e-06
0.148598 0.232078 0.0809376 0.240049 0.0718287 0.118838 0.107671
1.08301e-05 0.999976 5.08318e-06 2.76431e-06 1.44045e-06 2.32953e-06 1.72938e-06
0.0406694 0.899827 0.00261784 0.0383647 0.00478347 0.00968008 0.0040571
0.230698 0.382677 0.0145286 0.319284 0.0135943 0.02056 0.0186576
0.000117026 0.999713 2.67013e-05 5.75654e-05 3.00424e-05 2.98943e-05 2.60594e-05
8.54959e-06 0.999981 3.01707e-06 2.86174e-06 1.84082e-06 1.58088e-06 8.53858e-07
0.00975306 0.965571 0.00225744 0.0114665 0.00306119 0.00285849 0.00503244
0.31208 0.246383 0.0497052 0.159544 0.0571125 0.106595 0.0685801
0.459435 0.328586 0.00854534 0.183107 0.00548954 0.00871257 0.00612399
0.0181154 0.956962 0.00157195 0.0129661 0.00137119 0.00356255 0.00545079
0.124561 0.489816 0.0483534 0.100674 0.0558983 0.0894828 0.091214
0.00108303 0.993238 0.000247514 0.00430797 0.00032867 0.000513801 0.000281041
0.000153157 0.999578 3.24037e-05 0.000106734 3.14304e-05 3.49495e-05 6.36255e-05
1.8626e-05 0.999907 2.16401e-05 1.33421e-05 1.43897e-05 7.26978e-06 1.78389e-05
4.01582e-07 0.999999 5.07746e-07 1.57616e-07 1.81738e-07 1.38177e-07 1.48434e-07
0.195245 0.38315 0.0678352 0.142827 0.0534176 0.0722113 0.0853132
0.044156 0.871878 0.00609823 0.0504094 0.00765368 0.0119546 0.00785012
1.91381e-05 0.999939 6.13703e-06 1.01067e-05 3.67547e-06 1.38715e-05 8.46808e-06
0.166953 0.230776 0.0636114 0.300831 0.0530101 0.0996299 0.0851876
0.23563 0.351661 0.0459959 0.199831 0.0485692 0.065907 0.0524063
5.26665e-07 0.999998 9.89129e-08 3.80692e-07 2.1693e-07 1.64986e-07 4.41286e-07
5.25607e-05 0.999838 1.22453e-05 2.84896e-05 2.41179e-05 2.74899e-05 1.65693e-05
0.000138616 0.999507 3.82311e-05 0.000164074 7.05249e-05 3.76886e-05 4.34738e-05
0.303538 0.223947 0.0293287 0.330758 0.036727 0.0411208 0.03458
0.65494 0.288062 0.00453775 0.0272293 0.0054304 0.0126803 0.00712118
0.0122173 0.97199 0.0016883 0.00870994 0.0021715 0.00153093 0.0016917
0.154071 0.501723 0.0367144 0.0809601 0.0464856 0.0832658 0.0967804
0.0141862 0.919602 0.00453243 0.0296913 0.0101192 0.0103932 0.0114758
0.0653356 0.556818 0.0365018 0.221988 0.0377337 0.0510343 0.0305887
0.0319066 0.877092 0.011428 0.0374523 0.0136165 0.0135973 0.014907
0.00488731 0.983019 0.000633477 0.00604286 0.00236135 0.00201942 0.00103673
0.176389 0.287066 0.0872187 0.178211 0.0828309 0.0959677 0.0923166
0.0218127 0.929596 0.00649693 0.0162915 0.00606766 0.00887566 0.0108594
0.00620207 0.969653 0.00283576 0.00644128 0.00494612 0.00454496 0.00537719
0.315745 0.243136 0.011356 0.385703 0.0104723 0.0172779 0.0163101
0.0266141 0.849966 0.0065081 0.0904027 0.00604701 0.0110273 0.00943433
5.38921e-06 0.999989 5.77137e-07 2.09487e-06 9.33167e-07 9.89814e-07 1.16947e-06
0.147779 0.628386 0.00602797 0.19389 0.00764138 0.010804 0.00547064
0.00328309 0.988588 0.001129 0.00349822 0.000913531 0.00132153 0.00126636
0.155157 0.401493 0.0595563 0.126351 0.069087 0.113556 0.0747992
0.152492 0.384183 0.0768481 0.127808 0.0731323 0.105138 0.0803988
0.546964 0.199821 0.0211349 0.124589 0.0295119 0.0507226 0.0272561
0.0097225 0.958058 0.00287875 0.0152152 0.0034083 0.00504261 0.00567501
0.00024684 0.999217 5.89032e-05 0.000195871 8.61916e-05 9.21469e-05 0.000102712
0.0883583 0.80909 0.00831268 0.0557155 0.0148311 0.0146789 0.00901375
0.0413257 0.927805 0.00285641 0.0124627 0.00384999 0.00345992 0.00824065
0.000463188 0.998861 0.000158015 0.000122253 0.00011906 0.000116446 0.000159968
0.0655427 0.853436 0.00484449 0.0621735 0.0035989 0.00486296 0.00554143
2.20686e-06 0.999995 3.40965e-07 1.21033e-06 7.67822e-07 3.70524e-07 5.34115e-07
0.284544 0.617801 0.0140741 0.0243388 0.0115836 0.0201 0.0275592
0.239059 0.189458 0.0677516 0.192108 0.0835352 0.123275 0.104813
0.528899 0.259981 0.00686412 0.17349 0.00789606 0.0118107 0.0110592
0.306742 0.268097 0.0510138 0.166687 0.0610163 0.0686686 0.0777748
3.20347e-09 1 4.99453e-09 1.71325e-09 1.27953e-09 2.0041e-09 1.00747e-09
0.106154 0.507735 0.0344405 0.157459 0.0498899 0.0816731 0.062648
0.278452 0.184276 0.0581672 0.245012 0.0556933 0.0838456 0.0945546
0.251053 0.677114 0.00548086 0.0381774 0.00658075 0.0134317 0.00816281
0.10499 0.669617 0.0192612 0.116259 0.0255366 0.0230728 0.0412632
2.46265e-07 0.999999 4.34366e-08 2.02127e-07 2.68053e-07 6.28331e-08 1.20405e-07
0.177161 0.483092 0.0357621 0.154912 0.0339702 0.0656909 0.0494123
0.207007 0.212416 0.0649445 0.234558 0.068892 0.125317 0.0868653
1.86757e-06 0.999995 2.80844e-07 1.92813e-06 3.07816e-07 5.45348e-07 3.14549e-07
0.0124057 0.97138 0.00164521 0.00592398 0.00299935 0.00233636 0.00330942
0.547309 0.265112 0.0106298 0.132949 0.0130015 0.0132938 0.0177046
0.136675 0.655213 0.0261042 0.0690915 0.0330961 0.0555295 0.0242905
0.00102808 0.997885 0.000109937 0.000461782 0.000159931 0.000175055 0.000180388
0.181688 0.495342 0.0307966 0.207596 0.0270171 0.0278885 0.0296719
0.184404 0.277732 0.0739962 0.107087 0.0802214 0.130119 0.146441
0.503181 0.127991 0.00919349 0.313652 0.010884 0.0208151 0.0142839
4.28221e-05 0.999882 1.20666e-05 1.47371e-05 1.10309e-05 1.19012e-05 2.53961e-05
0.00175852 0.996841 0.000216159 0.000288481 0.000162398 0.000262917 0.000470689
0.364886 0.334724 0.0108341 0.243584 0.0108086 0.0170728 0.0180902
