0.001635 0.992678 0.000513178 0.00281912 0.000742052 0.00120981 0.000402513
0.0224068 0.970975 7.38513e-05 0.00632127 5.17539e-05 7.31589e-05 9.85792e-05
0.985912 0.00584842 0.000942817 0.00500814 0.000176676 0.00145464 0.000657706
0.000525655 0.540718 0.00200447 0.4507 0.000976501 0.00317236 0.00190253
0.895682 0.0667779 0.00314373 0.0232459 0.000596433 0.00541219 0.00514234
0.738456 0.0389022 0.00448203 0.1342 0.00490986 0.0639004 0.0151498
0.00818226 0.00817753 0.0554204 0.00527576 0.00433279 0.899789 0.0188226
0.000537006 0.873277 0.000104109 0.125552 5.82921e-05 0.000175662 0.000296104
0.00165456 3.3546e-05 0.000346837 0.000134225 2.16775e-05 0.969365 0.0284443
0.00374913 0.00119944 0.952695 0.000263066 0.00354593 0.0353237 0.00322362
0.000104998 0.997605 8.49684e-06 0.00225599 9.1864e-06 5.28399e-06 1.16123e-05
0.00257135 0.995747 0.000417742 0.000575914 0.000262239 0.000218411 0.000207117
0.226415 0.0622708 0.00107826 0.700008 0.000737016 0.000965712 0.00852455
0.00221588 0.00557671 0.0579441 0.0131337 0.0326552 0.884658 0.00381658
0.000175204 0.999483 0.000120016 5.55106e-05 6.8111e-05 4.98898e-05 4.86507e-05
0.000922548 0.0060335 5.95852e-05 0.00207953 0.99039 0.000459279 5.5817e-05
0.758577 0.169041 0.000505061 0.0711371 0.000319723 0.00021961 0.000200049
3.61415e-05 0.99984 3.12978e-05 2.3715e-05 2.73985e-05 1.95361e-05 2.17914e-05
0.00681453 0.000469235 1.67464e-05 0.992176 2.17342e-05 3.81005e-05 0.000463431
0.246471 0.698877 0.000552019 0.0528338 0.000384535 0.000384741 0.000496797
0.000102778 0.997036 1.43401e-05 0.00276141 4.35809e-05 1.6648e-05 2.47649e-05
0.0100448 0.000137795 6.14436e-05 0.989174 0.000150989 0.000326907 0.000103704
0.92438 0.00271384 0.000784049 0.0250875 0.000148066 0.0024576 0.0444288
0.798972 0.0576778 0.00697742 0.128943 0.00140231 0.00279101 0.00323669
0.0294146 0.967635 0.000186253 0.0022502 8.86474e-05 0.000154102 0.00027112
0.118172 0.00672919 0.182456 0.0163561 0.00727265 0.311356 0.357658
0.000137548 0.999469 9.6237e-05 8.17888e-05 7.75928e-05 6.33124e-05 7.4532e-05
0.000210976 0.999446 6.01803e-05 0.000178887 9.61806e-06 5.41946e-05 4.05538e-05
0.000815623 0.990206 3.637e-05 0.00876701 6.61559e-05 3.96091e-05 6.88307e-05
0.00494551 0.938499 0.0476344 0.00130482 0.00303001 0.00291983 0.00166609
0.00914065 0.133835 0.840179 0.000664453 0.000740575 0.0136838 0.00175691
0.00524179 0.952578 0.000130158 0.0413898 0.000286788 0.000269895 0.000102975
0.656552 0.22532 0.00245942 0.105591 0.00111386 0.00371727 0.00524727
0.000179045 0.994496 0.000262829 0.00197479 0.00169046 0.0011067 0.000290147
0.00266289 0.995639 8.73852e-05 0.00124329 0.000222744 0.00010419 4.01478e-05
0.94535 0.0441994 0.000353405 0.002758 8.29606e-05 0.00273905 0.00451741
0.00342841 0.42588 0.0111969 0.00437446 0.0048518 0.541094 0.00917498
0.119661 0.00175748 9.07099e-05 0.877209 5.84995e-05 0.000117845 0.00110527
0.998029 0.00124915 0.000624325 6.34386e-05 1.38814e-05 9.30387e-06 1.10481e-05
0.0351409 0.954685 0.000110917 0.00989014 4.12198e-05 5.79862e-05 7.39566e-05
0.765834 0.227544 0.00186522 0.00274573 0.000285579 0.000724648 0.00100056
0.00235909 0.996481 0.000401663 0.000337325 0.000250868 9.23369e-05 7.77892e-05
0.000209977 0.999515 5.02999e-05 5.68376e-05 0.000122086 2.34122e-05 2.22279e-05
0.528094 0.0749066 0.030148 0.216746 0.00702712 0.123751 0.0193274
0.014386 0.975816 0.000280911 0.0072515 0.00128187 0.000463375 0.000520108
0.00332915 0.985515 0.000298983 0.00918979 0.000221129 0.00057612 0.000869462
2.71235e-05 0.000337745 1.25132e-05 0.000199119 0.998807 0.000609467 6.7771e-06
0.00052546 0.000916477 0.00114594 0.000327909 0.000228207 0.990928 0.00592795
0.00198354 0.623413 0.0013154 0.371374 0.000398547 0.000782129 0.000733843
4.13851e-06 0.999988 2.73726e-07 4.32933e-06 6.97854e-07 2.20047e-06 2.74138e-07
0.000157667 0.999469 0.000108931 4.769e-05 8.91161e-05 5.8865e-05 6.88016e-05
0.883739 0.0853823 0.000396439 0.0292449 0.000473486 0.000331319 0.000432676
0.698763 0.160259 0.000624803 0.138993 0.0006391 0.000315356 0.000406049
0.339942 0.296961 0.00232909 0.352434 0.00195461 0.00212462 0.00425572
0.00399787 0.492474 0.000249186 0.500133 0.000251556 0.000339734 0.0025554
0.00134659 0.998102 2.69921e-05 0.000463645 1.94697e-05 1.49872e-05 2.60979e-05
0.00406303 0.0203891 0.0052985 0.377187 0.119953 0.456582 0.0165277
0.00462093 0.988514 0.000885965 0.00355335 0.000828281 0.000582582 0.00101532
0.000216189 0.998992 0.000146103 0.000250675 0.000192941 0.000116459 8.53312e-05
0.179596 0.340795 0.000290577 0.474388 0.000215396 0.000527889 0.00418783
0.573063 0.383136 0.0005812 0.0411756 0.000372887 0.000725755 0.000945906
0.000378697 0.999088 2.73409e-05 0.000124212 3.24484e-05 0.000297479 5.20979e-05
0.0360118 0.935258 0.000825448 0.0264016 0.000356956 0.000557119 0.000588801
0.973383 0.00672049 0.000505769 0.0147933 0.000166749 0.000703929 0.00372677
0.00129718 0.997035 9.74795e-05 0.000762272 4.4713e-05 0.000482892 0.000280689
0.0283496 0.00016947 0.00125687 0.000180438 5.7238e-05 0.860653 0.109333
0.00131635 0.996902 0.000748143 0.000314606 0.000327074 0.000204998 0.000187177
0.000137081 0.999331 0.000162542 0.00010068 9.86277e-05 8.82444e-05 8.14426e-05
0.0325697 0.95946 0.000494088 0.00175717 0.000232235 0.004511 0.00097562
0.0327904 0.0235814 0.000717565 0.605712 0.333788 0.00289611 0.000513776
0.203833 0.718714 0.000744058 0.0748376 0.000905156 0.000450038 0.000516385
0.0348776 0.0560854 0.000117846 0.908242 0.000140208 0.000126897 0.000410269
0.000504396 0.995454 0.000104927 0.00348003 4.51034e-05 0.000179552 0.000231901
0.000570758 0.998361 0.000284222 0.000242863 0.000147378 0.000153803 0.000240017
0.00017998 0.998903 3.44268e-05 0.000486982 3.54531e-05 0.000263464 9.64723e-05
0.0063305 0.00113484 0.000414795 0.0138179 5.53905e-05 0.00370353 0.974543
0.00265828 0.720705 0.0229552 0.00339079 0.00207126 0.24162 0.00659954
0.0671264 0.0248001 0.000123511 0.90335 0.0034772 0.000577159 0.000545316
5.39361e-05 0.998099 7.07575e-06 0.00181352 1.12977e-05 7.04906e-06 8.3335e-06
0.00015176 0.999184 0.000195162 5.17004e-05 0.000277103 7.63662e-05 6.38546e-05
0.000571559 0.99864 0.000224948 8.92719e-05 0.000380677 5.4207e-05 3.96815e-05
0.000939762 0.00588244 0.00538174 0.000349022 0.00140075 0.984038 0.00200869
0.0317429 0.8844 0.0717862 0.00218567 0.00268116 0.00281245 0.00439128
0.00353123 0.959638 0.000345761 0.0349843 0.000568749 0.000263824 0.000668285
7.38812e-05 0.999786 5.23695e-05 1.67046e-05 4.19465e-05 1.4813e-05 1.47137e-05
0.974685 0.0144252 0.000300464 0.0036921 8.98751e-05 0.000594572 0.00621268
0.818394 0.00116319 0.00351184 0.0178786 0.000354132 0.141434 0.0172642
0.027356 0.970337 0.000282603 0.000522698 0.000102976 0.00109753 0.000301174
0.993469 0.00236132 0.00014584 0.0010734 2.86988e-05 0.00145942 0.00146235
5.85423e-05 0.999292 0.000120567 4.9972e-05 0.000250783 0.00018304 4.52993e-05
0.000146901 0.998351 0.000145441 0.000586519 0.000449709 0.000205133 0.000114835
0.702023 0.000452191 0.000359006 0.0025956 3.55833e-05 0.0126924 0.281842
0.0637888 0.91902 0.00173329 0.0114776 0.00178652 0.00119892 0.0009948
0.000821416 0.985209 9.05334e-05 0.0132552 0.000460972 9.7398e-05 6.58336e-05
0.000294077 0.000633172 0.000715293 0.000234154 9.60488e-05 0.996931 0.00109632
0.00340719 0.995085 0.000248747 0.000653058 0.000335606 0.000145855 0.000124354
0.78216 0.00418828 0.00122656 0.140813 0.000713778 0.0375796 0.033319
0.812768 0.154906 5.46542e-05 0.0318284 5.00455e-05 6.81601e-05 0.00032452
0.000288344 0.998787 4.70734e-05 0.000390948 2.42005e-05 0.000339698 0.000123265
0.0570649 0.00146945 0.000727436 0.935647 0.000717589 0.00288237 0.00149126
3.24621e-05 0.00108564 3.87887e-06 0.000119311 0.998695 6.06154e-05 3.50486e-06
0.00438844 0.0123656 0.00371834 0.000526581 0.000678398 0.975603 0.00271986
0.000850079 0.996969 3.49592e-05 0.000105011 3.57284e-05 0.00183545 0.000169852
0.000213122 0.998758 0.000109567 0.000611717 4.07048e-05 0.000191582 7.5308e-05
0.000207177 0.999075 8.06381e-05 0.000366318 0.000141339 5.39088e-05 7.53437e-05
0.997844 0.000311368 1.37271e-05 0.0015931 4.44986e-06 9.10302e-05 0.000142402
0.026768 0.0110095 0.000598277 0.00228109 0.000176966 0.955054 0.00411264
8.70878e-05 0.998946 4.63341e-05 0.000678359 9.55207e-05 4.94972e-05 9.73777e-05
0.0610983 0.310189 0.000736265 0.625023 0.000834855 0.000982751 0.00113567
8.26894e-05 0.99973 5.5161e-05 2.95385e-05 3.80153e-05 3.24417e-05 3.20026e-05
1.50541e-05 0.999635 1.05914e-05 0.000300097 7.04791e-06 2.15631e-05 1.03143e-05
0.000216263 0.999302 0.000189884 4.38136e-05 0.000129439 6.16897e-05 5.67901e-05
0.000422568 0.999441 2.5256e-06 0.000128095 1.63496e-06 2.6368e-06 1.38573e-06
0.000301357 0.999086 0.000211354 0.000105331 0.000108216 7.94768e-05 0.00010875
9.73543e-05 0.999628 6.92427e-05 5.7258e-05 8.72146e-05 3.19851e-05 2.88162e-05
0.0225557 0.97529 0.000386756 0.00106648 0.000264852 0.000219139 0.000217039
0.931879 0.0014857 0.000122538 0.0015061 2.36019e-05 0.00130151 0.063682
0.00154759 0.99713 0.00045533 0.000232332 0.000232908 0.000189893 0.000211761
0.0205887 0.00688294 0.00243196 0.951413 0.00150855 0.0103822 0.00679304
0.0790548 0.775613 0.00208333 0.00166944 0.000615822 0.137727 0.00323609
0.000781045 0.997259 0.000289302 0.000266187 0.00034019 0.000634051 0.000430332
0.978224 0.00829906 0.000120375 0.0128321 9.0162e-05 0.000193203 0.000241516
0.00550952 0.990497 0.000323756 0.000958166 0.000800581 0.00138195 0.000528848
6.73231e-05 0.999718 5.55648e-05 3.22427e-05 6.92643e-05 2.81181e-05 2.97355e-05
0.000915858 0.887334 0.000196157 0.107958 0.000299658 0.000777938 0.00251943
0.000863757 0.948368 3.03658e-05 0.0495705 5.21405e-05 7.26701e-05 0.00104256
9.50099e-05 0.998543 7.08082e-05 0.00103909 7.30195e-05 7.42326e-05 0.000105202
0.000307499 0.999546 5.4344e-06 9.97539e-05 6.17517e-06 2.08787e-05 1.40383e-05
0.840402 0.140207 0.00193859 0.0149935 0.000571789 0.000910153 0.000977892
0.000349734 0.9987 0.00020558 0.000216669 0.000229295 0.000162537 0.000135556
0.000325619 0.999119 3.31477e-05 5.35371e-05 2.2341e-05 0.000135021 0.00031091
0.000404934 0.998917 0.000254656 8.65118e-05 0.000168169 8.88917e-05 7.95578e-05
0.000431571 0.000175945 9.06417e-06 0.99908 3.23825e-05 6.02206e-05 0.000210395
0.00712608 0.957655 0.000677811 0.0320771 0.000886985 0.000669161 0.000908131
0.983481 0.00705758 0.000172238 0.00861423 6.51606e-05 0.000265843 0.000344175
0.0638909 0.0273053 0.000312524 0.906374 0.000426468 0.000404033 0.00128628
0.000222999 0.998638 0.000564602 5.87335e-05 0.00030981 0.000123042 8.30985e-05
0.000234372 0.992884 0.00281359 0.00021073 0.00106284 0.00253902 0.000255659
9.6962e-05 0.999382 0.000151869 3.57555e-05 0.000241448 5.14267e-05 4.03623e-05
0.000497439 0.998998 0.000149107 7.43296e-05 0.000119406 7.78813e-05 8.36099e-05
0.0712982 0.0185142 0.000623603 0.00154069 0.000160715 0.0131099 0.894753
0.0013624 0.998344 9.71189e-06 3.18618e-05 4.0269e-06 0.000214446 3.31661e-05
0.000137626 0.999636 7.77805e-05 2.17875e-05 7.25618e-05 2.94483e-05 2.50604e-05
0.000104532 0.999323 0.00015905 7.16862e-05 9.25598e-05 0.000159907 8.88978e-05
0.0301161 0.953815 0.000551272 0.0145209 0.000231855 0.000300696 0.000464407
0.0183937 0.0298714 0.00460374 0.759808 0.0015269 0.111067 0.0747295
1.56523e-05 0.999483 2.72237e-05 0.000350932 5.86547e-05 3.44651e-05 2.97279e-05
0.8926 0.0434944 0.00104463 0.0584952 0.000356523 0.00132781 0.00268143
0.0053795 0.441497 0.545287 0.0006132 0.00259537 0.00234806 0.00228023
0.821794 0.170936 7.32578e-05 0.00702386 3.28259e-05 6.20873e-05 7.80393e-05
0.00031709 0.998705 0.000157394 0.000464356 0.000128932 6.96717e-05 0.000157352
0.940319 0.0431173 0.000641543 0.0026964 0.000286113 0.0108722 0.00206798
0.00157812 0.989802 0.00609244 0.000315318 0.000847056 0.00100408 0.000360995
0.988903 0.0103707 5.92243e-05 9.40657e-05 9.92717e-06 0.000497434 6.61342e-05
0.0161378 0.981321 0.000474014 0.00123351 0.000214709 0.00045104 0.000167767
0.013126 0.982275 0.000247684 0.00239643 0.000146242 0.0012947 0.000513752
0.998625 0.000304092 1.38719e-05 0.000638137 2.90848e-06 9.2134e-05 0.000323846
0.0187925 0.973815 0.000325354 0.000772235 0.000369374 0.00466248 0.00126263
0.000288552 0.00130962 1.88593e-05 0.000803683 0.997301 0.000258883 1.95008e-05
0.0129396 0.165061 0.0474221 0.00768471 0.0438721 0.71558 0.00744017
0.0143765 0.971806 0.00141564 0.00487033 0.00518933 0.00185611 0.000486189
0.0305902 0.621127 0.00102076 0.334782 0.000892378 0.00257202 0.009016
3.51363e-05 3.28577e-05 5.32108e-05 4.24091e-06 3.14024e-06 0.999761 0.000110324
7.67242e-05 0.999474 9.99932e-05 8.24892e-05 9.90686e-05 0.000110008 5.82812e-05
0.000195035 0.99844 0.000175775 0.000495127 0.000408887 0.000169316 0.000116133
0.00833787 0.983704 0.000423895 0.00658673 0.00012878 0.00034194 0.000477067
0.000319829 0.998774 0.000574082 2.39888e-05 0.000197962 5.62709e-05 5.43481e-05
0.000175073 0.000178177 0.999551 1.72081e-06 2.01213e-05 4.3858e-05 2.9937e-05
0.000229009 0.998818 5.33489e-05 0.000510495 7.7073e-05 8.52077e-05 0.000226989
0.00132251 0.846277 0.000871939 0.00116512 0.000263301 0.10793 0.0421698
0.014945 0.971116 0.000543808 0.0120215 0.000383273 0.000412352 0.000577664
0.00102979 0.892993 7.04192e-05 0.105582 3.03083e-05 7.00897e-05 0.000224144
2.68624e-05 0.999567 0.000197325 2.80738e-05 8.25734e-05 7.07701e-05 2.73862e-05
0.00229444 0.991513 0.000109844 0.0058554 3.3589e-05 7.78835e-05 0.000116159
0.0745876 0.896381 0.000557408 0.0276268 0.000320868 0.00027344 0.00025259
0.00328541 0.992079 0.000772966 0.00232263 0.000461451 0.000397784 0.00068034
8.15391e-05 0.000228229 9.18726e-06 0.999227 0.00027143 0.000147554 3.53031e-05
0.929179 0.0156353 0.000305552 0.0499318 0.000347982 0.00376335 0.000836481
0.000169303 0.998211 1.90574e-05 0.00153058 4.14768e-05 1.80245e-05 1.10001e-05
3.92901e-06 0.999965 4.28089e-07 2.87321e-05 5.72043e-07 6.77641e-07 2.59072e-07
0.00016662 0.998773 0.000163718 0.000223408 0.000385925 0.00019421 9.2979e-05
0.999534 5.78901e-05 4.8877e-06 0.00024924 8.64218e-07 9.1548e-05 6.2078e-05
0.383081 0.0548236 0.00166562 0.553438 0.00155038 0.00333974 0.00210161
0.000984693 0.998296 0.000158756 0.000203987 0.000137774 8.26495e-05 0.000136482
0.619277 0.370019 0.00115534 0.00475949 0.000413715 0.00301853 0.00135729
0.000428702 0.999169 7.31441e-05 8.13654e-05 0.000161271 4.01266e-05 4.63902e-05
0.023295 0.88005 0.00156262 0.077877 0.0134652 0.00195889 0.00179163
5.33248e-05 0.999539 3.0381e-05 0.000102684 0.000153192 7.65789e-05 4.44482e-05
0.00512079 0.850839 0.000216358 0.143208 0.000322086 0.000142747 0.000150316
0.973813 0.0239123 0.000236734 0.00148216 5.96528e-05 0.000257881 0.000238157
0.00025974 0.997018 0.000446126 0.000359215 0.00118167 0.000545481 0.000190263
0.683483 0.0163605 0.00150115 0.0911253 0.00175753 0.136032 0.0697403
0.00863623 0.0105841 0.0082877 0.00303006 0.00278821 0.953806 0.0128675
0.974841 0.0210011 0.000889177 0.00127003 0.000104074 0.00148567 0.000408831
0.0424552 0.953095 0.000116627 0.00416162 4.46012e-05 6.05885e-05 6.64548e-05
0.491327 0.501927 0.00243883 0.00295655 0.000455485 0.000473924 0.000420563
0.000336426 0.999109 0.00019413 0.000101187 0.00012731 6.31881e-05 6.83349e-05
0.0766198 0.922854 9.00259e-05 0.00028795 7.58629e-05 5.44842e-05 1.74587e-05
0.000297017 0.999087 0.000258976 6.22333e-05 0.000136435 7.90987e-05 7.93047e-05
0.0164402 0.50581 0.00108642 0.472153 0.000784536 0.0011987 0.00252614
0.389152 0.227396 0.00754191 0.0100521 0.00340707 0.252844 0.109607
0.0392304 0.549029 0.00479706 0.0127392 0.00356268 0.301262 0.0893792
5.23343e-05 0.99964 0.000102022 4.26077e-05 8.62222e-05 4.19636e-05 3.48641e-05
0.0960616 0.901926 0.00027493 0.00101913 0.000528665 0.000147998 4.17039e-05
0.00238782 0.873722 0.000264329 0.122963 0.000121939 0.00017907 0.00036198
0.138219 0.820307 0.000311773 0.0403526 0.000212027 0.000320784 0.000276957
0.000474662 0.997811 0.00112447 8.41046e-05 0.00022618 0.000121116 0.000158571
0.29073 0.0063663 0.00797475 0.202211 0.00499585 0.248536 0.239187
0.00543183 0.0808253 0.909675 0.000321624 0.00126208 0.00128099 0.00120296
8.17955e-05 0.999758 2.98547e-05 6.39671e-05 1.35839e-05 1.58837e-05 3.6787e-05
0.979729 0.00195582 0.000379236 0.01616 0.000138377 0.00103162 0.000606016
0.000120207 0.999265 0.00015079 0.000114642 0.000177938 0.000118815 5.29133e-05
0.000278657 0.999265 0.000132278 8.43943e-05 9.89024e-05 6.93982e-05 7.13926e-05
0.000412702 0.921848 0.00362236 0.00619483 0.0082397 0.0585749 0.00110799
0.00493028 0.992642 0.000118757 0.000195307 0.000393106 0.00138627 0.000333945
0.000220835 0.289912 0.000118072 0.708231 0.00113893 0.000219065 0.000160271
0.000576697 0.997635 4.88792e-05 0.0014148 7.90981e-05 0.000143393 0.000102181
0.000116437 0.999519 8.5794e-05 8.13941e-05 0.000117667 3.96718e-05 4.05075e-05
0.868864 0.0626165 0.00225197 0.0155744 0.00200306 0.0384934 0.0101965
0.00014303 0.999132 0.000252856 8.55099e-05 0.000188827 0.000113828 8.38231e-05
0.95086 0.0362916 0.00377939 0.00520273 0.000302726 0.00141611 0.00214737
0.108334 0.65798 0.00243253 0.22318 0.00241258 0.00221728 0.00344427
0.999024 0.000853168 4.68874e-06 4.43212e-05 1.02035e-06 3.42216e-05 3.82091e-05
0.000136121 0.999387 0.000122695 7.83304e-05 0.000123333 8.63244e-05 6.59058e-05
0.000135858 0.99948 0.000107004 5.59849e-05 8.54343e-05 6.30867e-05 7.23237e-05
0.000363806 0.998522 0.000532047 0.000137692 0.000148081 0.000159334 0.000137316
0.00259138 0.00042944 5.418e-06 0.996359 4.47997e-06 9.38429e-06 0.000600875
0.00039786 0.810335 0.000362097 0.187487 0.00079611 0.000312144 0.000310111
0.2512 0.663951 0.000562444 0.0823745 0.00104079 0.000328834 0.00054253
8.7552e-05 0.999877 8.07904e-07 5.79264e-06 4.42203e-07 2.55287e-05 2.69139e-06
0.000137207 0.995456 0.000149091 0.000691222 0.00203634 0.00143863 9.16863e-05
0.00403179 0.992921 5.77588e-05 0.00278751 7.51994e-05 6.1831e-05 6.53443e-05
0.00211207 0.000346127 0.00152617 0.000469064 0.000122176 0.989352 0.0060726
5.27493e-05 0.99958 0.000102664 6.7579e-05 9.25673e-05 6.27281e-05 4.2112e-05
0.00053444 0.997323 0.000112042 0.00143468 0.000358538 0.000181937 5.54861e-05
0.969705 0.0265461 0.000104664 0.00276723 2.49798e-05 0.000172061 0.000679749
0.446336 0.0876862 0.00487128 0.43867 0.00843531 0.00961877 0.00438241
0.000607321 0.980488 0.000362903 0.0127224 0.00532928 0.000348927 0.000140887
0.000336041 0.998296 0.000174199 0.00065363 0.000150044 0.000203301 0.000186634
3.59303e-05 0.999011 2.58941e-06 0.000938872 3.00751e-06 2.17773e-06 6.69822e-06
0.00620497 0.000690793 0.000316542 0.0172554 2.81738e-05 0.00125754 0.974247
0.000877572 0.0478821 2.35651e-05 0.950937 3.722e-05 4.74075e-05 0.000195515
0.000928316 0.0224636 1.6145e-05 0.976341 2.068e-05 2.71644e-05 0.000202676
0.00697892 0.962752 0.000350688 0.0293915 9.41757e-05 0.00018657 0.000245928
0.000170893 0.999402 0.000103358 0.000114741 0.000123063 4.4532e-05 4.13534e-05
0.0909936 0.673581 0.00192473 0.225282 0.00520824 0.00133636 0.00167438
0.00368914 0.993959 0.00109255 0.000388067 0.000405403 0.000208823 0.000256849
0.000150526 0.000464185 0.00228514 0.00019497 0.000756766 0.99512 0.00102878
3.9685e-05 0.999758 6.88776e-05 1.65333e-05 6.11155e-05 2.99806e-05 2.53945e-05
0.00161036 0.992956 0.00028863 0.00388077 0.000477611 0.00051128 0.000275105
0.0468172 0.00279929 0.00303071 0.0060452 0.000850424 0.85815 0.0823071
0.00348595 0.000512363 0.00102018 0.0465193 0.000364474 0.945385 0.00271255
0.00931667 0.874872 0.000783139 0.113533 0.000617347 0.000422259 0.000455876
0.00810492 0.318481 0.00103891 0.666583 0.00147764 0.00135993 0.00295472
0.485788 0.508455 0.00183153 0.00278687 0.000413988 0.000363021 0.000361773
0.000275539 0.999467 4.08415e-05 0.00013847 2.18414e-05 1.72071e-05 3.8829e-05
0.00757592 0.000291881 0.00173126 0.00119317 6.93312e-05 0.0519641 0.937174
0.00839344 0.000611662 0.000476838 0.987612 0.000414303 0.00148855 0.00100347
0.00083086 0.819567 8.00849e-05 0.178066 0.000142133 0.000143956 0.00117032
0.000400699 0.995502 2.34505e-05 0.00385097 0.000116538 3.56868e-05 7.06578e-05
0.000879039 0.987652 4.09167e-05 0.0112639 7.07661e-05 3.58723e-05 5.77044e-05
0.000971479 0.997455 0.000138651 0.0011013 0.000135812 8.09806e-05 0.000117267
0.0135442 0.984282 0.000681224 0.000596641 0.000448413 0.000215176 0.000232187
0.000423167 0.999166 0.00016885 4.8138e-05 8.70886e-05 5.73123e-05 4.91775e-05
0.000207189 0.860577 9.41011e-05 0.138707 0.000244633 9.67802e-05 7.2961e-05
5.01294e-05 0.999701 7.46655e-05 2.21777e-05 7.21616e-05 3.84606e-05 4.17245e-05
0.00125758 0.958616 0.000143352 0.0396507 5.30076e-05 0.000103301 0.000176098
0.0745349 0.913194 0.00440616 0.00330841 0.00141003 0.00129357 0.00185315
0.00361314 0.951113 0.000316069 0.044257 0.000161782 0.000272436 0.000266466
0.0157829 0.978967 0.000453949 0.00409478 0.00017176 0.000153473 0.000376139
0.00719417 0.905282 0.00153836 0.00355739 0.0533764 0.0252305 0.00382111
0.000479304 0.997512 0.000850241 0.000475768 0.000266711 0.000258606 0.000157329
0.00399584 0.985984 0.00578952 0.000827514 0.000990584 0.00145905 0.00095407
0.00787246 0.479172 0.00133813 0.501399 0.00245434 0.00430945 0.00345491
0.000198928 0.998605 0.000170647 0.000267047 0.00014781 0.000450637 0.000160309
0.000382947 0.99307 0.000137909 0.00584358 0.0001867 0.000201448 0.000177448
0.00125595 0.996409 0.000225376 0.0003837 0.000131522 0.00136503 0.000229391
0.00188891 0.994673 0.000661809 0.0014381 0.000466569 0.00037183 0.000500085
6.06334e-05 0.999752 6.13676e-05 2.27906e-05 4.71773e-05 2.66305e-05 2.89721e-05
9.54489e-05 0.999362 0.000113095 0.000153788 0.000130022 8.15633e-05 6.4365e-05
8.3791e-05 0.998952 0.0001341 0.000244374 0.000240383 0.000254503 9.05894e-05
9.8032e-05 0.999348 3.33937e-05 0.000316707 1.25929e-05 0.000129009 6.21888e-05
0.0241936 0.0166731 0.0363991 0.00994121 0.0046891 0.639335 0.268769
0.986309 0.0127967 3.7934e-05 0.000614425 1.36634e-05 0.000130094 9.76884e-05
6.0992e-05 0.998169 3.81805e-05 0.000812846 0.000777321 6.8e-05 7.33534e-05
0.000246117 0.999307 8.96628e-05 0.00012177 0.000137283 5.02415e-05 4.82472e-05
0.0012196 0.989433 2.0052e-05 0.00919188 4.14216e-05 2.87289e-05 6.52801e-05
4.4044e-05 0.723894 3.50014e-05 0.275794 4.42774e-05 7.67469e-05 0.000112054
0.000106327 0.999724 4.31092e-05 3.34037e-05 4.69781e-05 2.3245e-05 2.30367e-05
0.0033207 0.994502 4.29482e-05 0.00194822 7.99811e-05 4.71111e-05 5.94482e-05
7.21344e-05 0.998979 4.44528e-05 0.000446285 0.000148794 0.000240716 6.89411e-05
3.71582e-05 0.999723 6.31637e-05 3.87191e-05 4.98981e-05 5.45653e-05 3.30712e-05
0.00248663 0.00498456 0.011209 0.000986392 0.00167661 0.974519 0.00413779
0.000817121 0.00415251 0.00198854 0.00288419 0.000454462 0.986869 0.00283426
0.00114082 0.979669 0.000112852 0.0187099 6.446e-05 0.000129383 0.000173722
0.000318237 0.998474 0.000227454 0.000305842 0.000228538 0.000211975 0.000234081
0.000146849 0.999584 0.000119897 2.12215e-05 7.50074e-05 2.73764e-05 2.60092e-05
0.00104268 0.996148 2.43244e-05 0.00270879 3.69602e-05 2.19291e-05 1.77519e-05
0.000273136 0.99815 0.000376038 0.000541584 0.000377742 0.000188542 9.34208e-05
0.0136925 0.133834 0.00795566 0.317586 0.0196508 0.258014 0.249267
0.00740108 0.891388 0.000162036 0.100452 7.66541e-05 6.6844e-05 0.000452845
0.00029422 0.997171 8.24223e-05 0.00194363 0.000143517 0.000247545 0.000118148
0.687594 0.260203 0.00500227 0.0302716 0.00223277 0.00899032 0.00570616
0.996511 0.00051082 2.28109e-05 0.00207843 6.55265e-06 0.000322702 0.000548251
0.373129 0.547519 0.000838768 0.0766897 0.000525356 0.000658345 0.000639431
0.00100585 0.997795 6.73521e-05 0.00063074 4.51255e-05 0.000312726 0.000143846
0.00234422 0.992717 0.0004134 0.00216833 0.000417368 0.00069475 0.00124508
8.50418e-05 0.999006 0.000548014 6.25045e-05 0.000119475 0.000103552 7.55341e-05
0.000202142 0.998372 0.000476773 0.000136294 0.000412465 0.000245555 0.000154584
0.000772347 0.987695 0.00016582 0.0106987 0.000416767 0.000142604 0.000108987
0.828615 0.00149907 0.0012493 0.15651 0.000483389 0.00168587 0.0099576
0.0154547 0.000832041 0.000103302 0.977279 0.000139072 0.000779154 0.00541306
0.000243793 0.999191 0.000189659 6.68723e-05 0.000145353 7.78276e-05 8.60703e-05
0.00708517 0.990222 3.80275e-05 0.00237653 4.65809e-05 0.000143034 8.85169e-05
4.20145e-05 0.999514 0.000103226 3.07831e-05 0.000226668 5.36998e-05 3.00556e-05
0.221046 0.0415744 0.017547 0.53107 0.0152109 0.141737 0.0318149
0.00180711 0.858579 0.000278813 0.137115 0.000756568 0.000491567 0.000971472
0.77757 0.162165 0.0372375 0.00690492 0.00163063 0.00927942 0.00521283
0.000787513 0.98772 0.000116367 0.0109433 0.000123256 0.000138721 0.00017059
0.0240542 0.973876 0.000320285 0.000686116 0.00022788 0.000446465 0.000388794
0.00875346 0.010618 0.00339208 0.0105661 0.000447255 0.0943149 0.871908
0.998346 0.000386385 9.20959e-06 0.0011825 3.44874e-06 3.35157e-05 3.84842e-05
0.000314168 0.999085 0.000109383 0.000249814 0.000121747 6.25612e-05 5.72375e-05
0.00184973 0.405533 0.000119935 0.591603 0.000359666 0.000198441 0.000336421
0.00869003 0.989641 0.000120481 0.00116215 0.000213502 0.000122055 5.03903e-05
0.000345565 0.998397 3.92924e-05 0.00069826 6.58188e-05 0.000422054 3.21097e-05
0.0306848 0.0354546 0.00182254 0.259406 0.000589573 0.0138864 0.658156
0.00104485 0.993327 0.00468744 0.000113364 0.000381352 0.000171689 0.000273939
3.44181e-06 1.29741e-05 4.69988e-05 4.16644e-06 1.52474e-05 0.999854 6.33533e-05
0.997316 0.00203763 7.3032e-05 0.000361288 8.89419e-06 0.000114626 8.83361e-05
0.000105259 0.999433 0.000170529 6.39187e-05 0.00010657 6.64074e-05 5.45177e-05
0.000153834 0.988703 0.00053301 0.00528873 0.000815535 0.0041047 0.000401115
0.000274002 0.999291 9.7928e-05 0.000114175 0.000100991 5.75376e-05 6.40913e-05
5.49239e-05 0.999647 8.29451e-06 0.000242105 8.15369e-06 2.91426e-05 1.05047e-05
9.20201e-05 0.999835 7.96322e-06 3.74314e-05 1.08296e-05 1.10877e-05 5.19453e-06
0.000285692 0.99922 0.000114101 0.00018658 6.24806e-05 7.78599e-05 5.31068e-05
0.000372567 0.695568 0.000446145 0.302082 0.000757953 0.000480881 0.000292929
0.715781 0.0205343 0.00153347 0.249641 0.00104901 0.00511648 0.0063439
0.000176411 0.997848 0.000503116 0.000102668 0.000346383 0.000829962 0.000193461
0.00645165 0.882617 0.00377756 0.0343396 0.00180119 0.0385511 0.032462
0.000130609 0.999457 0.000163226 4.33762e-05 9.36714e-05 5.60987e-05 5.58094e-05
0.00303356 0.995476 0.000594971 0.000146283 0.000430327 0.000162534 0.000156307
0.380283 0.59783 0.000124759 0.0214094 0.000222119 7.19792e-05 5.82851e-05
0.000371435 0.998995 5.84014e-06 0.000599879 7.40835e-06 5.5674e-06 1.53447e-05
3.65091e-05 0.996767 6.35328e-05 0.00116384 0.00151582 0.000388233 6.50989e-05
0.923828 0.0408711 0.000469321 0.0236269 0.000148496 0.00885426 0.00220241
1.90017e-05 0.99992 2.95802e-06 4.38043e-05 2.40446e-06 9.90888e-06 2.24499e-06
0.996007 0.00336841 0.000183544 0.000339053 6.70145e-05 1.94223e-05 1.55394e-05
0.00503047 0.991845 0.000412177 0.00188244 0.00032522 0.000269669 0.000235145
0.209862 0.788454 0.000151512 0.00108148 2.95677e-05 0.000206875 0.000214574
0.000742536 0.00235012 0.000288555 2.80032e-05 6.50834e-05 0.993775 0.00275086
0.0903709 0.0160585 0.00297402 0.000611127 0.000193204 0.884919 0.00487349
0.190698 0.793483 0.00130341 0.010473 0.00113703 0.00085693 0.00204808
0.000544984 0.999009 0.000113571 0.000136571 8.81043e-05 5.2284e-05 5.52182e-05
0.0046149 0.99358 0.000174411 0.00117828 4.45466e-05 0.000295209 0.000112593
0.0111353 0.00511982 0.00350654 0.00468811 0.00165737 0.969888 0.00400497
0.00062168 0.997895 0.000834561 0.000120277 0.000231416 0.000148003 0.000148745
0.993285 0.00663851 9.86506e-06 4.47078e-05 1.60834e-06 1.40584e-05 6.15669e-06
0.0882595 0.0385678 0.000223145 0.867802 0.000177172 0.000575249 0.00439526
0.0318261 0.737073 0.00032025 0.230003 0.000277283 0.0002393 0.000260489
0.00582615 0.00124307 4.19258e-05 0.992334 0.000223462 0.000131407 0.000199961
0.0352794 0.725764 0.00163136 0.232519 0.000516002 0.0015409 0.00275006
2.40854e-05 0.999921 7.22841e-08 5.35394e-05 7.49024e-08 2.12831e-07 7.26487e-07
0.190659 0.00316301 0.000200187 0.799078 0.000122478 0.000432969 0.00634395
4.52809e-05 0.998429 4.18686e-05 0.000205675 0.00010747 0.00103302 0.000137987
0.000557941 0.998888 0.00023176 5.37368e-05 0.000149043 6.71479e-05 5.22238e-05
0.995834 0.000197328 2.79375e-05 0.00145834 6.35846e-06 0.00125003 0.00122624
0.000229339 0.999413 0.000123986 4.03726e-05 0.000100671 5.05517e-05 4.16766e-05
0.000513402 0.20423 3.22743e-05 0.794978 9.42905e-05 5.57988e-05 9.61972e-05
5.39288e-05 0.99777 2.41196e-05 0.00203922 6.88594e-05 2.74562e-05 1.68888e-05
1.5723e-05 0.999824 1.41466e-05 0.000114052 1.07278e-05 1.19276e-05 9.93689e-06
0.139969 0.00382566 8.59706e-05 0.854995 9.14611e-05 0.000175734 0.000856546
8.45149e-05 0.999803 4.13311e-05 7.60463e-06 4.22878e-05 1.12196e-05 9.70399e-06
0.493252 0.439428 0.00114039 0.0623003 0.000399877 0.000854494 0.00262481
0.00957377 0.989471 0.00055466 6.099e-05 2.81726e-05 0.000258622 5.24571e-05
2.07885e-05 0.999582 3.5295e-06 0.000384465 4.13017e-06 2.86365e-06 2.19778e-06
0.132792 0.0572337 0.0136302 0.420601 0.307951 0.0403892 0.0274025
0.00381621 0.820052 0.0016569 0.114382 0.000556098 0.00481865 0.0547186
0.0875113 0.8996 0.000286947 0.0121415 0.000231322 0.0001266 0.000101934
0.0983499 0.816034 0.00244316 0.0717757 0.00178877 0.00446122 0.0051477
0.00043893 0.998815 0.000239863 0.000132115 0.000216822 8.38259e-05 7.36852e-05
5.72809e-05 0.999343 3.63343e-05 0.000429295 6.6104e-05 2.82711e-05 3.94285e-05
0.073726 0.0137431 0.00544395 0.0194944 0.0012818 0.550912 0.335399
0.000372578 0.998896 0.000141727 0.000247066 0.000146387 9.25561e-05 0.000104252
0.000767076 0.998488 0.000285831 0.000128302 0.000166185 7.412e-05 9.09378e-05
0.000114417 0.966592 5.04861e-05 0.0329396 3.97693e-05 6.62708e-05 0.000197702
0.0621932 0.226581 0.000734823 0.707257 0.000712513 0.000974011 0.00154676
0.00557698 0.990073 0.00105031 0.0019334 0.000512627 0.000421911 0.000432044
0.000718961 0.998792 0.000187657 0.000102483 9.35235e-05 5.31813e-05 5.19819e-05
0.000452358 0.924047 0.000118765 0.0741831 0.0004966 0.000286459 0.000415587
0.000143308 0.999377 6.46224e-05 0.000243172 5.89151e-05 5.04024e-05 6.23527e-05
0.000132189 0.999051 5.98462e-05 0.000442004 0.000195227 6.91113e-05 5.04516e-05
0.0168832 0.709865 0.00054395 0.270926 0.00054975 0.000518241 0.000714257
0.000118129 0.999677 5.32836e-05 4.20269e-05 6.08918e-05 2.6557e-05 2.23957e-05
0.000243994 0.997688 0.000408776 0.000544262 0.000480421 0.000453115 0.000181908
0.0310338 0.962892 0.00145968 0.00190681 0.000997011 0.000782718 0.000928173
0.0232681 0.825434 0.00115653 0.142822 0.000658882 0.00318679 0.00347376
0.000355406 0.997685 0.000575389 0.000276974 0.000630912 0.00027914 0.000196915
0.000457107 0.997694 0.000140184 0.00145316 9.66793e-05 6.33341e-05 9.54303e-05
0.000192574 0.999228 1.28147e-05 4.41842e-05 1.62462e-05 0.000437886 6.82851e-05
0.00720588 0.990613 3.62257e-05 0.00198185 1.82316e-05 8.28559e-05 6.15747e-05
0.000143037 0.998795 0.000154569 0.000251088 0.000198047 0.000328501 0.000130018
0.00107592 0.998404 0.000231546 6.96631e-05 5.16542e-05 9.85128e-05 6.86408e-05
0.000129645 0.9987 9.91572e-05 0.000296395 7.71256e-05 0.000252139 0.000445105
0.00439105 0.988757 8.99489e-05 0.00651651 9.6951e-05 9.28567e-05 5.55748e-05
0.000109663 0.999515 8.03886e-05 0.000116563 8.95266e-05 4.59898e-05 4.3095e-05
0.293586 0.690555 0.00438841 0.0071655 0.00184712 0.00119196 0.0012666
6.03146e-05 0.999721 3.60053e-05 6.86565e-05 5.72251e-05 2.95498e-05 2.75846e-05
0.200375 0.364765 0.0122782 0.389305 0.013971 0.00895431 0.0103518
0.120481 0.00712873 0.00516592 0.0096369 0.00146843 0.736331 0.119788
0.000137929 0.998266 0.000111839 0.000929145 0.000278511 0.000172164 0.000104078
3.28791e-05 0.999608 0.0001885 1.90281e-05 5.90652e-05 6.76105e-05 2.54342e-05
0.00241711 0.889733 0.000421471 0.106269 0.000250073 0.000264324 0.000645182
0.298002 0.688857 0.00106943 0.00884441 0.000397874 0.00190122 0.000928333
1.35863e-05 0.999546 6.3427e-05 2.31338e-05 0.000134484 0.000194398 2.49058e-05
0.00208586 0.996503 0.000330513 0.000454012 0.000248803 0.000148121 0.000229999
0.17561 0.41888 0.000922943 0.401125 0.000811595 0.000770488 0.00188037
0.328616 0.653605 0.000372113 0.0165113 0.000490195 0.000260353 0.000145109
6.92743e-05 0.999605 8.46647e-05 2.75282e-05 0.000144876 3.80956e-05 3.07646e-05
1.10557e-05 0.999943 2.47446e-06 2.26758e-05 1.57179e-05 2.17921e-06 2.33592e-06
0.00351574 0.965484 0.000115472 0.0303803 0.000278776 0.000105681 0.00011995
0.998927 0.000673961 7.37733e-05 0.000119368 3.64411e-06 0.000106751 9.57254e-05
0.000134937 0.999393 8.89723e-05 0.000156349 9.03012e-05 7.46456e-05 6.19656e-05
0.982511 0.00600285 0.000141556 0.0106654 7.40904e-05 0.000367949 0.00023727
0.00271693 0.761614 1.88627e-05 0.235389 4.28171e-05 2.73736e-05 0.000191526
0.0218922 0.254521 0.00112157 0.033159 0.00049275 0.0551681 0.633645
0.998485 0.001316 0.000137083 4.1332e-05 6.68713e-06 8.12941e-06 5.72013e-06
0.000300238 0.995363 0.00278968 0.000267893 0.000449832 0.000546478 0.000282706
0.000186865 0.998626 0.00045338 0.000172557 0.000236173 0.000201356 0.000123477
9.43863e-06 0.999748 5.90639e-05 1.08665e-05 7.00281e-05 8.69286e-05 1.56711e-05
0.0246796 0.968515 0.000374448 0.00568737 0.000171639 0.000335105 0.000236565
0.157475 0.0430559 0.000362536 0.796692 0.000738476 0.000627821 0.0010475
0.000638249 0.944862 0.000257006 0.0502653 0.00241831 0.000788511 0.000770817
0.000618711 0.997011 0.000512586 0.000658267 0.000549263 0.000401339 0.000248562
6.29382e-06 0.999896 1.11602e-06 9.21359e-05 1.18715e-06 2.07507e-06 1.17334e-06
0.096791 0.707556 0.00474296 0.182969 0.00105121 0.00476333 0.00212674
0.000116298 0.999287 4.44271e-05 0.000282258 7.87521e-06 0.000155748 0.000106666
0.000312656 0.998928 0.000142304 0.000261663 0.000111334 9.17167e-05 0.000151861
0.927079 0.0136196 0.00126997 0.0034775 0.0002009 0.0195043 0.0348491
1.3355e-05 0.999817 5.57767e-05 1.04722e-05 5.05084e-05 3.81234e-05 1.50535e-05
0.0148964 0.962624 0.000242179 0.0214434 0.00013611 0.000301439 0.000356936
0.000116427 0.999209 0.000182404 3.72767e-05 0.000381282 4.77077e-05 2.63115e-05
0.00220874 0.99578 0.000547954 0.000653104 0.000250243 0.000288778 0.000270813
0.805775 0.181176 0.0016786 0.00882051 0.000706813 0.000722591 0.00112
0.934723 0.0102463 0.00235002 0.0507934 0.000559215 0.000696535 0.000631799
0.847778 0.130311 0.00117142 0.0179387 0.000668233 0.00111927 0.00101379
0.0158609 0.636507 0.000517159 0.344179 0.00176556 0.000589823 0.000580277
0.00267232 0.995965 7.00302e-05 0.000547734 5.02833e-05 0.000543858 0.000150939
0.000367125 0.999059 8.86718e-05 0.000154123 0.000159292 9.44509e-05 7.69459e-05
0.000213182 0.998801 0.000440802 0.000101967 0.000193703 0.000127321 0.000122352
0.0221921 0.975556 0.000964197 0.000334512 0.000460971 0.000246018 0.000245907
0.0238707 0.0024028 0.00166732 0.954933 0.000359988 0.0072105 0.0095552
0.0173566 0.000496808 2.39599e-05 0.981433 3.15579e-05 5.52629e-05 0.000602375
0.000570924 0.998228 0.000216178 0.000399165 0.000122054 0.000174643 0.000289303
0.00752235 0.00190966 1.78359e-05 0.990399 2.62505e-05 4.2674e-05 8.27875e-05
0.0158191 0.000225951 0.000726557 0.00615693 4.2942e-05 0.00456044 0.972468
7.02803e-05 0.989142 9.29595e-05 0.00843291 0.000419574 0.00145883 0.000383968
7.50509e-05 0.999477 0.000189385 3.33937e-05 7.56865e-05 0.000102582 4.6905e-05
0.414312 0.578995 0.000406228 0.00550798 0.000142186 0.000221848 0.000414582
4.07767e-05 0.999825 1.56419e-05 6.04171e-05 3.481e-05 9.59029e-06 1.43519e-05
0.0611973 0.591312 0.118039 0.122302 0.0101377 0.0564179 0.0405944
0.000141858 0.996498 8.96031e-05 0.00289976 7.04326e-05 0.000160929 0.0001391
7.996e-06 0.999781 3.74013e-06 0.000158438 4.68976e-06 1.02621e-05 3.42939e-05
0.000355158 0.999159 8.03761e-05 0.000201176 7.97187e-05 5.49416e-05 6.96735e-05
5.82138e-05 0.999875 4.0728e-06 5.01693e-05 3.11069e-06 7.61672e-06 2.0569e-06
0.000304875 0.99673 0.00016192 0.0011821 0.00124738 0.000212838 0.000160592
0.000991892 0.998492 0.000144647 0.00011184 0.000145277 5.55904e-05 5.88435e-05
0.000819123 0.994266 0.000100154 0.00424597 0.000104127 8.672e-05 0.000377379
0.31891 0.000880156 0.00421168 0.0774818 0.00050885 0.052047 0.54596
0.00140175 0.0036961 3.23163e-05 0.994181 0.000109574 0.000156216 0.000422486
4.87901e-05 0.99737 0.000228357 0.000394401 0.000564898 0.0011946 0.000198531
0.000738801 0.998764 0.000206295 0.000115463 7.82456e-05 4.70839e-05 5.0411e-05
0.0240555 0.000342815 9.17823e-05 0.974661 0.000166362 0.000431087 0.000251248
0.000150262 0.997769 0.000150628 0.000759261 0.000737953 0.000348106 8.47313e-05
0.0194689 0.958151 0.000305064 0.0201125 0.000477129 0.000345524 0.00113995
0.000964407 0.981264 0.000105415 0.0173229 7.57139e-05 0.000139484 0.000128037
0.000144284 0.997672 8.71558e-05 0.00155732 0.00012995 0.000156995 0.000252263
0.99279 0.0068175 3.37292e-05 0.000290319 8.41033e-06 4.5297e-05 1.50244e-05
0.0348415 0.784024 0.00013722 0.180392 9.9154e-05 0.000172593 0.00033397
9.10223e-05 0.999562 0.000138566 3.90273e-05 8.07533e-05 4.78045e-05 4.11363e-05
0.039024 0.0796012 0.000617854 0.871068 0.000760112 0.00245297 0.0064755
4.67313e-05 0.999469 8.24298e-05 9.97938e-05 0.00012495 0.000125154 5.16199e-05
0.00920865 0.981969 0.000300695 0.00769107 0.00020292 0.000344575 0.000283259
0.932016 0.0672034 8.43387e-05 0.00058036 2.4655e-05 5.91142e-05 3.19325e-05
0.000162338 0.999133 0.000178749 0.000106851 0.000219935 0.000113593 8.5623e-05
0.000156532 0.99929 0.000117489 0.000136764 0.000167858 7.43942e-05 5.68991e-05
0.000285996 0.999191 8.54035e-06 0.000260308 2.51152e-06 3.31035e-05 0.000218636
0.108922 0.622652 0.0133485 0.23666 0.0048463 0.0101355 0.00343602
0.0112264 0.709001 0.000175012 0.278718 0.000102355 0.000183682 0.00059307
0.000490976 0.989378 0.00025011 0.00559689 0.000662227 0.00130371 0.00231833
0.993526 0.000869164 0.000108547 0.00316677 2.44978e-05 0.000940569 0.00136448
5.36139e-05 0.00566581 3.21099e-05 0.99404 2.81711e-05 8.51601e-05 9.4546e-05
0.00105873 0.995411 0.000697488 0.000869779 0.000697873 0.000551911 0.0007133
0.000134987 0.997649 0.00061188 0.000161265 0.000852045 0.000409518 0.000181183
6.64882e-05 0.998903 0.000392028 9.447e-05 0.000330909 0.00015661 5.70755e-05
0.998419 0.00150765 1.44883e-06 5.97734e-05 9.09438e-07 8.64173e-06 2.32033e-06
0.000552389 0.99801 3.62611e-05 0.00128275 2.7097e-05 5.82053e-05 3.28595e-05
0.000233163 0.999332 0.000173551 7.01176e-05 5.19033e-05 7.07062e-05 6.79187e-05
0.998373 0.000360532 4.02156e-06 0.00114476 7.92384e-07 2.38399e-05 9.30676e-05
0.00100495 0.987021 0.000509398 0.0105641 0.000478431 0.000249605 0.000172266
0.000165168 0.998758 0.000104773 0.000209903 0.000489603 0.000145705 0.000126498
0.0018621 0.994991 0.000243623 0.00241897 0.000174003 0.000155822 0.000154123
0.000314651 0.999018 0.000125994 0.000127263 0.000310376 5.91189e-05 4.48995e-05
0.10082 0.807516 0.00029782 0.0902306 0.000297737 0.00034222 0.000495187
0.000961997 0.997889 7.29132e-05 0.00038447 0.000405851 0.000232523 5.33576e-05
0.232332 0.323639 0.00187143 0.430854 0.00766908 0.0014596 0.00217565
0.79228 0.00519811 0.00279529 0.0019307 0.00033178 0.156184 0.0412801
0.000476601 0.998185 3.65525e-05 0.000189654 6.56172e-05 0.000928115 0.000118344
0.000470521 0.998908 2.27244e-05 0.000510204 1.59617e-05 4.47103e-05 2.77521e-05
0.473093 0.510833 0.00645738 0.00171445 0.00101113 0.00586382 0.00102765
0.00870753 0.954305 0.000458343 0.0345568 0.000472951 0.00067349 0.000825979
0.00600259 0.992907 4.10004e-05 0.000696872 2.49335e-05 0.00025658 7.06322e-05
0.0136062 0.984537 0.00015494 0.000825568 0.000127479 0.000463039 0.00028547
0.0195095 0.000937496 0.00492685 0.00297946 0.000324646 0.213099 0.758223
0.362398 0.049375 0.000357374 0.583664 0.000342554 0.000366002 0.00349622
0.00556555 0.0154062 0.00147512 0.969759 0.00244996 0.00260139 0.0027427
0.000224011 0.99902 0.000214995 0.000106089 0.000187247 0.000136901 0.000110935
0.00178455 0.992255 0.000103839 0.0054377 0.000145062 0.000185637 8.82599e-05
