0.0176498 0.963453 0.00528509 0.00676919 0.00115873 0.0043836 0.00130063
0.0920465 0.774781 0.000990475 0.129928 0.000782966 0.000721335 0.000749438
0.605625 0.258527 0.0186122 0.0444108 0.00377735 0.0522312 0.0168167
0.00200895 0.964096 0.00179762 0.0290964 0.000971177 0.0012718 0.000758393
0.649948 0.117644 0.0192622 0.0259054 0.00175638 0.164391 0.0210932
0.441123 0.0253341 0.00341291 0.130667 0.00333346 0.384268 0.0118613
0.0181587 0.0485214 0.542053 0.00432459 0.00348145 0.367578 0.0158826
0.0117371 0.856211 0.000421497 0.128804 0.000211349 0.000699554 0.00191567
0.01255 9.22105e-05 0.00213745 0.000256669 2.55132e-05 0.821747 0.163191
0.00127892 0.00045011 0.988266 2.15456e-05 0.000395659 0.00913395 0.000454049
0.00663082 0.929109 0.000331093 0.062659 0.000748822 0.000260561 0.000260826
0.00463283 0.993101 0.000522903 0.000840767 0.000324011 0.000358236 0.000220624
0.0991844 0.578887 0.000407456 0.319083 0.000536317 0.000399185 0.00150221
0.0169048 0.0226019 0.0224534 0.0427522 0.739111 0.151013 0.00516377
1.24446e-05 0.999964 9.45678e-06 3.94112e-06 5.00498e-06 3.25468e-06 2.31795e-06
0.00133958 0.00573473 0.000131075 0.00386768 0.986897 0.00191325 0.000116912
0.388854 0.440429 0.00158695 0.166691 0.000881678 0.00077422 0.000782801
2.47518e-05 0.999925 1.58576e-05 9.71631e-06 6.78245e-06 8.39592e-06 9.79071e-06
0.0585962 0.00256637 1.79339e-05 0.937952 1.58952e-05 5.57341e-05 0.000796285
0.354252 0.549308 0.00144455 0.0921814 0.000788746 0.00113739 0.000888283
0.00543456 0.926123 0.000249604 0.0671467 0.000521127 0.000242908 0.000282437
0.0092291 0.000725119 6.71624e-05 0.989066 0.000206172 0.000622103 8.47813e-05
0.664135 0.0103171 0.00325227 0.100661 0.000365779 0.0134658 0.207803
0.418871 0.40888 0.0169405 0.138475 0.0028711 0.00655149 0.00740992
0.0413727 0.929975 0.000775663 0.0265948 0.000344719 0.000450174 0.00048696
0.0632152 0.00457937 0.562309 0.00231983 0.0016862 0.160574 0.205317
4.68208e-06 0.999976 8.6248e-06 1.94702e-06 3.6768e-06 2.76646e-06 2.37614e-06
0.0644661 0.836025 0.00141008 0.0928344 0.0010362 0.00205502 0.00217275
0.0103646 0.911451 0.000270412 0.0765733 0.000443689 0.000352552 0.000544007
0.00881231 0.938726 0.0169504 0.000765762 0.00350258 0.0282506 0.00299283
0.0752481 0.45739 0.274678 0.088116 0.011218 0.0782233 0.0151267
0.00615507 0.419709 0.000105805 0.573211 0.000385432 0.000290865 0.00014273
0.332147 0.454023 0.000686497 0.210243 0.000630609 0.000729015 0.001541
0.00759261 0.935405 0.000950615 0.0496583 0.00246195 0.00204725 0.00188423
0.0116389 0.98524 0.000311723 0.00187511 0.000235786 0.000531849 0.00016625
0.710303 0.240306 0.00266808 0.035305 0.000720691 0.00592595 0.00477132
0.0265675 0.736757 0.0233565 0.0277519 0.00711722 0.161675 0.0167752
0.352107 0.0237697 0.000149714 0.622653 0.000101095 0.000211173 0.00100776
0.995488 0.00378184 0.000654083 5.00717e-05 6.69235e-06 1.15458e-05 7.95999e-06
0.136714 0.49127 0.000454203 0.370296 0.000387586 0.000339038 0.000539891
0.788433 0.101251 0.0146768 0.0730347 0.00235744 0.0136079 0.00663921
0.00527641 0.990369 0.000614199 0.00236496 0.000805284 0.00037529 0.000194646
0.00017903 0.999765 2.22522e-05 5.70068e-06 2.07346e-05 4.3124e-06 3.07293e-06
0.286747 0.18253 0.268974 0.173186 0.0112879 0.0625138 0.0147615
0.0293874 0.928954 0.000968832 0.0348335 0.00303038 0.00144352 0.00138238
0.0372138 0.602996 0.00178674 0.350138 0.00257463 0.00180116 0.00348914
9.14174e-05 0.000456374 7.54197e-05 0.000437591 0.997007 0.00191652 1.53865e-05
0.00281403 0.00223337 0.0195035 0.000617204 0.000344635 0.941422 0.0330657
0.0257663 0.4139 0.00155933 0.555578 0.000964697 0.00111864 0.00111355
7.34268e-05 0.999654 1.84264e-06 0.000256166 2.58318e-06 1.01266e-05 1.53773e-06
1.45749e-05 0.999952 1.01176e-05 5.13214e-06 9.35301e-06 4.85811e-06 3.5791e-06
0.446568 0.45486 0.00180681 0.0913992 0.00168953 0.00139554 0.00228102
0.759283 0.18072 0.000948057 0.0577407 0.000534335 0.000418485 0.000355017
0.128613 0.599535 0.00171503 0.264246 0.00119471 0.00160447 0.00309164
0.0226064 0.789783 0.000498536 0.184742 0.000453284 0.000518474 0.00139866
0.00994669 0.97881 0.000491725 0.00980594 0.000285076 0.000273367 0.000387009
0.0032263 0.00334223 0.00278743 0.788061 0.00507941 0.185676 0.0118282
0.00181667 0.993223 0.000431317 0.00321691 0.000281795 0.000373588 0.000656682
8.41045e-05 0.999579 3.61874e-05 0.000179069 6.0159e-05 3.45629e-05 2.6886e-05
0.0856201 0.670672 0.000569675 0.237753 0.00043755 0.00140393 0.00354345
0.0271615 0.774628 0.000410049 0.194361 0.000397743 0.000898661 0.00214269
0.00327446 0.994643 6.25279e-05 0.000979665 6.24657e-05 0.000837974 0.000139826
0.00229981 0.989477 0.000152239 0.00729931 9.00868e-05 0.000488229 0.000193597
0.844056 0.0977214 0.00581473 0.0036411 0.00058652 0.0240866 0.0240939
0.0426375 0.910874 0.000955983 0.0409462 0.000552645 0.00202125 0.00201273
0.0066708 0.00024021 0.0022224 3.70201e-05 2.20392e-05 0.955183 0.035625
0.00028158 0.999173 8.89808e-05 0.000282356 6.58699e-05 7.32767e-05 3.45689e-05
6.91958e-05 0.99966 0.000113745 3.48629e-05 4.29345e-05 4.44303e-05 3.49453e-05
0.0251334 0.939757 0.00041304 0.0286903 0.00037582 0.00431073 0.00131981
0.0716857 0.274375 0.00550181 0.181485 0.451002 0.0134653 0.00248567
0.0054805 0.883216 9.1108e-05 0.11078 0.000145229 0.000138028 0.000148766
0.0274268 0.617827 0.00022862 0.353354 0.000120172 0.000145975 0.000897834
0.00859301 0.974374 0.000524101 0.0146269 0.000326299 0.000660288 0.000895554
9.8488e-05 0.999779 5.2076e-05 1.41364e-05 2.41159e-05 1.86401e-05 1.35377e-05
0.00265838 0.993314 7.2022e-05 0.00324399 5.75633e-05 0.000404862 0.000249349
0.00906642 0.00439896 0.00304123 0.000546769 0.000148275 0.398107 0.584691
0.0395854 0.248674 0.025658 0.00995496 0.0103037 0.643251 0.0225731
0.00864947 0.108822 5.99763e-05 0.88132 0.000537828 0.000317818 0.000292289
0.00145071 0.978662 4.74019e-05 0.0196574 9.25475e-05 5.09644e-05 3.86247e-05
0.000134685 0.999549 0.000102753 4.6499e-05 0.000107032 3.53514e-05 2.49552e-05
0.000257976 0.999522 5.15855e-05 2.32564e-05 0.000126901 1.29922e-05 5.17005e-06
0.0380787 0.183865 0.0401232 0.015769 0.00979096 0.689999 0.022374
0.0313564 0.597709 0.367324 0.0002554 0.00123207 0.000900129 0.00122303
0.0441962 0.953756 0.000759449 0.000779159 0.000238698 0.000125017 0.000145614
0.000165455 0.999735 6.28056e-05 4.9084e-06 1.94111e-05 7.03395e-06 5.06299e-06
0.522843 0.0156965 0.0165277 0.00419196 0.000328009 0.0232197 0.417193
0.119023 0.0015234 0.00718494 0.00573478 0.000266411 0.828635 0.0376334
0.023414 0.971407 0.000282898 0.00224198 0.00015162 0.00200024 0.000502214
0.955839 0.0289202 0.000726126 0.00678592 0.000133834 0.0052913 0.00230345
2.31102e-05 0.999864 3.3599e-05 2.0535e-05 2.14475e-05 2.63625e-05 1.09617e-05
0.000160187 0.998697 6.33238e-05 0.000639104 0.0002858 9.7512e-05 5.67127e-05
0.128373 0.000264641 0.000771267 0.000190862 1.16459e-05 0.50926 0.361129
0.0173287 0.965702 0.00122834 0.00352385 0.00149825 0.00933471 0.00138422
0.0017955 0.929413 0.000158049 0.0667953 0.00144772 0.000235662 0.000154355
0.00145075 0.00564568 0.00776791 0.000401334 0.00024939 0.981434 0.00305119
0.0066659 0.992809 0.000142061 0.000202692 7.31581e-05 5.67217e-05 5.0628e-05
0.382906 0.016183 0.00995256 0.442033 0.00401776 0.112318 0.0325898
0.0605165 0.897764 0.000207472 0.0398768 0.000185817 0.000365574 0.00108371
0.00935769 0.978667 0.000317168 0.00699276 0.000165048 0.00275879 0.00174111
0.238933 0.00515184 0.00285385 0.733184 0.00172346 0.0141427 0.00401032
6.5127e-05 0.00355911 1.16939e-05 0.000517377 0.995673 0.000167142 6.60977e-06
0.0101726 0.0106709 0.0017079 0.000214661 0.000162007 0.970865 0.00620699
0.00258934 0.995821 1.62984e-05 0.000650617 2.55132e-05 0.000823688 7.31839e-05
0.000968827 0.995522 0.000221527 0.00217187 8.38034e-05 0.000828127 0.000203634
0.000186511 0.999025 6.04763e-05 0.00049851 0.000131945 6.24801e-05 3.48704e-05
0.961861 0.00357622 7.07585e-05 0.0327888 3.69933e-05 0.00112078 0.000545357
0.0094817 0.00342171 0.000933398 0.000383387 4.79115e-05 0.976658 0.00907386
4.64311e-05 0.999852 1.87209e-05 1.93257e-05 4.68345e-05 9.06385e-06 7.55319e-06
0.0400793 0.853931 0.00224723 0.094133 0.00135172 0.00551012 0.00274721
0.000322671 0.999416 9.3711e-05 3.3748e-05 4.50127e-05 4.68495e-05 4.24282e-05
0.00020878 0.99082 3.84851e-05 0.00874118 2.88551e-05 9.75534e-05 6.48998e-05
7.52192e-06 0.99997 7.05661e-06 2.65664e-06 7.87632e-06 2.76431e-06 1.82118e-06
0.00445824 0.98161 3.79242e-05 0.0137962 3.63315e-05 3.79022e-05 2.33083e-05
6.0851e-06 0.999985 6.06847e-06 3.26474e-07 1.22947e-06 5.21274e-07 5.63937e-07
0.00025954 0.998543 4.65326e-05 0.00103583 3.63563e-05 4.54348e-05 3.34514e-05
0.120506 0.866668 0.00449264 0.00485069 0.00130037 0.00113759 0.00104499
0.418745 0.00479102 0.00191449 0.157475 0.000310595 0.0489992 0.367765
2.375e-05 0.999935 1.95891e-05 3.60342e-06 7.83111e-06 6.49026e-06 4.25277e-06
0.0211959 0.0153722 0.125188 0.28944 0.00379678 0.418846 0.126161
0.291193 0.403358 0.0337358 0.0769038 0.0105428 0.165481 0.0187854
0.00107235 0.996637 0.00114476 0.000284058 0.000216052 0.00035125 0.000295033
0.240585 0.378283 0.000688313 0.375736 0.000880744 0.00182736 0.00199967
0.0535864 0.889364 0.00214825 0.0445177 0.00214661 0.00594415 0.00229316
6.90197e-06 0.999971 7.17056e-06 2.59679e-06 7.67693e-06 2.76317e-06 2.23168e-06
0.000830798 0.992339 6.55457e-05 0.00595783 6.99998e-05 0.000208087 0.000528365
0.00212353 0.992356 4.87504e-05 0.00474268 4.31493e-05 0.000122102 0.000564137
0.000128668 0.998552 5.46579e-05 0.00101037 8.76445e-05 9.96798e-05 6.67425e-05
0.0491186 0.892033 0.00034003 0.0564987 0.000607901 0.000551613 0.00085039
0.0121172 0.955743 0.000360139 0.0306747 0.000264405 0.000469323 0.000371705
5.40562e-05 0.999643 0.000106814 5.02642e-05 6.6658e-05 5.65436e-05 2.30254e-05
0.0344223 0.944067 0.000532507 0.00133377 0.00014536 0.00322991 0.0162695
0.000533223 0.999252 0.000147012 7.79978e-06 3.82653e-05 1.2263e-05 9.7243e-06
0.000664351 0.0025282 1.52069e-05 0.996231 3.29974e-05 0.000138032 0.000390418
0.0626731 0.874884 0.00205144 0.0546391 0.00133939 0.00209845 0.00231455
0.805655 0.110103 0.00562704 0.060593 0.00116063 0.0112936 0.00556774
0.0761645 0.243714 0.00287825 0.661604 0.00117468 0.00301491 0.0114497
3.52245e-05 0.999783 7.26036e-05 1.36167e-05 6.64714e-05 2.0279e-05 8.74864e-06
0.00112464 0.978279 0.00317787 0.000228449 0.000767633 0.0155174 0.000905391
1.49913e-05 0.999955 1.45852e-05 9.29679e-07 1.10422e-05 1.8527e-06 1.0761e-06
2.10851e-05 0.999888 1.41195e-05 2.37723e-05 3.14822e-05 1.38562e-05 8.2805e-06
0.508587 0.0370633 0.00328305 0.00275775 0.000144287 0.0190123 0.429152
0.0447665 0.930083 0.000233809 0.0225779 0.000182269 0.00124596 0.000910235
2.54957e-05 0.999789 1.81526e-05 2.11498e-05 0.000127003 1.42798e-05 4.63692e-06
0.000132905 0.999281 0.000218391 9.90752e-05 7.44026e-05 0.000125795 6.81183e-05
0.0281707 0.940929 0.00122871 0.0272661 0.000552279 0.000904 0.000948959
0.0354857 0.0793364 0.0201024 0.0947264 0.00199109 0.573585 0.194773
2.87876e-05 0.998519 1.25989e-05 0.00136061 3.28676e-05 3.00157e-05 1.63375e-05
0.481277 0.398308 0.00634841 0.0893532 0.00209933 0.0130988 0.00951509
0.027356 0.53399 0.43383 0.000567953 0.00118927 0.00126658 0.00180015
0.228162 0.55956 0.000371882 0.210743 0.000320984 0.000357047 0.000484955
0.000722697 0.99841 0.000216888 0.000310922 0.000170134 8.64619e-05 8.2819e-05
0.267732 0.464955 0.0471037 0.0193432 0.00444427 0.0849776 0.111444
0.000293046 0.990092 0.00780192 8.79647e-05 0.000331542 0.00127976 0.000114152
0.948204 0.0390992 0.00125587 0.0031274 0.000169841 0.00752283 0.000620643
0.0816678 0.909156 0.00519821 0.00221758 0.000384126 0.001006 0.000370688
0.00235895 0.992413 0.000102288 0.00305324 0.000165014 0.0016099 0.000297076
0.980709 0.00321088 7.64475e-05 0.0091768 1.71276e-05 0.00382603 0.00298315
0.0944688 0.87874 0.00137736 0.011983 0.000877659 0.00875868 0.00379431
3.65381e-05 0.000230753 3.1698e-06 0.000190273 0.999437 0.00010055 1.46468e-06
0.00901138 0.0410298 0.0170453 0.00744105 0.790315 0.132168 0.00298912
0.410877 0.511402 0.0117373 0.0483846 0.00816531 0.00638317 0.00305124
0.113913 0.712015 0.00259091 0.163519 0.00283814 0.00228845 0.00283496
0.000423352 0.000118181 0.000491975 1.17421e-05 6.44462e-06 0.997235 0.00171343
3.60016e-05 0.999625 0.000114045 3.68786e-05 6.11918e-05 0.0001022 2.45724e-05
5.25137e-05 0.999705 2.29223e-05 0.00012908 5.11587e-05 2.5018e-05 1.48031e-05
0.0112798 0.976762 0.000941525 0.0076561 0.000289364 0.00210326 0.000967858
0.00016389 0.999685 0.000116561 3.64241e-06 2.00186e-05 6.38903e-06 4.73481e-06
8.54381e-05 0.000161227 0.999732 2.89728e-07 2.64556e-06 1.25781e-05 5.41959e-06
0.00376276 0.987957 0.000981564 0.00506878 0.000600554 0.000888799 0.000740351
0.0113226 0.195031 0.0051516 0.00106257 0.000652096 0.695491 0.091289
0.0686646 0.90598 0.00310683 0.017858 0.00078777 0.00160806 0.00199477
0.0230401 0.849158 0.000425016 0.125584 0.000194526 0.000310834 0.00128687
0.00025247 0.998214 0.00114035 5.62408e-05 0.000114547 0.000168762 5.31682e-05
0.0997599 0.535536 0.000820366 0.361182 0.000721439 0.000702647 0.00127788
0.190702 0.525479 0.00135291 0.280176 0.000914963 0.000679364 0.000695303
0.00981022 0.985728 0.00204403 0.00106489 0.000466686 0.000417571 0.000468159
0.00243993 0.0238044 0.000136657 0.971562 0.00075131 0.000933566 0.000372514
0.673982 0.0281054 0.00179648 0.00799783 0.000434032 0.275716 0.0119676
0.022345 0.91004 0.000449279 0.0655968 0.000954829 0.000339571 0.000274921
0.00125108 0.99018 4.31917e-05 0.00838881 3.62062e-05 6.34098e-05 3.75657e-05
0.000140073 0.999047 0.000113644 0.000136836 0.00039142 0.000136773 3.4445e-05
0.969376 0.00191543 0.000120459 0.0242448 4.29059e-05 0.00375388 0.000546489
0.146564 0.0521473 0.000803947 0.795928 0.00084398 0.00271357 0.000999362
0.00116195 0.998553 7.29712e-05 7.62914e-05 6.01783e-05 4.50628e-05 3.05639e-05
0.127397 0.806332 0.00497058 0.0309303 0.00185106 0.0208358 0.00768324
1.94758e-05 0.999939 6.12029e-06 1.97483e-05 7.42826e-06 4.90309e-06 3.72229e-06
0.0938444 0.812514 0.00329534 0.0738616 0.0109324 0.00340895 0.00214368
0.000111521 0.998653 8.48409e-05 0.000433676 0.000511252 0.000150102 5.60231e-05
0.0261007 0.832859 0.00113552 0.134814 0.00359575 0.000808202 0.000687133
0.646399 0.31365 0.00432638 0.0313666 0.000960863 0.00198711 0.0013099
0.000170833 0.998159 0.000391459 0.00017704 0.00074828 0.000280524 7.32007e-05
0.0560557 0.00629333 0.00594934 0.361888 0.00124968 0.306982 0.261581
0.0283599 0.00937822 0.00717383 0.00344025 0.000777241 0.925421 0.0254497
0.237945 0.458972 0.0151562 0.0104872 0.00243373 0.259192 0.0158142
0.25242 0.588019 0.000724861 0.156969 0.000569396 0.000557866 0.000739909
0.00585643 0.982227 0.000170951 0.0111121 0.000112404 0.000347077 0.000174048
4.61246e-05 0.999844 2.41892e-05 3.15597e-05 3.3149e-05 1.38333e-05 6.81326e-06
0.0288862 0.969632 5.73844e-05 0.00124659 8.1236e-05 7.35713e-05 2.28103e-05
3.85954e-05 0.999872 2.66725e-05 1.6827e-05 2.46586e-05 1.32461e-05 7.77763e-06
0.0753287 0.437045 0.00108805 0.481626 0.00139148 0.00111356 0.00240692
0.392916 0.0644132 0.0099888 0.00302967 0.000852827 0.461123 0.0676762
0.00860929 0.84131 0.00741499 0.00255169 0.0012808 0.124183 0.0146498
3.57666e-05 0.999696 8.5632e-05 4.56718e-05 8.33603e-05 3.73028e-05 1.65972e-05
0.160805 0.790128 0.0023453 0.0341725 0.0105104 0.00142217 0.000616482
0.0159384 0.863739 0.000676721 0.117631 0.000352441 0.000533043 0.00112984
0.172454 0.737411 0.00124955 0.086158 0.00073549 0.000925638 0.00106611
0.000526712 0.998458 0.000951039 4.73971e-06 3.62664e-05 1.02612e-05 1.27215e-05
0.108293 0.000438582 0.0197846 0.0545148 0.00251736 0.773488 0.0409635
0.00159275 0.144583 0.852231 5.93813e-05 0.000619016 0.000651404 0.000263531
0.000115166 0.999636 3.46014e-05 0.000126808 1.02682e-05 2.34535e-05 5.35407e-05
0.877 0.00824754 0.000982062 0.109678 0.000378088 0.00239169 0.00132251
6.93139e-05 0.999617 3.02832e-05 0.000173905 2.88316e-05 5.85887e-05 2.15205e-05
4.17551e-05 0.999875 2.73194e-05 1.41512e-05 2.08143e-05 1.24333e-05 8.30294e-06
0.000956813 0.962915 0.012024 0.00191631 0.00380015 0.0174144 0.00097306
0.00311683 0.99518 4.77981e-05 0.000494921 0.000105012 0.000862966 0.000192249
0.00429326 0.718694 0.000239937 0.273388 0.0025439 0.000350058 0.000491123
0.0288247 0.69805 0.00126964 0.266385 0.00186491 0.00133103 0.00227446
2.72741e-05 0.999805 1.71482e-05 7.38108e-05 5.35602e-05 1.54948e-05 8.13183e-06
0.489358 0.443725 0.00343297 0.042497 0.00370143 0.0121547 0.00513104
1.04188e-05 0.999939 1.60471e-05 7.60378e-06 1.38464e-05 9.17139e-06 4.27857e-06
0.529924 0.0798698 0.0624738 0.257197 0.0068813 0.0311785 0.032476
0.0703869 0.434724 0.00130089 0.48873 0.00168196 0.00110012 0.00207599
0.943356 0.0522912 0.000187997 0.00264624 4.13789e-05 0.000903339 0.000574266
0.000181457 0.99897 0.000494203 8.99313e-05 0.000112471 9.74657e-05 5.45204e-05
4.22836e-05 0.999839 3.67504e-05 2.35027e-05 2.42534e-05 1.931e-05 1.44978e-05
0.000309052 0.995235 0.00415312 4.53662e-05 9.51238e-05 8.6479e-05 7.6032e-05
0.0578279 0.0167422 0.000443217 0.840463 0.000100864 0.000935971 0.0834871
0.010659 0.627226 0.00124079 0.356112 0.00267321 0.000928035 0.0011608
0.0441128 0.891893 0.000298191 0.0622045 0.000342195 0.000431972 0.000717481
0.0031712 0.995917 1.92477e-05 0.000483737 1.22326e-05 0.000328309 6.81846e-05
0.00061974 0.987125 0.00147966 0.00115267 0.00807506 0.00133127 0.000216846
0.044837 0.898326 0.000400197 0.0549012 0.000435112 0.00050501 0.000595806
0.000597532 0.000338678 0.00247128 6.93788e-05 3.76913e-05 0.993859 0.00262633
3.54394e-05 0.99974 0.000107445 3.29641e-05 4.01589e-05 2.91804e-05 1.47181e-05
0.000242601 0.996037 1.75985e-05 0.00362937 1.69313e-05 4.06877e-05 1.52891e-05
0.751927 0.192566 0.00134887 0.044844 0.000342043 0.00255277 0.00641958
0.115057 0.498844 0.112218 0.187111 0.0198033 0.0497549 0.0172123
0.00170248 0.973972 0.000318545 0.0206204 0.00282151 0.000363071 0.000202276
0.00210459 0.993119 0.00020293 0.00305239 0.000227565 0.000568475 0.000724621
0.0264857 0.652388 0.000626344 0.317705 0.000818375 0.000503399 0.00147366
0.0503129 0.0929085 0.0574916 0.0155888 0.00142338 0.0547277 0.727547
0.0113236 0.897011 5.75152e-05 0.0909598 6.69692e-05 0.00013057 0.000450377
0.00955987 0.873726 9.74048e-05 0.115893 0.000117186 0.000165503 0.000441206
0.0755398 0.751263 0.00508767 0.160785 0.00105898 0.00197182 0.00429329
0.000725557 0.997603 0.000149392 0.00112759 0.000203934 0.000123349 6.6973e-05
0.133481 0.69533 0.00133315 0.166418 0.00101855 0.00098295 0.0014358
0.000508201 0.999057 0.000316468 3.00257e-05 3.40012e-05 2.61877e-05 2.84182e-05
0.00120792 0.00225117 0.0253928 0.000539485 0.00191475 0.965175 0.00351883
1.74142e-06 0.999986 3.56371e-06 5.79601e-07 5.46617e-06 1.83535e-06 6.33057e-07
0.0077955 0.865169 0.000434045 0.125158 0.000631536 0.000397876 0.00041341
0.0090918 0.0014835 0.0039325 0.00529809 0.000407154 0.955919 0.0238676
0.0603486 0.00209897 0.00603685 0.331384 0.00115845 0.592744 0.0062292
0.0661632 0.780859 0.00457016 0.141616 0.00270175 0.00224954 0.00184016
0.0016307 0.495442 7.58724e-05 0.502325 0.000193641 0.0001305 0.000202684
0.00795363 0.98036 0.000186045 0.0107894 0.000133616 0.000377258 0.000200013
0.00285763 0.993146 0.00017358 0.00341117 0.000153491 0.000144307 0.000113732
0.0228853 0.000490768 0.0160364 0.0005226 8.92573e-05 0.289296 0.67068
0.0217752 0.00362013 0.000537115 0.970214 0.000534784 0.00259459 0.000724583
0.00178763 0.949632 0.000130986 0.0474025 0.000232366 0.000230543 0.000583661
0.00150725 0.956822 4.78414e-05 0.0408006 0.000591977 0.000105043 0.000125524
0.0111128 0.937376 0.000176328 0.0506225 0.00030639 0.000170986 0.000234708
0.00706329 0.985984 0.000313259 0.00586124 0.00021194 0.000296377 0.000270054
0.00961016 0.989673 0.000388409 0.000104597 0.00010398 6.5957e-05 5.41661e-05
0.000611594 0.999116 0.000138775 3.50186e-05 4.61731e-05 2.69513e-05 2.50614e-05
0.00153063 0.958126 0.000159082 0.0394908 0.00046404 0.00013195 9.76936e-05
1.07956e-06 0.999988 4.8571e-06 5.77574e-07 3.20975e-06 1.18602e-06 6.179e-07
0.0246109 0.866026 0.000461279 0.107528 0.000251725 0.000346416 0.000775738
0.0119718 0.964821 0.0171494 0.000714 0.00236085 0.0018213 0.0011622
0.0218369 0.542957 0.000698359 0.432207 0.000806383 0.000657904 0.000836944
0.0203085 0.969221 0.000402323 0.00909748 0.000131079 0.000285643 0.000554064
0.000991264 0.996584 5.04355e-05 0.000263956 0.000133936 0.00181046 0.000166339
0.000421401 0.997518 0.00149701 0.000102569 0.000231835 0.00013472 9.43162e-05
3.69004e-05 0.999709 9.88902e-05 1.31296e-05 2.45163e-05 8.51104e-05 3.19839e-05
0.0702122 0.798821 0.000715509 0.125575 0.00170974 0.00118985 0.00177667
1.53674e-05 0.999647 7.47222e-05 1.79275e-05 3.95841e-05 0.000183061 2.21689e-05
0.0805722 0.680141 0.00166193 0.231432 0.00289875 0.00145313 0.0018413
0.0726104 0.792065 0.00181077 0.123864 0.00249099 0.00308715 0.0040716
0.000419759 0.998601 0.0004974 0.000143227 0.00013158 0.000104875 0.000102767
4.02983e-06 0.999989 5.08217e-06 1.20661e-07 1.49068e-06 2.52212e-07 2.35781e-07
8.64874e-05 0.99938 0.000127896 0.000148324 0.000130093 8.40589e-05 4.27603e-05
8.99632e-05 0.999153 0.000134942 0.00023129 0.000128033 0.000203832 5.94591e-05
0.0138702 0.959364 0.000668346 0.0222874 0.000416456 0.00205348 0.0013399
0.0285779 0.0831049 0.019196 0.00324766 0.00215141 0.794641 0.0690813
0.804118 0.177128 0.000618981 0.0116232 0.000277023 0.00494962 0.00128471
0.000713293 0.986402 0.000246848 0.00683845 0.00517774 0.000380805 0.000240697
0.000125651 0.999829 2.34806e-05 2.92053e-06 1.23055e-05 3.65394e-06 2.88919e-06
0.00118899 0.972643 2.07963e-05 0.025947 5.91296e-05 6.49184e-05 7.60203e-05
0.00117249 0.857286 0.000143947 0.140673 0.000250908 0.000233811 0.000239879
8.22625e-06 0.999972 3.88469e-06 6.85432e-06 5.00841e-06 2.26646e-06 1.32319e-06
0.00558607 0.989172 8.11792e-05 0.00486719 7.93967e-05 9.05598e-05 0.000123534
0.0483378 0.854804 0.00050556 0.0933437 0.00101424 0.000689177 0.0013054
8.80213e-05 0.99946 0.000138275 0.000107981 7.82879e-05 8.98888e-05 3.77406e-05
0.0068327 0.0353157 0.0191333 0.00159259 0.00185416 0.922094 0.0131774
0.00239144 0.02026 0.0298825 0.00155176 0.000511085 0.941315 0.00408876
0.00825456 0.898938 0.000199465 0.0917169 0.000194943 0.000334045 0.000361678
7.77005e-05 0.999575 5.19803e-05 0.000150514 5.93918e-05 5.00236e-05 3.55727e-05
0.000296274 0.999487 9.65252e-05 2.88432e-05 5.14706e-05 2.40091e-05 1.58918e-05
0.0973367 0.762944 0.000832626 0.136685 0.000879976 0.000665101 0.000656582
0.000390741 0.995342 0.00323343 0.000258036 0.000387268 0.000295741 9.29845e-05
0.0088372 0.0274789 0.00606285 0.560333 0.00449451 0.184343 0.20845
0.0033368 0.957652 0.000175266 0.0383852 6.25394e-05 9.04515e-05 0.000298226
0.000444913 0.995027 5.3528e-05 0.00414191 4.78666e-05 0.000203571 8.1022e-05
0.0080748 0.986478 0.000226421 0.0028645 0.000109412 0.00175396 0.000492694
0.983117 0.00176635 5.41784e-05 0.00818927 1.42338e-05 0.00594503 0.000913992
0.21463 0.484222 0.00135455 0.296561 0.00105475 0.000963402 0.0012144
0.041647 0.758175 0.0018198 0.190523 0.00190541 0.00264407 0.00328569
0.000533029 0.995713 0.000607136 0.00096265 0.000372077 0.00110078 0.000711379
0.000568084 0.903394 0.0955906 3.34261e-05 0.000136406 0.000139362 0.000138025
7.27252e-05 0.999298 0.00038213 4.21795e-05 0.000111925 5.84772e-05 3.44993e-05
0.0272412 0.877037 0.000953473 0.091574 0.00136203 0.000840798 0.000991384
0.915272 0.00102941 0.000228078 0.0801301 6.87888e-05 0.000941183 0.00233094
0.101081 0.00866887 0.00175964 0.83033 0.00102009 0.0201685 0.0369717
1.95565e-05 0.999946 1.20381e-05 4.16018e-06 1.02121e-05 4.31014e-06 3.16428e-06
0.163262 0.652863 0.0011291 0.177455 0.00154721 0.00159262 0.00215149
1.65085e-06 0.999952 3.14976e-06 1.13206e-06 3.99934e-05 1.9103e-06 5.90307e-07
0.113625 0.00352439 0.00243068 0.809894 0.015006 0.0524488 0.0030716
0.00488558 0.959467 0.000277015 0.0334976 0.000660599 0.000415146 0.000796832
0.119791 0.140698 0.396327 0.0962361 0.026203 0.194658 0.0260874
0.00552143 0.982564 0.000302087 0.0109418 0.000188527 0.000286129 0.000196382
0.00226436 0.997373 7.09861e-05 6.84588e-05 1.95543e-05 0.000103585 9.97699e-05
0.156429 0.102316 0.148598 0.0233585 0.00597704 0.359964 0.203357
0.845006 0.0391693 0.00028468 0.113401 0.000183942 0.000820773 0.00113397
0.000640857 0.997859 0.000137218 0.000908492 0.000260527 0.000125768 6.85581e-05
0.0132862 0.929303 0.000305985 0.0554423 0.000411794 0.000406075 0.000844182
0.00397722 0.985854 0.000316853 0.0086268 0.000254548 0.000710047 0.000260584
0.00429697 0.988984 0.000232821 0.00393104 0.000325549 0.00180392 0.000425605
0.0101888 0.00948044 0.00478489 0.00619443 0.000217956 0.020682 0.948452
0.150293 0.684637 0.162729 0.000224104 0.000356734 0.000469818 0.00128956
0.000399182 0.000993542 0.00305844 0.000249694 0.00157973 0.991908 0.00181087
0.940084 0.0491229 0.0013448 0.0039052 0.000163079 0.00380638 0.0015736
0.000122447 0.999483 0.000153545 9.7238e-05 6.08457e-05 4.98659e-05 3.32464e-05
0.00765955 0.85977 0.00296061 0.115899 0.0033939 0.00717258 0.00314334
4.19848e-05 0.999833 2.13434e-05 4.15226e-05 3.22078e-05 1.73777e-05 1.26054e-05
0.0143978 0.650784 0.000229368 0.333455 0.000412642 0.000405892 0.000315338
0.0918764 0.899303 0.000994159 0.0061324 0.000808943 0.000627001 0.000258289
0.00338264 0.995461 0.00029878 0.000291652 0.000132106 0.000295931 0.000138117
0.00380372 0.685958 0.000610013 0.307627 0.000863753 0.000624699 0.000512831
0.200356 0.0280829 0.0081356 0.73219 0.00278212 0.0177655 0.0106873
0.000200739 0.998814 0.000223458 2.5502e-05 5.45195e-05 0.000430529 0.000251196
0.0617266 0.835639 0.00775403 0.0300945 0.00197708 0.0264413 0.0363679
1.37229e-05 0.999961 1.21605e-05 2.76765e-06 5.19991e-06 3.0812e-06 2.42442e-06
0.0425999 0.955763 0.00125265 7.59712e-05 0.000188609 6.64366e-05 5.30892e-05
0.120678 0.749543 0.000263354 0.128266 0.000596462 0.000272267 0.000380416
0.00612143 0.987698 7.95961e-05 0.0057459 5.74429e-05 6.68923e-05 0.000230634
0.00393201 0.956092 0.000667041 0.0322532 0.0052895 0.000934323 0.000831831
0.0598479 0.328912 0.0202501 0.0140775 0.00290857 0.542141 0.0318636
0.000965661 0.992225 3.10282e-05 0.00666611 2.32865e-05 5.71619e-05 3.18587e-05
0.891632 0.0892995 0.000908118 0.016871 0.000542651 0.000377709 0.00036897
0.00374218 0.99045 0.00192154 0.00178919 0.00104619 0.000756381 0.000294734
0.00530833 0.993315 9.6662e-06 0.00126799 8.29132e-06 4.67503e-05 4.39605e-05
0.00869892 0.019555 0.00571137 0.000317991 0.00028058 0.954025 0.0114115
0.0339861 0.00773758 0.00222759 0.000239 6.28425e-05 0.946549 0.00919765
0.0169547 0.959386 0.000746947 0.0199163 0.000930438 0.000897789 0.00116765
0.000504114 0.999265 5.54079e-05 0.000100867 2.55218e-05 2.66178e-05 2.21446e-05
0.0823237 0.898648 0.00127522 0.013875 0.000316336 0.00262607 0.00093575
0.0559457 0.0282956 0.0836654 0.015963 0.00637502 0.785455 0.0243
0.00172917 0.996434 0.000923101 0.000381035 0.000223879 0.000172184 0.000136605
0.866178 0.130261 0.000128733 0.00315162 6.07794e-05 0.000159237 6.08216e-05
0.590598 0.0176621 0.000437715 0.37972 0.000185843 0.0020917 0.00930417
0.0191022 0.660683 0.000232076 0.319311 0.000239418 0.000194127 0.000238989
0.103404 0.195293 0.000350012 0.699138 0.000719414 0.000426441 0.00066969
0.0442643 0.809012 0.00396283 0.132837 0.000798987 0.00273423 0.00639024
0.000375959 0.998887 6.99867e-07 0.000720534 1.25589e-06 4.15008e-06 9.88262e-06
0.0443606 0.00881387 6.58995e-05 0.941816 3.44223e-05 0.000220869 0.0046881
0.0033575 0.982052 0.000607491 0.00650184 0.002943 0.0035832 0.000955484
0.000233805 0.999715 3.70632e-05 1.92657e-06 6.6477e-06 3.42034e-06 2.46489e-06
0.820835 0.00619066 0.000845668 0.00581138 9.06743e-05 0.142319 0.0239079
9.7071e-05 0.999799 4.02628e-05 1.58346e-05 2.32353e-05 1.38951e-05 1.0615e-05
0.00924255 0.948357 0.000111757 0.0417509 0.000107294 0.000124852 0.000305649
0.00186751 0.973899 0.00015494 0.0234143 0.000433079 0.000132672 9.87087e-05
0.000353291 0.996714 5.70792e-05 0.0027393 3.62063e-05 6.15e-05 3.91199e-05
0.131004 0.224222 0.000810967 0.640295 0.000528749 0.000823767 0.00231533
0.00012975 0.999827 2.44141e-05 2.33079e-06 1.10206e-05 3.10459e-06 2.29618e-06
0.204596 0.723932 0.00394502 0.0574113 0.00101535 0.00286944 0.00623188
0.108279 0.881268 0.00195449 0.00586211 0.000393799 0.00166071 0.000581825
0.00201752 0.965728 7.90363e-05 0.0319586 8.52793e-05 6.66105e-05 6.44594e-05
0.111438 0.0211179 0.0687108 0.419999 0.0649457 0.256621 0.0571684
0.0269374 0.886226 0.00402992 0.0584179 0.00153327 0.00999674 0.012859
0.20569 0.653961 0.00210827 0.134725 0.00112705 0.00115511 0.00123332
0.00605784 0.984661 0.00012842 0.00816627 9.24925e-05 0.000558796 0.000334841
3.34229e-05 0.999919 2.31488e-05 5.49572e-06 9.32659e-06 5.8767e-06 4.03049e-06
4.59096e-05 0.999657 1.51555e-05 0.000223534 3.4647e-05 1.48652e-05 8.71768e-06
0.0391291 0.0119338 0.0102827 0.00543636 0.000718519 0.677532 0.254968
8.23057e-05 0.999798 2.05805e-05 4.5524e-05 2.76037e-05 1.51917e-05 1.03728e-05
0.000151798 0.999493 0.000131936 7.10034e-05 7.79925e-05 4.58374e-05 2.79856e-05
0.0419396 0.702799 0.000708698 0.252106 0.00069392 0.000528001 0.00122449
0.0158125 0.205285 0.000301822 0.777212 0.000230431 0.000375968 0.000781477
0.000457373 0.998833 0.000187023 0.00028166 8.5159e-05 9.69944e-05 5.87573e-05
0.00238121 0.996961 0.000202994 0.000246578 8.69971e-05 6.71768e-05 5.3818e-05
0.000534717 0.985543 0.000107124 0.0131262 0.00033535 0.000182614 0.000171285
0.000220926 0.999006 6.90024e-05 0.000461505 7.68156e-05 9.0886e-05 7.4599e-05
0.000332949 0.997043 0.000204729 0.00119078 0.000883358 0.000241063 0.000104093
0.020452 0.65 0.000449813 0.327405 0.000543372 0.000471158 0.00067853
0.00097542 0.998782 0.000160159 1.33358e-05 3.84809e-05 1.71789e-05 1.3244e-05
0.000368136 0.997506 0.000381148 0.000937666 0.00027728 0.000389925 0.000139828
0.0677006 0.929713 0.00072115 0.000490528 0.000230275 0.000547242 0.000596748
0.140433 0.604887 0.00136877 0.248024 0.00115894 0.00160388 0.00252418
3.91e-05 0.999662 9.69574e-05 3.84255e-05 9.85086e-05 4.61606e-05 1.87236e-05
0.00107961 0.996632 0.000133861 0.00188979 0.000100774 9.4672e-05 6.96795e-05
0.00122285 0.996678 3.53379e-05 0.000810028 4.13761e-05 0.000968026 0.000245034
0.0957632 0.759917 0.000440896 0.142197 0.000370725 0.00056639 0.00074554
0.000305446 0.997875 0.000148813 0.00107093 0.000226217 0.000281607 9.21594e-05
0.00345023 0.99628 8.46005e-05 7.30376e-05 1.28673e-05 5.65487e-05 4.23862e-05
0.000153534 0.998689 0.000107002 0.000272689 5.66589e-05 0.000190027 0.000530975
0.0228458 0.892524 0.00139357 0.0740424 0.00117587 0.00646269 0.00155596
0.000214323 0.999207 5.76706e-05 0.000338508 0.000101986 5.03409e-05 3.05374e-05
0.00308637 0.991983 0.00133567 0.00216711 0.000449151 0.000580306 0.000397954
2.179e-05 0.999895 1.39087e-05 2.14245e-05 2.83729e-05 1.20835e-05 6.90776e-06
0.0203949 0.86576 0.0819296 0.0139241 0.00443171 0.00819321 0.00536653
0.0258214 0.00340828 0.00536515 0.000954545 0.000335347 0.912413 0.0517027
0.000112567 0.998978 3.72847e-05 0.000713875 8.00503e-05 4.79752e-05 3.01189e-05
8.27327e-05 0.998516 0.0010259 7.53447e-06 6.72675e-05 0.000258409 4.19013e-05
0.0111053 0.871304 0.0130135 0.0942595 0.00262589 0.00466181 0.00302997
0.153945 0.384287 0.00200882 0.453839 0.00165273 0.00193395 0.00233324
5.73043e-05 0.998847 0.000381462 3.82513e-05 0.000120263 0.000455391 0.00010036
0.000516953 0.999278 0.000103012 2.46297e-05 3.17173e-05 2.15219e-05 2.41416e-05
0.0873286 0.701197 0.00111678 0.206762 0.000663559 0.000927794 0.00200454
0.0906155 0.729747 0.00109549 0.175807 0.00109269 0.000741254 0.000900849
7.39482e-06 0.999933 8.79639e-06 3.69479e-06 4.08883e-05 4.55939e-06 2.06562e-06
0.00140199 0.994759 9.07596e-05 0.00283217 0.000761301 9.75826e-05 5.71968e-05
0.0136845 0.899463 0.000468275 0.084534 0.00101786 0.000380023 0.000452275
0.956359 0.025064 0.00133415 0.0137708 0.000212788 0.00235073 0.000908912
0.000115139 0.999248 7.85201e-05 0.00034613 8.77688e-05 8.02152e-05 4.46801e-05
0.800324 0.0810542 0.00339755 0.10845 0.0012696 0.00339252 0.00211175
0.00162482 0.940195 2.02718e-05 0.0579949 3.8584e-05 4.15335e-05 8.43778e-05
0.024625 0.641118 0.0052985 0.0127121 0.0011587 0.170123 0.144964
0.950686 0.0481654 0.000513533 0.000538197 3.97498e-05 3.61599e-05 2.11197e-05
0.000857597 0.890797 0.106006 0.000150594 0.00048519 0.00126857 0.00043517
0.000571786 0.996773 0.000714558 0.000865777 0.000549596 0.000375075 0.000149736
1.79965e-07 0.999993 2.00508e-06 1.55242e-07 1.69859e-06 3.08072e-06 2.43216e-07
0.0829282 0.892023 0.00121357 0.0212391 0.00042055 0.00124187 0.000934071
0.327067 0.481851 0.00126723 0.18631 0.00109785 0.00108381 0.00132306
0.00147066 0.850342 0.000323286 0.135104 0.0094182 0.00255261 0.000789766
0.00135079 0.994103 0.000766384 0.00270834 0.000374226 0.000460452 0.00023658
0.00386643 0.972063 0.000128951 0.0234912 0.000174155 0.000158144 0.000118434
0.177667 0.441463 0.00951326 0.355385 0.00232791 0.00908254 0.00456216
0.0226734 0.965801 0.000251002 0.00926729 0.000132818 0.00102375 0.000850976
7.17646e-05 0.999783 4.09685e-05 3.08268e-05 3.35289e-05 2.25709e-05 1.76657e-05
0.482697 0.104024 0.0100075 0.00805715 0.000592943 0.0806582 0.313963
6.71723e-07 0.99999 4.15403e-06 2.8346e-07 1.66932e-06 2.37923e-06 5.07118e-07
0.00865175 0.979644 0.000150783 0.0106377 8.82072e-05 0.000388354 0.000439361
2.84825e-05 0.999801 4.27517e-05 1.6499e-05 9.309e-05 1.36659e-05 4.71227e-06
0.011388 0.94273 0.0416081 0.00111905 0.000694877 0.00106575 0.00139388
0.951634 0.0469292 0.000582263 0.000277766 2.89227e-05 0.000335994 0.00021205
0.826808 0.0814305 0.0274621 0.0589634 0.00173284 0.00251561 0.00108736
0.76719 0.190293 0.00459914 0.0323407 0.00132412 0.0025339 0.00171959
0.093836 0.353668 0.000590696 0.549883 0.000662432 0.000502028 0.000857796
0.0654742 0.832112 0.00152754 0.0889625 0.00171293 0.00640689 0.00380437
0.00017033 0.999366 7.13235e-05 0.000171933 8.43646e-05 7.60225e-05 5.97129e-05
3.47901e-06 0.999977 1.17995e-05 8.773e-07 4.24608e-06 1.30678e-06 9.85202e-07
0.000248475 0.999643 5.41417e-05 1.01459e-05 2.25918e-05 1.36126e-05 8.39199e-06
0.166351 0.0268943 0.165674 0.0903833 0.00446065 0.237225 0.309012
0.0798258 0.00681567 0.00074297 0.767855 0.000152187 0.00369403 0.140915
0.000558301 0.997843 0.000313 0.000667858 0.000151736 0.000245317 0.000221051
0.0109788 0.360295 0.000295761 0.627058 0.00015786 0.000393014 0.000822267
0.187675 0.000963307 0.00611031 0.00726694 0.000146325 0.103866 0.693972
0.00015739 0.9955 7.81891e-05 0.00284164 0.000174715 0.000877567 0.000370484
4.51767e-06 0.999935 4.26502e-05 1.7931e-06 7.06154e-06 6.35318e-06 2.27633e-06
0.0780568 0.89619 0.000897766 0.0230964 0.000490169 0.000603544 0.000665888
1.05787e-05 0.999978 2.87618e-06 2.34724e-06 4.46096e-06 1.00501e-06 7.74513e-07
0.148305 0.103985 0.349927 0.0552993 0.0525769 0.245805 0.0441011
0.0167579 0.767983 0.00208986 0.205515 0.00247784 0.00210065 0.00307577
0.00110296 0.992236 9.90356e-05 0.00584515 0.000265663 0.000176361 0.000275006
0.00141524 0.997227 0.000385328 0.000491692 0.000248454 0.000131092 0.000101116
0.00141103 0.993809 5.38946e-05 0.00460684 4.28461e-05 4.99119e-05 2.64526e-05
0.000378558 0.99532 0.000235199 0.00116313 0.00244874 0.000322514 0.000132323
0.00135782 0.997632 0.000292926 0.000307318 0.000244032 0.000115814 4.97684e-05
0.00225646 0.988632 0.000191375 0.00805845 0.000144781 0.000188997 0.000527689
0.193516 0.000626585 0.00873964 0.00928749 0.00010771 0.0415966 0.746126
0.00229902 0.287015 0.000114729 0.708602 0.000351467 0.000849251 0.000768911
0.000581025 0.959522 0.00150131 0.000488717 0.00181575 0.0350442 0.00104702
0.00149123 0.997835 0.000214342 0.000246451 9.5782e-05 6.98761e-05 4.72048e-05
0.01508 0.00135314 0.000158439 0.979595 0.00160654 0.00203025 0.000176752
0.000120349 0.997415 2.33305e-05 0.00234441 4.52292e-05 3.48675e-05 1.66616e-05
0.0141977 0.960216 0.000281607 0.0235195 0.000388112 0.000624669 0.000772748
0.0187939 0.922271 0.000670428 0.0555894 0.000471587 0.00118656 0.00101677
0.000146707 0.997994 0.000112174 0.0010916 0.000174846 0.000275368 0.000205512
0.492764 0.463688 0.00133123 0.0395169 0.000898609 0.00101856 0.000783256
0.0613207 0.900719 0.000164031 0.0368046 7.62309e-05 0.000266317 0.000648633
2.42295e-06 0.999988 3.06077e-06 1.0133e-06 3.87417e-06 1.23561e-06 6.53417e-07
0.120591 0.236253 0.0040988 0.596868 0.00173596 0.00885439 0.0315987
1.39992e-05 0.99982 3.44298e-05 2.73337e-05 3.85831e-05 5.30718e-05 1.27951e-05
0.0533945 0.747834 0.000670589 0.196078 0.000625803 0.000639912 0.00075688
0.674286 0.293318 0.00130836 0.0294994 0.000438825 0.000666743 0.000482737
1.8332e-05 0.999839 1.94171e-05 2.20484e-05 7.12701e-05 2.02083e-05 9.2148e-06
0.000206591 0.998988 0.000129159 0.000320413 0.000192454 0.000104899 5.81084e-05
0.0032466 0.992481 3.4304e-05 0.00379574 1.62483e-05 7.17868e-05 0.000354673
0.0673475 0.688482 0.106882 0.108729 0.00949937 0.0142512 0.00480802
0.00732281 0.93497 7.48771e-05 0.0571284 4.21636e-05 0.000109528 0.000352532
0.000253264 0.999397 2.02881e-05 0.000201249 2.86903e-05 4.11865e-05 5.81625e-05
0.793259 0.00897455 0.00360607 0.00560769 0.000223555 0.173882 0.0144468
0.00457278 0.873612 0.00179582 0.115572 0.00172386 0.00164639 0.00107701
0.000105397 0.999463 0.000115148 6.04045e-05 8.88151e-05 0.000107239 5.97654e-05
0.000178958 0.997413 0.0012815 7.89056e-05 0.000470982 0.000448728 0.000128403
1.74712e-05 0.999451 0.000257051 1.96758e-05 0.000183678 6.13444e-05 1.00002e-05
0.832642 0.115686 0.000727264 0.0436936 0.000492181 0.00499211 0.00176636
0.0193526 0.741467 0.000670483 0.236529 0.000833165 0.000553559 0.000594441
0.000300946 0.999358 8.98647e-05 7.96488e-05 1.10124e-05 4.23899e-05 0.000118379
0.988955 0.00270339 2.711e-05 0.00799088 4.62626e-06 0.000156379 0.000163119
0.0049924 0.958161 0.00656234 0.0224634 0.00510885 0.0019675 0.000744885
0.000127817 0.99879 9.64695e-05 0.000203113 0.000562488 0.000149559 7.03059e-05
0.00455247 0.992574 0.000378546 0.00173891 0.000270047 0.000318908 0.000167132
0.00031279 0.999347 4.42926e-05 0.000156186 8.75272e-05 3.20876e-05 2.04226e-05
0.0574624 0.87186 0.000476496 0.0687348 0.000378387 0.000393468 0.000694699
0.00105948 0.998223 3.01765e-05 0.000497925 2.67864e-05 0.000138518 2.39322e-05
0.0744279 0.786934 0.0017803 0.127414 0.00340776 0.00281677 0.00321942
0.679871 0.0697798 0.00563104 0.00371162 0.000574102 0.198585 0.0418467
0.00851519 0.969388 0.000585222 0.0139542 0.000647284 0.00564574 0.00126402
0.0283982 0.708779 0.00135327 0.256584 0.0011501 0.00160575 0.00212989
0.0807127 0.835961 0.0604349 0.00805806 0.00300554 0.00921442 0.00261335
0.0494074 0.559685 0.00165298 0.383252 0.0022655 0.00141692 0.00232035
0.0130353 0.981669 7.67e-05 0.00471897 3.89987e-05 0.000363211 9.79702e-05
0.067182 0.900099 0.00038229 0.0290963 0.000548226 0.00113762 0.00155489
0.114195 0.00690821 0.398965 0.0049657 0.00178629 0.175039 0.298141
0.676129 0.205617 0.00119158 0.110107 0.000581927 0.00167868 0.00469535
0.0235756 0.666505 0.00249905 0.298803 0.00369329 0.00220496 0.00271904
4.49314e-06 0.999978 4.15358e-06 1.92561e-06 5.54996e-06 3.62281e-06 1.89182e-06
0.0126551 0.923037 0.000429919 0.0623461 0.00065583 0.000496075 0.000380457
1.91299e-05 0.999748 7.14627e-05 1.33334e-05 3.58168e-05 9.15345e-05 2.03258e-05
0.699816 0.225539 0.00038437 0.0731468 0.000237034 0.000473195 0.000403627
0.0527646 0.71418 0.00376416 0.224365 0.00165035 0.00185318 0.00142316
0.00322289 0.00221253 0.000487515 0.0199099 0.966722 0.0072424 0.000202842
0.118631 0.624234 0.00201176 0.248138 0.00297849 0.00154414 0.00246241
1.29067e-05 0.99992 8.75562e-06 1.84599e-05 2.29466e-05 1.14279e-05 5.91534e-06
0.00824109 0.664602 0.000194251 0.326052 0.000408062 0.000221725 0.000280881
0.0327305 0.936133 0.00346634 0.0129061 0.00087551 0.0104515 0.00343683
0.0611603 0.910194 0.016073 0.00291364 0.00177988 0.00551521 0.00236387
0.00151719 0.65002 5.88763e-05 0.34782 0.000118884 0.000146931 0.000318391
