0.0014557 0.992114 0.000560899 0.00272338 0.000958973 0.00178264 0.000404231
0.00319143 0.994672 2.95843e-05 0.00199902 1.89354e-05 3.99637e-05 4.90115e-05
0.851495 0.0414695 0.0114169 0.00733677 0.00112741 0.0709709 0.0161834
0.000475149 0.954001 0.00235064 0.0384012 0.000716857 0.00270365 0.00135183
0.539067 0.0751041 0.0159773 0.0197784 0.00160232 0.31979 0.0286818
0.550857 0.413117 0.00133631 0.0150203 0.00120042 0.0154323 0.0030366
0.00283203 0.0077142 0.0117383 0.00111858 0.00149272 0.96778 0.007324
0.0019468 0.986638 0.000148439 0.0102846 6.86615e-05 0.000402941 0.000510463
0.00798985 0.000515305 0.00165194 0.000630463 0.000134321 0.709767 0.279311
0.0234582 0.00593855 0.85319 0.00110788 0.0320593 0.0786412 0.00560451
0.000134209 0.997991 5.70718e-06 0.00185101 6.17887e-06 3.99459e-06 7.70285e-06
0.00342754 0.994378 0.000503398 0.00081189 0.000279354 0.000326017 0.000273601
0.384246 0.141311 0.00152101 0.46575 0.00100566 0.00137565 0.00479064
0.00939235 0.0361565 0.0189699 0.0329857 0.688598 0.208358 0.00553958
0.000146107 0.999654 7.09432e-05 3.45706e-05 4.03231e-05 2.80063e-05 2.61982e-05
0.000114452 0.00282589 9.84112e-06 0.000190265 0.99672 0.000131131 7.80489e-06
0.0207671 0.917891 0.000332621 0.0604369 0.000196809 0.000157906 0.000217809
4.023e-05 0.999834 3.30416e-05 2.34578e-05 2.60762e-05 2.23137e-05 2.03539e-05
0.459996 0.00178724 0.00011281 0.527172 4.84663e-05 0.000261766 0.0106216
0.0760896 0.871875 0.000829581 0.0493631 0.000537262 0.00068685 0.000618575
3.06954e-05 0.990369 6.99408e-06 0.00953173 3.33636e-05 1.22583e-05 1.5465e-05
0.0837171 0.00100602 0.000302547 0.91255 0.000607777 0.00149232 0.000324175
0.245117 0.00898658 0.00142243 0.00838409 0.000136792 0.00444897 0.731504
0.14632 0.0454253 0.00892088 0.78631 0.00262401 0.0043912 0.00600922
0.0979763 0.889956 0.00109778 0.00368861 0.000255498 0.00138283 0.00564323
0.102087 0.0294517 0.354584 0.0127111 0.0187005 0.333587 0.148878
0.000399737 0.998848 0.000161404 0.000211363 0.000118586 0.000110004 0.000151262
0.00197233 0.993336 0.00043805 0.00301567 0.000174544 0.000736553 0.000326605
0.000220377 0.997348 8.54499e-06 0.00237451 1.87694e-05 1.49813e-05 1.48947e-05
0.00657211 0.943449 0.0434949 0.000825337 0.00226042 0.00194054 0.00145737
0.00814492 0.755521 0.077494 0.0880968 0.00554195 0.0586132 0.00658773
0.00161366 0.997152 2.67474e-05 0.0010136 6.11515e-05 0.000110614 2.24126e-05
0.314087 0.656368 0.00111938 0.0228114 0.000794779 0.00245072 0.00236854
0.00346279 0.940478 0.00214002 0.039568 0.00690074 0.00524386 0.00220702
0.0274433 0.952329 0.00148865 0.0118666 0.0046051 0.00179482 0.00047241
0.240447 0.407225 0.00992012 0.139236 0.00264973 0.034558 0.165963
0.00176651 0.98287 0.000384941 0.00144454 0.000682701 0.0122075 0.000643494
0.823987 0.0103235 0.000477551 0.16073 0.000145404 0.000457515 0.00387919
0.993205 0.00395875 0.00267874 8.90723e-05 2.61482e-05 2.1983e-05 2.02178e-05
0.0463959 0.921831 0.000256247 0.0310332 0.000129553 0.000154112 0.000200002
0.0162757 0.975444 0.00381492 0.00239085 0.000488913 0.000708334 0.000876707
0.000292158 0.999136 3.19299e-05 0.00046042 4.19052e-05 2.26605e-05 1.47978e-05
2.39527e-05 0.999909 5.19315e-06 3.64798e-05 1.71954e-05 3.68514e-06 4.1684e-06
0.0902903 0.0294995 0.0415944 0.388037 0.0152927 0.411419 0.0238675
0.0371255 0.928975 0.000423305 0.0277177 0.00309716 0.00187561 0.000785638
0.0265022 0.758316 0.00352774 0.196893 0.00488089 0.00398467 0.00589561
4.69161e-06 0.000162331 9.69777e-07 2.62238e-05 0.999746 5.90755e-05 5.01973e-07
0.000596139 0.000783448 0.000871211 0.000452278 0.000188515 0.995365 0.00174306
0.00115342 0.987458 0.000155191 0.0109166 7.47568e-05 8.58308e-05 0.000156722
3.03743e-05 0.99995 4.70202e-07 6.77402e-06 9.71063e-07 1.09752e-05 6.76015e-07
2.9534e-05 0.999897 1.46056e-05 1.6933e-05 2.14312e-05 1.06434e-05 1.0141e-05
0.896202 0.0397496 0.000657696 0.0610583 0.00042314 0.000431205 0.00147777
0.660287 0.3011 0.000639917 0.0369491 0.000480935 0.000288516 0.00025397
0.183568 0.63538 0.00176241 0.174299 0.0015461 0.00146656 0.00197754
0.00536803 0.845644 0.00026757 0.14635 0.000276795 0.000381406 0.0017126
0.000161249 0.998494 2.14533e-05 0.00125286 2.56647e-05 1.68258e-05 2.74532e-05
0.00397051 0.0254524 0.00178687 0.257974 0.657671 0.0509158 0.00222963
0.0100472 0.981153 0.000756342 0.00555498 0.00102643 0.000620648 0.000841004
0.000124711 0.999482 7.98308e-05 0.000110429 0.000105767 5.98529e-05 3.72498e-05
0.877552 0.0553674 0.000904585 0.0432107 0.00033512 0.0148286 0.00780127
0.0328044 0.960368 0.000265164 0.00565153 0.000179265 0.000435807 0.000296284
0.000913851 0.998114 4.02738e-05 0.000331892 5.95144e-05 0.000457118 8.35164e-05
0.000361054 0.997793 4.35897e-05 0.00167526 3.60125e-05 6.41342e-05 2.7189e-05
0.988973 0.0026615 0.00018597 0.00186001 2.9489e-05 0.000641126 0.00564924
0.00125252 0.998098 3.41376e-05 0.000326784 1.93702e-05 0.000202976 6.6123e-05
0.00897874 0.000381569 0.000898011 0.000161521 4.36446e-05 0.276775 0.712762
0.00391002 0.99336 0.00125561 0.000475388 0.00038571 0.000311439 0.000301606
0.00284811 0.994653 0.000726073 0.000638029 0.000351351 0.000346543 0.000436467
0.0583718 0.910361 0.000767432 0.00159227 0.000365215 0.0262687 0.00227347
0.00731015 0.0277224 0.000402184 0.0306334 0.931042 0.00271085 0.000178821
0.000128063 0.874357 1.92188e-05 0.125317 8.25489e-05 5.6344e-05 3.97471e-05
0.00767203 0.522527 7.70991e-05 0.469363 6.04255e-05 7.06342e-05 0.000230135
0.000105013 0.998532 4.57607e-05 0.000876018 2.11598e-05 0.000152782 0.000267265
0.00178376 0.996476 0.000441472 0.000505936 0.000225386 0.000224656 0.000342997
0.000623057 0.992838 0.000249657 0.00168402 0.000257213 0.00391352 0.000434906
0.0222444 0.018809 0.00263237 0.00880338 0.000581555 0.256095 0.690834
0.00392621 0.64268 0.00413175 0.00325193 0.00406706 0.335607 0.00633592
0.0288915 0.0238266 0.000180839 0.936081 0.00847006 0.00187253 0.000677027
2.75401e-05 0.998774 3.01118e-06 0.00118237 5.65797e-06 3.86781e-06 3.54391e-06
0.000120498 0.999533 9.40149e-05 4.06981e-05 0.000146691 3.73888e-05 2.77922e-05
1.57494e-05 0.999921 7.41456e-06 2.67964e-05 2.11702e-05 4.77937e-06 2.99662e-06
0.00768868 0.145321 0.0139879 0.00683687 0.0227178 0.793287 0.0101608
0.0758671 0.615943 0.293887 0.00141154 0.0046986 0.00342725 0.004765
0.00225329 0.948589 0.000153557 0.0482736 0.000247227 0.000159411 0.000324369
6.99769e-05 0.999836 2.26095e-05 1.80924e-05 3.55075e-05 8.94439e-06 8.91949e-06
0.824082 0.0959107 0.00447496 0.0091194 0.000563069 0.00283305 0.0630171
0.409688 0.0257308 0.011563 0.0343161 0.00243621 0.398225 0.118041
0.00196892 0.997532 2.53393e-05 0.000134759 2.39289e-05 0.000273024 4.17528e-05
0.633109 0.0128778 0.00236502 0.00348123 0.000387194 0.241087 0.106692
0.000119987 0.998857 0.000278513 0.00013985 0.000311009 0.000226898 6.65007e-05
0.00010482 0.999083 4.74364e-05 0.00043681 0.000210793 6.89619e-05 4.86502e-05
0.728532 0.00966936 0.000941269 0.00255406 0.000242573 0.0605141 0.197547
0.144197 0.850738 0.000949021 0.00278737 0.000543383 0.000473449 0.0003123
0.000244766 0.988758 3.34136e-05 0.0105281 0.000372936 4.37316e-05 1.95117e-05
0.000206298 0.000141679 0.000203664 7.10812e-05 2.98518e-05 0.998887 0.000460028
0.00113202 0.998172 0.000114821 0.000362317 8.25751e-05 7.89669e-05 5.75809e-05
0.740197 0.0130695 0.00141967 0.180407 0.00136043 0.0420071 0.0215383
0.259775 0.169839 9.89e-05 0.567916 0.00011823 0.0001617 0.00209087
0.00026896 0.99903 1.39681e-05 8.01706e-05 1.0867e-05 0.000538897 5.71911e-05
0.0601473 0.0042515 0.00152014 0.924911 0.000873483 0.00329712 0.00499966
1.87543e-05 0.00207037 3.02297e-06 6.30536e-05 0.997792 5.11524e-05 2.17521e-06
0.140534 0.189692 0.00330973 0.00189168 0.00201994 0.647131 0.0154221
0.000551727 0.997594 1.48742e-05 0.000128671 2.93142e-05 0.00159539 8.62641e-05
0.00363973 0.983066 0.00183859 0.00225688 0.000680293 0.00757833 0.000939798
0.000153959 0.999155 7.29067e-05 0.000249895 0.000245597 7.50039e-05 4.72655e-05
0.970345 0.0127129 0.000142781 0.0116798 7.19367e-05 0.00107587 0.0039715
0.0270212 0.165033 0.000847802 0.00394415 0.000428389 0.797758 0.00496773
3.48003e-05 0.999123 1.47272e-05 0.000729686 4.45913e-05 2.25143e-05 3.09918e-05
0.113843 0.561846 0.0125007 0.158054 0.00569037 0.133937 0.0141294
4.31306e-05 0.99987 2.93669e-05 9.6746e-06 1.77037e-05 1.48244e-05 1.55232e-05
2.71337e-05 0.999569 1.52627e-05 0.000308539 7.67776e-06 5.85356e-05 1.34292e-05
4.07345e-05 0.999834 2.9324e-05 2.87015e-05 3.50367e-05 1.49447e-05 1.70388e-05
0.00089372 0.999024 2.22155e-06 7.42477e-05 1.20291e-06 3.19973e-06 1.24083e-06
0.00143703 0.997125 0.00045126 0.000336563 0.000215966 0.000186511 0.000248075
2.73224e-05 0.999812 1.18939e-05 0.000114301 1.66503e-05 9.97635e-06 7.62078e-06
0.00678908 0.991709 0.000187154 0.000877739 0.000171596 0.000114352 0.000151533
0.555773 0.0165584 0.00139919 0.0132504 0.00036746 0.020088 0.392564
0.00508572 0.99341 0.000709547 0.000199292 0.000242485 0.000177551 0.000175912
0.0239031 0.0576417 0.017693 0.67612 0.0107442 0.196369 0.0175283
0.104724 0.770717 0.00484908 0.016632 0.00325408 0.0945176 0.00530619
0.00132542 0.997366 0.000254994 0.000311784 0.000222633 0.000317402 0.000202127
0.0116715 0.955429 0.000361237 0.0290734 0.000560952 0.0019251 0.000978896
0.0433993 0.216105 0.00307021 0.0643382 0.659646 0.0101105 0.00333087
4.41577e-05 0.999748 2.54749e-05 9.42092e-05 4.13906e-05 2.10117e-05 2.60228e-05
0.000220346 0.925546 0.000156811 0.0714596 0.000202934 0.00112809 0.00128652
0.00445126 0.830768 0.000214573 0.160048 0.00025476 0.000632392 0.00363067
3.96934e-05 0.999659 3.63562e-05 0.000145088 4.49654e-05 5.21268e-05 2.26949e-05
0.00379315 0.990588 7.17729e-05 0.00519839 8.19358e-05 8.95663e-05 0.000176818
0.0073299 0.989786 0.000269206 0.00211586 0.000142466 0.000237152 0.000119566
0.000866504 0.997197 0.000274129 0.000745917 0.00040711 0.000309535 0.000199552
0.000918733 0.998653 3.95421e-05 7.4741e-05 2.07093e-05 0.000118673 0.000174641
0.000271305 0.999527 5.43336e-05 3.12335e-05 7.31573e-05 2.30258e-05 2.03845e-05
0.000753941 0.000239114 1.15243e-05 0.998693 3.64055e-05 7.98361e-05 0.00018573
0.0270172 0.921014 0.000748828 0.048581 0.00107952 0.000698552 0.000861316
0.95814 0.0164637 0.000815545 0.0177431 0.000207043 0.00274998 0.00388103
0.258189 0.193073 0.00140603 0.538005 0.00132148 0.00188799 0.0061166
0.00026755 0.998911 0.0003112 8.64205e-05 0.000182175 0.000132942 0.00010915
0.00240845 0.983803 0.00974991 0.000329029 0.0014638 0.00159293 0.000653262
3.49993e-05 0.999838 2.42593e-05 1.6182e-05 6.5365e-05 1.20793e-05 9.48327e-06
0.000326955 0.999186 9.81456e-05 0.000176802 8.85224e-05 6.06973e-05 6.25168e-05
0.0194891 0.00888043 0.000952111 0.0015141 0.000111293 0.005425 0.963628
0.00110124 0.998571 6.60496e-06 5.99217e-05 4.61068e-06 0.000226193 3.02882e-05
7.60073e-05 0.999689 4.38572e-05 3.24889e-05 0.00012006 2.30932e-05 1.49571e-05
0.000207007 0.998908 0.000226598 0.000153576 0.000143781 0.000204307 0.000156852
0.00224695 0.991695 0.000154256 0.0055875 9.90217e-05 0.00011586 0.000101119
0.0117802 0.192725 0.00875892 0.0927432 0.00194387 0.552911 0.139137
3.57708e-05 0.998895 2.84581e-05 0.00087199 8.55895e-05 5.13148e-05 3.21177e-05
0.894813 0.0648862 0.00103349 0.0316442 0.000292629 0.00168907 0.00564145
0.00896781 0.170506 0.813918 0.000383184 0.00174606 0.00203325 0.002446
0.705708 0.283055 0.000213792 0.0103282 8.31169e-05 0.000221311 0.000390544
0.000328087 0.995198 0.000107615 0.00395258 0.000128404 9.53552e-05 0.000190128
0.11239 0.865114 0.00108083 0.00747304 0.000739617 0.00944055 0.00376125
0.063751 0.925936 0.00675479 0.00077181 0.000906843 0.00116855 0.000710483
0.862828 0.131127 0.000689256 0.000989536 0.000165119 0.00292403 0.00127766
0.0175778 0.981373 0.000239036 0.000420153 9.27709e-05 0.000202142 9.54351e-05
0.0075256 0.982967 0.000369144 0.00102279 0.000412244 0.00673328 0.000969763
0.982615 0.00489021 0.000105301 0.00396009 2.65321e-05 0.000899202 0.00750365
0.0109271 0.973288 0.000589401 0.00670158 0.004049 0.00296416 0.00148093
3.03182e-05 0.000531481 2.15364e-06 9.64524e-05 0.999273 6.49182e-05 1.7966e-06
0.0281785 0.238575 0.0294252 0.0102815 0.45992 0.226382 0.00723713
0.0266667 0.916796 0.00348149 0.0216813 0.025577 0.00455489 0.00124285
0.00585116 0.97285 0.000310247 0.00676475 0.000134578 0.00123971 0.0128495
9.33196e-05 7.45346e-05 5.82771e-05 6.19058e-06 5.57517e-06 0.999243 0.000519545
9.48084e-05 0.999489 0.000114768 6.83839e-05 8.28184e-05 9.07882e-05 5.90763e-05
0.000373613 0.997483 0.000278187 0.000659115 0.000734747 0.000317764 0.000153332
0.289847 0.662475 0.00503578 0.00458398 0.00115359 0.0269766 0.00992769
0.000508364 0.999102 0.000194691 2.31192e-05 0.000112069 3.29457e-05 2.71072e-05
0.000316136 0.000640285 0.998807 4.05818e-06 5.94887e-05 0.000121781 5.14781e-05
0.00123591 0.990445 0.000404009 0.00510512 0.000297076 0.000546597 0.00196664
0.00266264 0.427899 0.00136203 0.00180721 0.000543196 0.341364 0.224362
0.00688514 0.986272 0.000388284 0.0052456 0.00017798 0.000328459 0.000702532
0.000562317 0.995792 3.37843e-05 0.0033515 9.56261e-06 6.49375e-05 0.000185376
8.27907e-05 0.999397 0.000249915 4.70669e-05 0.000108738 7.48217e-05 3.98529e-05
0.00980624 0.903813 0.000782728 0.0833933 0.000557774 0.000685586 0.000961777
0.24007 0.676976 0.00240959 0.0764766 0.000916764 0.00176242 0.00138857
0.0101255 0.983505 0.000512948 0.00448906 0.000312243 0.000451783 0.000603245
0.00100559 0.000640131 0.000307053 0.986871 0.0033516 0.00733869 0.000486323
0.975122 0.00703675 0.000224903 0.00509142 9.59273e-05 0.00901528 0.00341387
3.30899e-05 0.999721 3.16908e-06 0.000230143 7.38447e-06 3.72781e-06 1.9151e-06
5.83038e-05 0.999883 1.95612e-06 5.08624e-05 1.49169e-06 2.60443e-06 1.31925e-06
6.13729e-05 0.999572 5.48781e-05 6.74905e-05 0.000146768 7.16942e-05 2.56806e-05
0.979554 0.00196348 0.000212038 0.00169323 3.15426e-05 0.00635348 0.010192
0.125604 0.264325 0.00149847 0.600467 0.00328686 0.00340494 0.00141356
0.00179543 0.997692 0.000212336 7.43779e-05 8.93011e-05 6.75706e-05 6.88869e-05
0.350947 0.583276 0.00976191 0.0117237 0.00194429 0.0138302 0.0285161
0.00020719 0.999535 5.39274e-05 4.31046e-05 0.000106528 2.8695e-05 2.57007e-05
0.0218871 0.761626 0.000916458 0.198823 0.0134814 0.0019979 0.00126827
0.000169746 0.998474 9.12662e-05 0.00043046 0.000591435 0.000143956 9.90316e-05
0.000539812 0.978711 5.08954e-05 0.0205311 9.49755e-05 3.63424e-05 3.64182e-05
0.0959039 0.893609 0.00243159 0.00379711 0.00038997 0.00250633 0.00136228
0.000700989 0.997025 0.000406656 0.000581945 0.000741374 0.000368022 0.000175911
0.0678518 0.189199 0.00478806 0.23324 0.00554365 0.410385 0.0889923
0.0104744 0.106923 0.0023057 0.00202206 0.00246919 0.863276 0.0125299
0.162507 0.823591 0.00232363 0.00302777 0.00082875 0.00529684 0.00242443
0.0224553 0.975032 6.17842e-05 0.00234666 2.34771e-05 4.20708e-05 3.91503e-05
0.00192291 0.997514 3.98865e-05 0.000451923 2.43104e-05 3.14945e-05 1.5616e-05
0.000142301 0.999661 6.13679e-05 3.27714e-05 6.18781e-05 2.2741e-05 1.817e-05
0.0245657 0.975144 2.29825e-05 0.000217569 3.27762e-05 1.23674e-05 4.68355e-06
0.000140245 0.999676 5.81605e-05 3.57522e-05 4.23248e-05 2.40091e-05 2.39236e-05
0.0400063 0.523256 0.00144007 0.430301 0.0015209 0.0012239 0.00225167
0.062046 0.101667 0.00538704 0.00646299 0.00160387 0.104937 0.717896
0.0511981 0.772899 0.00467306 0.0219002 0.00228612 0.0833833 0.0636602
9.58286e-05 0.99951 0.000102784 9.57193e-05 0.000104387 5.18235e-05 3.90976e-05
0.0378571 0.956381 0.00028474 0.00444888 0.000821126 0.000145991 6.06487e-05
0.00391345 0.983797 0.000798022 0.00829625 0.000232868 0.00158001 0.00138224
0.0217531 0.970595 9.93546e-05 0.0071486 6.23224e-05 0.000155604 0.000185762
0.00377664 0.98952 0.00492839 0.000214503 0.000791125 0.000337482 0.000431616
0.0130429 0.00242024 0.00719527 0.292501 0.0140172 0.636472 0.0343519
0.00469869 0.179328 0.807978 0.000439062 0.00263885 0.00342156 0.00149562
5.07806e-05 0.99971 1.35924e-05 0.00017673 8.2944e-06 1.2454e-05 2.75938e-05
0.810929 0.16438 0.00114607 0.020863 0.000533021 0.00125354 0.000895002
9.25547e-05 0.999345 5.54048e-05 0.000211657 0.000102898 0.000152974 3.92586e-05
0.000417233 0.998957 0.000174145 0.000146241 0.000130278 8.43819e-05 9.10175e-05
0.00129154 0.51183 0.0237675 0.0142796 0.0102569 0.43484 0.00373448
0.00535126 0.986739 0.00033105 0.00116864 0.00238099 0.00331636 0.000712818
0.000542091 0.459395 0.000150058 0.538634 0.00090995 0.000195304 0.000173794
0.00615656 0.93439 0.00102497 0.0533208 0.0022634 0.00152314 0.00132096
1.20374e-05 0.999856 9.12145e-06 7.55347e-05 3.33511e-05 7.9627e-06 5.72369e-06
0.650484 0.33267 0.000374514 0.0110228 0.00093665 0.00297484 0.00153636
0.000209117 0.999099 0.000221078 0.00010234 0.000167922 0.000111539 8.9498e-05
0.137197 0.789549 0.0204865 0.0367037 0.00236752 0.00531216 0.00838422
0.145008 0.591368 0.00347731 0.247889 0.00513838 0.00311329 0.00400708
0.994835 0.00449173 2.95731e-05 0.000179247 3.99712e-06 0.000113102 0.000347284
0.000548569 0.997685 0.000390046 0.000447871 0.00039195 0.000334371 0.000202141
0.000126409 0.999565 7.63836e-05 6.6699e-05 5.01786e-05 5.07455e-05 6.47142e-05
0.00413992 0.992951 0.00126005 0.000509452 0.000360149 0.000360145 0.000419306
0.0433445 0.0562696 0.000598521 0.874704 0.000341731 0.00104242 0.0236996
0.000732327 0.772499 0.000457803 0.224618 0.000940485 0.000366908 0.000385955
0.0298714 0.957128 0.000195439 0.0119922 0.000341026 0.000224649 0.000247062
0.000438871 0.999192 3.24267e-06 2.05098e-05 2.16879e-06 0.000330985 1.22882e-05
0.000153158 0.99292 0.000347819 0.00115554 0.00221816 0.00302129 0.000184141
0.00347328 0.99512 2.1691e-05 0.00130136 2.50186e-05 3.30017e-05 2.57041e-05
0.00256896 0.000249744 0.000867803 0.000168089 5.70615e-05 0.977345 0.0187437
5.61567e-05 0.999687 7.8253e-05 5.06313e-05 5.83737e-05 4.07974e-05 2.85273e-05
0.000128204 0.99939 3.08428e-05 0.000294642 4.77374e-05 9.18773e-05 1.63685e-05
0.670335 0.317554 0.000312763 0.00656033 0.000141513 0.00147435 0.00362262
0.453342 0.195349 0.0103128 0.291114 0.0218711 0.0214517 0.00655883
0.000139076 0.99729 4.82387e-05 0.00147266 0.000973437 5.56296e-05 2.06503e-05
0.000415275 0.998598 0.000109297 0.000409454 0.000120801 0.000184564 0.000162561
0.00188916 0.932953 0.000178727 0.0643662 0.000192221 0.000123594 0.000296921
0.00487634 0.00129222 0.000374623 0.00515279 2.88728e-05 0.00178687 0.986488
0.0666717 0.600457 9.68042e-05 0.33223 8.84978e-05 8.96909e-05 0.000365973
0.326788 0.427354 0.000534509 0.242315 0.00033608 0.000692684 0.0019799
0.0012297 0.996975 0.000294696 0.000654605 4.13818e-05 0.000450486 0.000354039
6.16993e-05 0.999697 2.9823e-05 0.000126207 4.64917e-05 2.16042e-05 1.69269e-05
0.0636615 0.857016 0.000778917 0.0753309 0.00212851 0.000548506 0.000535855
0.00361959 0.994479 0.00112744 0.00020937 0.00025827 0.000134751 0.000171148
0.00077354 0.00476994 0.00264544 0.000637418 0.00981616 0.978507 0.00285088
4.88875e-05 0.999796 5.61957e-05 1.40832e-05 4.22041e-05 2.36178e-05 1.92e-05
0.0697063 0.706705 0.00373274 0.206864 0.00616978 0.0035986 0.0032234
0.0102978 0.00216056 0.0036284 0.0109598 0.00235426 0.960472 0.0101271
0.00101112 0.000235413 0.000247063 0.00239403 8.07953e-05 0.995628 0.000403271
0.00117538 0.984007 7.84498e-05 0.0145309 8.67337e-05 5.75195e-05 6.37475e-05
0.00391998 0.898612 0.000258428 0.0949428 0.00162747 0.000382796 0.000257101
0.00345238 0.996184 2.21312e-05 0.000299548 1.7421e-05 1.53157e-05 9.28292e-06
0.00026088 0.99913 1.59078e-05 0.000539564 1.31422e-05 1.26661e-05 2.78005e-05
0.00228318 0.000185781 0.000545599 0.00105454 2.08173e-05 0.0164922 0.979418
0.00700646 0.000699986 0.000242003 0.989669 0.000379254 0.00163599 0.000367544
0.000107261 0.926345 2.121e-05 0.0732534 4.59147e-05 6.08718e-05 0.00016609
0.000284279 0.980405 2.11793e-05 0.0190265 0.00016064 3.77421e-05 6.47225e-05
0.00119163 0.993137 3.11579e-05 0.00553448 5.26114e-05 2.46894e-05 2.82577e-05
0.000544224 0.991642 6.28835e-05 0.00751962 8.32543e-05 6.3134e-05 8.54017e-05
0.00765846 0.990939 0.000291149 0.00063299 0.000200695 0.000133195 0.000144034
0.000117564 0.999796 3.12838e-05 1.14117e-05 2.1994e-05 1.1209e-05 1.08058e-05
0.0012592 0.832322 6.75612e-05 0.166135 9.65239e-05 5.05731e-05 6.90129e-05
2.92028e-05 0.999868 2.80704e-05 1.27231e-05 2.79797e-05 1.51318e-05 1.85987e-05
0.000285584 0.996828 4.16136e-05 0.00271468 1.3249e-05 4.98164e-05 6.66122e-05
0.0065787 0.98684 0.00318651 0.000770499 0.00116566 0.000749816 0.00070913
0.0229745 0.897536 0.002074 0.0723856 0.00122539 0.00206908 0.00173586
0.00190464 0.993673 6.58794e-05 0.0041471 4.97673e-05 7.05808e-05 8.85651e-05
0.0060491 0.922232 0.000555076 0.00215216 0.056863 0.0108564 0.00129192
0.000892788 0.995769 0.00174852 0.000420199 0.000446081 0.000475743 0.00024763
0.00765528 0.979205 0.00577383 0.00228174 0.00121632 0.00179198 0.00207579
0.111008 0.725991 0.000595287 0.15994 0.00110691 0.000510416 0.000848626
0.000224861 0.998092 0.000317912 0.000216365 0.000208723 0.000639573 0.000300244
0.0075154 0.883687 0.000870976 0.104815 0.0011876 0.000856765 0.00106759
0.0258454 0.864919 0.00402122 0.077861 0.00801774 0.0126445 0.00669099
0.00510288 0.989641 0.00138823 0.00198251 0.000604317 0.000583053 0.000698301
6.66467e-05 0.999784 5.59377e-05 1.47133e-05 3.84439e-05 2.04929e-05 2.01789e-05
0.000163759 0.999167 0.000103978 0.000255832 0.000144174 9.20247e-05 7.35131e-05
9.02719e-05 0.999411 6.76086e-05 0.000156158 0.000101631 0.000112624 6.07849e-05
0.000249024 0.999316 1.90804e-05 0.000131844 1.02027e-05 0.000218298 5.53667e-05
0.0781602 0.110824 0.020456 0.0100761 0.00650958 0.618013 0.155962
0.252965 0.742794 0.000204458 0.00321001 0.000136937 0.000421406 0.000267727
0.000321725 0.977635 0.000213254 0.0160291 0.00519392 0.000348501 0.000258486
0.000158602 0.999597 3.06606e-05 0.000104611 6.54378e-05 2.37598e-05 2.0325e-05
0.000859522 0.997441 1.04477e-05 0.00159271 2.43499e-05 4.66655e-05 2.55667e-05
3.70725e-05 0.984828 1.54324e-05 0.0150481 1.45484e-05 2.26904e-05 3.44794e-05
7.55245e-06 0.999968 3.62268e-06 8.77603e-06 7.38583e-06 2.67038e-06 2.36818e-06
0.00333433 0.995773 3.26283e-05 0.000728791 4.42253e-05 3.81402e-05 4.84608e-05
0.00607425 0.801295 0.000805088 0.187225 0.00196343 0.000908925 0.00172844
4.04108e-05 0.999727 5.73044e-05 4.02859e-05 5.67253e-05 5.09301e-05 2.69158e-05
0.0298632 0.0513211 0.0224212 0.00446142 0.00623784 0.86193 0.0237648
0.00017658 0.000666548 0.000293319 0.000248759 6.50648e-05 0.998133 0.000416572
0.000356378 0.998462 1.50465e-05 0.00109075 1.04093e-05 4.26311e-05 2.28088e-05
0.000254978 0.999092 0.000127203 0.000199672 0.000121385 0.000104696 0.000100495
5.26031e-05 0.999868 2.70643e-05 1.17121e-05 2.07627e-05 1.04698e-05 9.46695e-06
0.00119604 0.989778 2.57093e-05 0.00892576 2.93568e-05 2.0984e-05 2.39258e-05
0.000498687 0.997702 0.000585562 0.000636709 0.000236514 0.000242365 9.83785e-05
0.00461243 0.102869 0.00617293 0.508081 0.0470638 0.305501 0.0257002
0.0578721 0.869409 0.00118286 0.0674315 0.000372333 0.000625084 0.00310701
0.000433806 0.996778 4.51315e-05 0.00233294 0.00012149 0.000204164 8.44619e-05
0.519379 0.248898 0.0180088 0.0564917 0.0145102 0.11941 0.0233025
0.975871 0.0101306 0.000199251 0.008485 7.17804e-05 0.00346177 0.0017804
0.14461 0.810807 0.000321937 0.043446 0.000214361 0.000280628 0.000319585
0.00568058 0.976352 0.000926479 0.0118294 0.000882374 0.00297844 0.00135051
0.0010445 0.996566 0.000165147 0.00138538 0.000159439 0.000240931 0.000438645
0.000996553 0.990141 0.00666058 0.000391877 0.000668173 0.000557259 0.000584298
0.00042154 0.99747 0.000474415 0.000490967 0.000528908 0.00035937 0.000255194
0.00105915 0.98818 7.18747e-05 0.0104256 0.000136542 6.63327e-05 6.10722e-05
0.98611 0.000754505 0.000189889 0.0113574 4.2066e-05 0.000160934 0.00138568
0.0561736 0.0192608 0.00119863 0.80722 0.000757373 0.00999373 0.105396
0.00011162 0.99967 6.73837e-05 3.02055e-05 6.38993e-05 2.85271e-05 2.88536e-05
0.00968439 0.988447 5.66468e-05 0.00137536 6.21323e-05 0.000253573 0.000120705
1.31421e-05 0.999826 1.91408e-05 1.8015e-05 0.000102481 1.41323e-05 7.18375e-06
0.0374414 0.0786935 0.0582086 0.170917 0.127761 0.496663 0.0303157
0.00452239 0.948414 0.000240911 0.0452354 0.000508231 0.000352185 0.000727349
0.0337066 0.602813 0.253206 0.0276335 0.0124078 0.0562176 0.0140164
0.000609888 0.992493 8.00954e-05 0.00657386 6.83632e-05 8.93258e-05 8.53377e-05
0.0355359 0.96262 0.000326884 0.000396315 0.000125669 0.000414912 0.000580206
0.0052982 0.290417 0.00617746 0.0144255 0.00149858 0.22153 0.460654
0.983653 0.00593607 0.000119359 0.00940766 5.18105e-05 0.000459337 0.000372258
0.000187034 0.999062 4.07793e-05 0.000600294 5.58019e-05 2.95491e-05 2.46601e-05
0.00155056 0.935985 3.81831e-05 0.0621571 0.000100905 6.45646e-05 0.000103757
0.00051075 0.998462 4.20098e-05 0.000806412 7.68829e-05 7.57098e-05 2.59963e-05
0.000380458 0.998751 2.50155e-05 0.00065404 3.09521e-05 0.000117972 4.03249e-05
0.0106776 0.0204638 0.00112975 0.0134448 0.000249314 0.0118322 0.942203
0.00928587 0.925373 0.0623812 0.000266244 0.00111833 0.000526843 0.00104872
0.000155015 0.000635818 0.000619486 0.000206648 0.00279142 0.994859 0.000732922
0.901251 0.0704402 0.00701235 0.00452071 0.000628473 0.00760749 0.00853967
0.000114539 0.999639 7.31029e-05 5.76414e-05 5.07391e-05 3.5123e-05 2.97642e-05
0.00100247 0.95666 0.0011286 0.035202 0.00177596 0.00335803 0.000873461
6.94841e-05 0.999716 3.42921e-05 7.87475e-05 5.19669e-05 2.45215e-05 2.49599e-05
8.7176e-05 0.999636 1.07801e-05 0.000164866 1.20109e-05 7.78741e-05 1.15376e-05
0.00122396 0.997732 4.84211e-05 0.000874216 4.52319e-05 4.9649e-05 2.70418e-05
0.000495111 0.998655 0.000239178 0.000223876 0.000108726 0.000185574 9.20137e-05
0.000747785 0.731547 0.000565797 0.265226 0.000946678 0.000614777 0.000352129
0.0271278 0.877497 0.00209378 0.083845 0.00104498 0.00364984 0.00474143
0.00163855 0.992001 0.0038292 0.000318538 0.000797122 0.000823138 0.000592314
0.0341636 0.192429 0.0155702 0.0806272 0.00533284 0.482249 0.189628
0.000184769 0.999342 0.00018341 5.72932e-05 0.000108196 6.68145e-05 5.77156e-05
0.00118693 0.998196 0.000158073 0.000140305 0.000191731 6.73676e-05 5.96347e-05
0.0149315 0.980614 2.66599e-05 0.00435099 3.82241e-05 2.11452e-05 1.77632e-05
0.000788562 0.996572 1.09024e-05 0.00257183 1.46729e-05 1.02123e-05 3.14223e-05
0.000925078 0.921061 0.00098421 0.0409291 0.0328473 0.00249408 0.00075948
0.941693 0.0374628 0.000245755 0.00460024 7.65478e-05 0.0132363 0.00268529
0.0002784 0.998719 2.60049e-05 0.000809698 2.89855e-05 0.000113811 2.45725e-05
0.971839 0.0274613 0.000154979 0.000451063 5.09704e-05 2.38046e-05 1.86509e-05
0.0118635 0.984897 0.000255831 0.00231019 0.000229844 0.000231987 0.000211287
0.226182 0.769033 0.00028082 0.00350301 6.75179e-05 0.000461104 0.000472795
0.00184984 0.006245 0.00056814 0.000101217 0.000161931 0.978463 0.0126109
0.139341 0.141435 0.00175233 0.000501769 0.00023443 0.708092 0.00864295
0.0342393 0.950968 0.000659714 0.0115817 0.00116623 0.000623605 0.000761942
0.000340191 0.999336 7.74981e-05 0.000108918 5.80636e-05 3.96928e-05 3.95047e-05
0.0357184 0.956712 0.00103126 0.00102304 0.000201195 0.00451406 0.000799691
0.0235964 0.137856 0.0303695 0.0622506 0.0243183 0.677643 0.0439669
0.00123887 0.997198 0.000765908 0.000234754 0.000250602 0.00015296 0.000158694
0.990465 0.00931691 2.00699e-05 0.000163046 3.06433e-06 2.08914e-05 1.11832e-05
0.39065 0.363081 0.00412731 0.137778 0.00188867 0.0326276 0.0698472
0.00272787 0.99131 3.55929e-05 0.00584322 2.58755e-05 3.13028e-05 2.66098e-05
0.00929524 0.274468 0.000270103 0.713582 0.00065136 0.000653349 0.00107991
0.012803 0.942908 0.00213648 0.00955533 0.000402368 0.00681686 0.0253779
0.000209765 0.999061 1.84598e-06 0.000707982 1.50709e-06 6.66523e-06 1.08319e-05
0.217197 0.00578905 0.000269314 0.769985 0.000112717 0.000539462 0.00610797
5.95295e-05 0.999527 1.097e-05 9.28196e-05 2.44241e-05 0.00019199 9.32545e-05
8.51438e-05 0.99978 2.53065e-05 5.65e-05 2.87833e-05 1.38922e-05 9.90109e-06
0.904537 0.00536496 0.000252646 0.00568795 6.82696e-05 0.00908541 0.0750038
8.57545e-05 0.999814 3.08247e-05 1.11677e-05 3.29307e-05 1.33725e-05 1.17408e-05
0.00232706 0.573865 3.0892e-05 0.423581 5.69655e-05 4.55387e-05 9.32715e-05
0.00220173 0.935838 0.000284387 0.0607207 0.000524162 0.000223874 0.000206924
1.33799e-05 0.999899 5.51306e-06 7.02445e-05 3.27266e-06 5.08093e-06 3.81357e-06
0.140193 0.00601981 0.000135099 0.852095 0.000119155 0.000333121 0.00110465
3.16959e-05 0.999934 9.50457e-06 3.64875e-06 1.43444e-05 3.64563e-06 3.20344e-06
0.173661 0.593824 0.00251888 0.0945255 0.000618403 0.00256146 0.132291
0.00505231 0.991168 0.00238138 0.000226431 7.68207e-05 0.000760794 0.000333961
0.000167974 0.998795 9.77738e-06 0.00100578 8.02072e-06 6.95463e-06 6.94715e-06
0.464875 0.0644032 0.0357142 0.0998669 0.273079 0.0496111 0.0124508
0.000776512 0.974823 9.66241e-05 0.00688503 4.58379e-05 0.000333396 0.0170402
0.0702014 0.916499 0.000374543 0.0124126 0.000194772 0.00017533 0.00014197
0.0247874 0.966477 0.000438867 0.00553079 0.000352695 0.00161572 0.000797818
0.000314182 0.999132 0.000179324 8.28987e-05 0.000161068 7.41048e-05 5.68764e-05
2.65439e-06 0.999926 2.04386e-06 5.88107e-05 7.2205e-06 1.69896e-06 1.47231e-06
0.0684796 0.0477895 0.00476686 0.008741 0.00132539 0.684636 0.184262
3.98076e-05 0.999835 1.97053e-05 5.43009e-05 2.53188e-05 1.29353e-05 1.33926e-05
0.00119925 0.997098 0.000662078 0.000289297 0.000368107 0.00020678 0.000176887
0.00121517 0.980174 6.62247e-05 0.0182783 4.89026e-05 5.97995e-05 0.00015754
0.013241 0.188394 0.000393353 0.796289 0.000381489 0.00041669 0.000884477
0.00126053 0.996321 0.000244545 0.00172318 0.000167652 0.000149433 0.000133919
0.000926151 0.998531 0.000123343 0.000246557 7.83103e-05 4.62163e-05 4.87268e-05
0.000418952 0.748124 6.97005e-05 0.250542 0.000330408 0.000218472 0.000296509
0.00201549 0.995698 7.03854e-05 0.00194177 7.0008e-05 8.86789e-05 0.000115986
0.000131663 0.999197 4.65473e-05 0.000333315 0.000204482 5.18385e-05 3.50485e-05
0.00234953 0.992377 8.49984e-05 0.00494957 8.66336e-05 9.65638e-05 5.60182e-05
0.000114483 0.999751 3.55609e-05 2.32295e-05 4.43281e-05 1.79178e-05 1.33215e-05
0.000384914 0.998006 0.000230209 0.000634945 0.000250548 0.000335331 0.000158162
0.0104127 0.987717 0.00062095 0.000456795 0.000258135 0.000245063 0.000289345
0.086004 0.771476 0.001029 0.13736 0.000807847 0.00146879 0.00185428
0.000719629 0.99584 0.000741102 0.000954327 0.000894433 0.000543826 0.000306227
5.29879e-05 0.999326 1.59627e-05 0.00056381 1.84167e-05 1.08192e-05 1.20434e-05
0.000864163 0.997543 3.68092e-05 0.000301312 0.000109147 0.000961189 0.000183858
0.022111 0.97382 6.01369e-05 0.00375601 3.23205e-05 0.00013069 8.97515e-05
0.000120201 0.999395 6.25758e-05 0.000198 8.20049e-05 9.12795e-05 5.12118e-05
0.0533578 0.944341 0.00167161 0.000184557 0.000102535 0.000162815 0.000179355
0.000258388 0.997692 0.000172591 0.000771659 0.000147302 0.000424562 0.000533053
0.0196021 0.966777 0.000228796 0.0127441 0.000172326 0.000259707 0.00021634
3.58621e-05 0.999851 2.60308e-05 2.74998e-05 3.75404e-05 1.30812e-05 9.36446e-06
0.322483 0.650771 0.0104484 0.00993518 0.00273559 0.00177545 0.00185187
1.65993e-05 0.999865 1.06927e-05 6.20853e-05 2.14356e-05 1.27311e-05 1.12324e-05
0.0232552 0.361467 0.00460396 0.575774 0.0162939 0.0113578 0.00724802
0.029902 0.0160691 0.00407242 0.00288174 0.00128902 0.804488 0.141298
0.000232092 0.99846 0.000119447 0.000646389 0.000286368 0.000175096 8.05707e-05
8.63275e-05 0.999175 0.000513735 2.14527e-05 9.89192e-05 6.73593e-05 3.702e-05
0.00269996 0.90622 0.00129075 0.0862513 0.000575238 0.00120638 0.00175681
0.199502 0.619374 0.00224758 0.172166 0.00203936 0.00254658 0.00212485
2.65075e-05 0.999062 0.00014624 4.01259e-05 0.000226751 0.000448217 5.0428e-05
0.000322613 0.99942 3.96296e-05 0.000105565 4.93951e-05 2.65646e-05 3.63648e-05
0.0412361 0.860681 0.000505257 0.0960501 0.000393773 0.000479216 0.000655137
0.0294536 0.954951 0.000143764 0.0150868 0.000171215 0.00010031 9.36965e-05
1.23092e-05 0.999941 9.95728e-06 8.13816e-06 1.79721e-05 5.4541e-06 4.6336e-06
4.90677e-06 0.999684 2.56982e-06 0.000280369 2.14899e-05 3.9086e-06 2.69686e-06
0.000438381 0.990958 3.39629e-05 0.00844443 6.83118e-05 2.63721e-05 3.07832e-05
0.9859 0.00813601 0.000412555 0.0015523 4.54662e-05 0.00107916 0.00287477
0.000127376 0.999532 6.0547e-05 0.000123592 6.58883e-05 5.29323e-05 3.80096e-05
0.69249 0.144304 0.00312918 0.135662 0.00132913 0.00570024 0.0173853
0.0138938 0.478041 6.95306e-05 0.507098 0.000116462 0.000239433 0.00054123
0.061682 0.158005 0.00232769 0.498086 0.0016688 0.0395362 0.238694
0.998946 0.00103677 9.6349e-06 6.14208e-06 4.12005e-07 3.79965e-07 1.93151e-07
0.000708638 0.993953 0.00290486 0.000402716 0.000551974 0.000792249 0.000686623
0.000212906 0.998977 0.000228439 0.000213483 0.000163928 0.000132348 7.21382e-05
1.00544e-05 0.999814 6.26013e-05 9.87663e-06 4.95155e-05 4.19738e-05 1.17009e-05
0.189104 0.804649 0.000821891 0.00416472 0.000200385 0.000473163 0.000586117
0.00980183 0.406664 0.000485655 0.580182 0.000875916 0.000722232 0.00126859
0.00098922 0.936015 0.000278353 0.0564908 0.00481391 0.00101831 0.000394683
0.000503965 0.995889 0.000226851 0.00265868 0.000235931 0.000290875 0.000194636
1.08562e-05 0.999938 5.77225e-07 4.81592e-05 5.90301e-07 1.27223e-06 5.42783e-07
0.012851 0.968922 0.00128248 0.0137615 0.000397446 0.00208158 0.000703924
0.000576313 0.999082 1.63149e-05 7.97611e-05 4.01269e-06 0.000169181 7.20264e-05
0.000585049 0.99849 0.000134912 0.000431664 0.000122824 0.000110949 0.000124357
0.0283843 0.00357136 0.00398072 0.00200546 0.000290703 0.166824 0.794944
2.22923e-05 0.999801 8.2755e-05 9.4993e-06 3.98751e-05 2.86251e-05 1.63646e-05
0.025165 0.931497 0.000449021 0.0409443 0.000272981 0.000794927 0.00087633
1.60125e-05 0.999902 1.43027e-05 2.0945e-05 3.4468e-05 8.43072e-06 4.24711e-06
0.00617596 0.99053 0.00128367 0.000684711 0.000356006 0.000441486 0.000527771
0.820323 0.169056 0.00590165 0.00249942 0.000596085 0.000707087 0.000915868
0.522092 0.0445627 0.00927684 0.416003 0.00317761 0.00330851 0.00157938
0.253747 0.699482 0.00455746 0.0327054 0.00158451 0.00240929 0.00551446
0.00325135 0.878713 0.000116104 0.117496 0.000204199 0.000104211 0.000115669
0.00845461 0.988169 0.000100771 0.00222829 0.000118461 0.000694817 0.000234091
8.94882e-05 0.999639 2.78855e-05 0.000139415 4.37126e-05 3.41509e-05 2.63278e-05
9.68389e-05 0.999547 0.000149339 3.47398e-05 7.79339e-05 4.81937e-05 4.57372e-05
0.00600485 0.992806 0.000395825 0.000219536 0.000240752 0.000171421 0.000162178
0.026402 0.00863589 0.00861802 0.0721458 0.000725198 0.0914413 0.792032
0.64653 0.000660991 9.07326e-05 0.350803 4.03651e-05 0.000269841 0.00160444
0.000591045 0.998526 8.02654e-05 0.00056541 5.76272e-05 7.26153e-05 0.00010676
0.0606794 0.496698 0.000194975 0.441185 0.000188602 0.000389363 0.000664589
0.0111734 0.00020499 0.000671244 0.000561832 2.73081e-05 0.0141783 0.973183
0.00036742 0.82237 0.000475433 0.162939 0.000851252 0.0099413 0.00305549
0.000279684 0.999085 0.000291708 6.37225e-05 9.47952e-05 0.000105018 8.0517e-05
0.00148941 0.989992 6.40136e-05 0.00826756 5.30733e-05 5.64974e-05 7.79299e-05
3.12242e-06 0.999969 1.21929e-06 2.13935e-05 3.51688e-06 9.50387e-07 1.33165e-06
0.0172531 0.0275281 0.0258354 0.012811 0.0129994 0.809201 0.094372
0.00320458 0.941799 0.00135994 0.0481641 0.00150199 0.00230097 0.00166964
3.41112e-05 0.999361 9.64841e-06 0.000454645 2.6755e-05 4.47179e-05 6.89124e-05
0.000102579 0.998877 2.89161e-05 0.000872676 4.69731e-05 3.28355e-05 3.87912e-05
1.75859e-05 0.999942 9.82501e-07 3.56954e-05 8.25589e-07 2.42604e-06 4.75313e-07
0.000481261 0.993776 0.000240286 0.00246555 0.00244584 0.000371598 0.000219098
0.000846817 0.998106 5.57279e-05 0.000843225 5.62865e-05 4.24527e-05 5.00299e-05
5.12371e-05 0.992588 1.52264e-05 0.00724827 2.8599e-05 2.05894e-05 4.84856e-05
0.0374919 0.00503541 0.00184736 0.0263291 0.00032358 0.0165422 0.91243
0.00975134 0.252697 0.000342481 0.732972 0.00117363 0.00154928 0.00151471
0.000126147 0.998318 0.000271878 0.000321532 0.00036738 0.000490406 0.000104322
0.000528201 0.999104 7.20413e-05 0.000194951 4.2816e-05 2.63471e-05 3.14041e-05
0.0154569 0.000816292 0.000165045 0.981317 0.00126007 0.000836269 0.000147997
0.000128649 0.997905 3.33624e-05 0.00164909 0.000180547 7.08585e-05 3.289e-05
0.00683512 0.986732 0.000148161 0.00556025 0.000203104 0.00021609 0.000304745
0.00181837 0.99543 0.000123017 0.00215128 7.34267e-05 0.000273414 0.000130477
0.000126188 0.997781 9.46796e-05 0.00137813 0.000151292 0.000311217 0.000157209
0.88342 0.111428 0.000349276 0.00420963 0.000159912 0.00030804 0.000124692
0.0114544 0.985257 5.28527e-05 0.00277186 2.65759e-05 0.000235351 0.000202095
6.83205e-05 0.999665 9.73134e-05 2.7672e-05 8.52311e-05 3.1311e-05 2.5157e-05
0.021881 0.319827 0.0020454 0.631401 0.00171515 0.0107476 0.0123821
6.51441e-05 0.999503 7.48238e-05 0.000123244 8.95048e-05 9.23825e-05 5.18786e-05
0.00729174 0.987452 0.000300398 0.00416412 0.000181561 0.000374977 0.00023494
0.336775 0.647429 0.000623528 0.0142764 0.000279142 0.000329536 0.000287426
0.000322954 0.998566 0.000154073 0.000379774 0.000353207 0.000120459 0.00010409
7.01637e-05 0.999629 2.91912e-05 0.000138226 8.81516e-05 2.19465e-05 2.32655e-05
0.00145779 0.996491 1.48239e-05 0.00144985 5.23003e-06 4.64255e-05 0.000535289
0.00987617 0.0907346 0.00858713 0.840858 0.00631372 0.0414069 0.00222364
0.0566675 0.919202 0.000461113 0.0207702 0.000217209 0.00118411 0.00149833
0.0118893 0.791844 0.00252835 0.0484371 0.00446208 0.0951376 0.0457015
0.855602 0.00557549 0.000852652 0.00692174 0.000144693 0.0290788 0.101824
0.000427992 0.833538 0.000542051 0.163199 0.000441452 0.00126675 0.000584207
0.00366339 0.988238 0.00111636 0.00335516 0.00164254 0.00103622 0.000948386
0.000409555 0.996433 0.00148143 0.000200775 0.000884129 0.000380786 0.000209732
0.000145652 0.997912 0.000931556 0.000228572 0.00041025 0.000276275 9.55261e-05
0.914259 0.0811518 1.88118e-05 0.00419881 0.000123239 0.000155654 9.26016e-05
0.0016822 0.991124 0.000171532 0.00645956 0.000151215 0.000271674 0.000139802
0.00101583 0.997988 0.00068608 4.60494e-05 7.53492e-05 0.000103774 8.47345e-05
0.996816 0.00101038 1.05174e-05 0.00174588 1.94642e-06 0.000188972 0.000226192
0.000158987 0.992957 0.000162897 0.00638015 0.000157057 0.000129361 5.50956e-05
0.000381598 0.997708 0.000316113 0.000341765 0.000765134 0.000271271 0.000216142
0.00333033 0.994829 0.000151637 0.00135726 9.25079e-05 0.000132067 0.000106821
1.75804e-05 0.999922 9.20013e-06 2.00699e-05 2.14677e-05 5.45957e-06 4.3063e-06
0.0178876 0.96754 4.97159e-05 0.0143324 5.13989e-05 4.92604e-05 8.93897e-05
0.00457008 0.989004 0.000305602 0.00125435 0.00297297 0.0016195 0.000273537
0.0982661 0.789171 0.00108543 0.106719 0.00284496 0.000874829 0.00103835
0.606627 0.00406785 0.00101501 0.00041015 0.000138865 0.313684 0.0740571
0.00149523 0.996684 6.7939e-05 0.000636436 0.000116742 0.000824439 0.000175508
0.00405764 0.974784 0.000468799 0.0190318 0.000472875 0.00070974 0.00047493
0.107298 0.871216 0.0111432 0.00293877 0.00136371 0.00460539 0.00143487
0.0216933 0.832749 0.00147209 0.139327 0.00162073 0.00149595 0.00164211
0.000640879 0.999105 1.01129e-05 9.10207e-05 6.0366e-06 0.000126599 2.01183e-05
0.0629338 0.889533 0.0015016 0.0365253 0.00237003 0.00350166 0.0036348
0.0104303 0.00122457 0.00296304 0.00230366 0.000150914 0.0225219 0.960406
0.804501 0.0258636 0.00154503 0.12133 0.000574772 0.00331562 0.0428701
0.00430009 0.0139741 0.000482507 0.978357 0.00123165 0.000965414 0.000688862
0.0003138 0.998924 0.000196275 0.000140587 0.000186642 0.000142063 9.66518e-05
0.00514714 0.986234 0.000112587 0.0080189 0.000190629 0.000206215 9.03064e-05
0.000298748 0.997409 0.000283267 0.000845288 0.000195076 0.000467219 0.000500987
0.284585 0.710445 0.000170304 0.00434298 5.79811e-05 0.000243751 0.000155124
0.00162771 0.850847 0.000602239 0.145401 0.000254818 0.000410544 0.000857441
