score: 0.7914708625336236
Duration: 172.38700699806213
timestamps: [9.952839374542236, 11.747989416122437, 16.875036001205444, 22.001927375793457, 29.621718168258667, 39.37748742103577, 51.35084366798401, 68.52922677993774, 84.87485337257385, 172.38700699806213]
nauc_scores: [0.5737179656957982, 0.726323649241392, 0.833691952471584, 0.8320980308131314, 0.8451626228690894, 0.863631033996141, 0.8645764179616215, 0.8611296190690929, 0.8940324096092771, 0.8922303844629846]
accuracy: [0.6184539595515169, 0.641025744272855, 0.662488333365334, 0.6503316848244678, 0.6881231198548257, 0.6978631017153114, 0.6751945171608942, 0.7404624371403878, 0.775785112694575, 0.7790023711341948]
