score: 0.6572100677494331
Duration: 99.16876196861267
timestamps: [12.782150506973267, 17.021376132965088, 26.537795543670654, 37.75218224525452, 50.71900248527527, 65.24844026565552, 81.5197503566742, 99.16876196861267]
nauc_scores: [0.18762294128183266, 0.4000313706346601, 0.6054491000015125, 0.7254102770925064, 0.7818786051708271, 0.8138092147313156, 0.8350512955690303, 0.8114508999595424]
