ingestion_duration: 304.56000566482544
ingestion_success: 1
end_time: 1565992597.36089
