score: 0.8133722635265037
Duration: 304.96162247657776
