score: 0.8019059305255367
Duration: 304.5292537212372
