score: 0.7282420057795864
Duration: 281.6303560733795
timestamps: [7.138880014419556, 11.632830142974854, 16.340025424957275, 21.3453586101532, 26.684224367141724, 32.36521530151367, 38.379300594329834, 44.768659353256226, 51.59366965293884, 58.82148456573486, 66.53191566467285, 74.67833113670349, 83.37375164031982, 92.61627078056335, 102.61403131484985, 113.06346225738525, 124.20112729072571, 136.01558136940002, 148.52314615249634, 161.83495163917542, 175.9648768901825, 191.03394436836243, 207.0063672065735, 223.9903438091278, 242.04299092292786, 261.2435472011566, 281.6303560733795]
nauc_scores: [0.41335230537247236, 0.7068929933585708, 0.7383096144570416, 0.7363205221863081, 0.742897606823198, 0.7710322168945258, 0.784075545584586, 0.7926485532187897, 0.7932762145905401, 0.7806777341547857, 0.7956406748739853, 0.7979314898386525, 0.7970623598057534, 0.809320402592308, 0.7917702577646946, 0.8037536576131847, 0.8032012670660098, 0.8127011709765535, 0.8130306263303484, 0.7937395467819668, 0.8016201925103177, 0.8180965624289684, 0.8194343784660196, 0.8174514707720548, 0.8177036718239779, 0.8342639804305312, 0.8197952092336658]
accuracy: [0.09277719852531957, 0.18459047132096482, 0.1994710928764236, 0.18987060826707397, 0.19139258523638436, 0.2046715135633552, 0.2013276373196054, 0.1944643413528511, 0.19187449963440376, 0.19382799548292526, 0.18784697556904914, 0.18383024048889643, 0.18397357049683832, 0.18313474033883798, 0.1757027074911431, 0.1772355215111738, 0.1685903017600779, 0.17495409470375925, 0.1698053451284695, 0.15988405140524128, 0.16408418604209565, 0.16571757388638858, 0.16162287337443684, 0.15721874499341232, 0.1426452259600644, 0.15025122751912887, 0.13639907915862812]
