ingestion_duration: 117.63241243362427
ingestion_success: 1
end_time: 1567506074.02965
