0.965012 0.0122132 0.0125688 0.00732451 0.00139325 0.00148825
0.00512499 0.00362762 0.00178164 0.781119 0.160768 0.0475789
0.000595494 0.00464666 0.992047 0.000774952 0.00095066 0.000984819
0.000865104 0.000816534 0.00190643 0.0112481 0.00318683 0.981977
0.000764047 0.00460307 0.990718 0.00124186 0.00159391 0.00107889
0.00421585 0.00356634 0.00251723 0.487745 0.0442345 0.457721
0.0129767 0.0133076 0.00938216 0.606906 0.275492 0.0819363
0.0136801 0.970492 0.0108127 0.00294665 0.00113048 0.00093798
0.000753729 0.958871 0.0367454 0.000936056 0.00169782 0.000996118
0.0284073 0.0770785 0.0121842 0.551763 0.262177 0.0683904
0.0624595 0.0290104 0.0184133 0.524141 0.0755462 0.29043
0.00136632 0.00321552 0.00132946 0.173167 0.803044 0.0178782
0.000523594 0.000309652 0.00109475 0.0104999 0.00116827 0.986404
0.0628882 0.0686581 0.0334351 0.472499 0.115629 0.246891
0.313475 0.447281 0.208381 0.0160541 0.00714792 0.00766081
0.000266486 0.997728 0.00143381 0.000210436 0.000228456 0.000133046
0.00164104 0.0013925 0.00303288 0.18493 0.011209 0.797794
0.015018 0.00690258 0.00309294 0.795357 0.113492 0.0661377
0.00109481 0.0214121 0.972503 0.0014397 0.00200242 0.00154753
0.00429749 0.000888602 0.000719077 0.9685 0.00649215 0.019103
0.0383381 0.93445 0.0157035 0.00685946 0.00246736 0.00218135
0.984962 0.00594104 0.00400586 0.00351406 0.000450232 0.00112663
0.00353453 0.0027551 0.00572432 0.153181 0.0260196 0.808786
0.584238 0.372516 0.019961 0.0160946 0.00253074 0.00465945
0.234365 0.00946321 0.0285366 0.02259 0.00202044 0.703025
0.00242247 0.00379292 0.00158076 0.74788 0.181471 0.062852
0.059856 0.0589768 0.0124983 0.718824 0.0774126 0.0724325
0.0133699 0.0161591 0.0027642 0.628457 0.319395 0.0198546
0.00132982 0.201838 0.785596 0.00294407 0.00608574 0.00220579
0.974125 0.0114973 0.00750335 0.00487756 0.000738254 0.00125853
0.00177432 0.0197647 0.97328 0.00178212 0.00201383 0.00138473
0.00062952 0.917409 0.0774105 0.00115286 0.00198036 0.0014179
0.000259559 0.000288779 0.00110129 0.0324469 0.00206156 0.963842
0.000133156 0.99587 0.00332181 0.000197958 0.000281948 0.00019484
0.657476 0.280162 0.0387911 0.0148495 0.00583467 0.00288657
0.000205533 0.000289965 0.00201123 0.0125277 0.00158763 0.983378
0.00415393 0.00199311 0.00332375 0.150345 0.0165603 0.823624
0.922463 0.0583747 0.00846812 0.00776678 0.000936474 0.00199089
0.00101215 0.987621 0.00833733 0.000998312 0.00123237 0.000798707
0.0984825 0.083496 0.0302566 0.52476 0.0941818 0.168823
0.00154203 0.0270671 0.96472 0.00210291 0.00291439 0.00165349
8.72084e-05 5.94469e-05 0.00029603 0.00446674 0.000188192 0.994902
0.0179491 0.0130496 0.0180445 0.10666 0.0315807 0.812716
0.00454167 0.00859161 0.00340396 0.610954 0.32575 0.0467589
0.366666 0.0343251 0.579442 0.0111297 0.00511074 0.00332567
0.0124381 0.00594311 0.00798073 0.227019 0.0511519 0.695467
0.000311032 0.000596726 0.00023326 0.0422463 0.955556 0.00105705
0.00304455 0.238967 0.742673 0.00446747 0.005712 0.00513622
0.000292382 0.99451 0.00434716 0.000261167 0.000370622 0.000218274
0.00508626 0.0117159 0.00718463 0.602567 0.097451 0.275996
0.0191185 0.00417668 0.00204094 0.845612 0.109641 0.0194103
0.00168401 0.0471833 0.941641 0.00215134 0.00398436 0.0033565
0.974076 0.0102724 0.00790716 0.00532357 0.00103877 0.00138233
0.687424 0.0138732 0.280155 0.0123057 0.0027941 0.00344786
0.00071046 0.982156 0.0151301 0.0006092 0.000852434 0.000541363
0.000314901 0.976044 0.0212448 0.000629218 0.00108016 0.000687155
0.833809 0.120935 0.0150762 0.0237597 0.00217808 0.00424258
0.996358 0.000932523 0.00114049 0.0012723 0.000122095 0.000174716
0.000894207 0.078362 0.912408 0.00217607 0.00460224 0.00155704
0.976516 0.00263835 0.0152612 0.00355163 0.000885272 0.00114739
0.00846813 0.00331144 0.00167313 0.514835 0.441418 0.0302947
0.00577125 0.93936 0.044856 0.00347819 0.00488736 0.00164716
0.00496701 0.0118985 0.976314 0.00265914 0.00197734 0.00218383
0.939359 0.00828556 0.0375027 0.00460311 0.00144806 0.00880204
0.0215692 0.014607 0.0100605 0.631323 0.150516 0.171924
0.00311347 0.0793325 0.906651 0.00362908 0.00471405 0.00255959
0.0124535 0.00390553 0.00294048 0.496576 0.424644 0.0594799
0.957047 0.0229599 0.0118074 0.00556953 0.00104307 0.00157325
0.0123697 0.0045428 0.00474293 0.526091 0.201961 0.250293
0.00117336 0.633109 0.355028 0.00284096 0.00543212 0.00241585
0.0634055 0.143199 0.728921 0.022867 0.0366947 0.00491193
0.000179212 0.996787 0.00241356 0.000205307 0.000241521 0.000173723
0.00267062 0.945571 0.0461868 0.00176416 0.00217729 0.00162996
0.0334992 0.131578 0.0309758 0.518216 0.145016 0.140715
0.00456611 0.010824 0.00273391 0.250591 0.72257 0.00871533
0.00164247 0.00159855 0.000827106 0.720461 0.263383 0.0120871
0.000997354 0.975616 0.0208529 0.000789195 0.00104088 0.000703991
0.00234013 0.00178894 0.00494521 0.0228217 0.00519839 0.962906
0.785513 0.161991 0.0267672 0.0166483 0.0067201 0.00236112
0.00415883 0.00264839 0.00718726 0.0875982 0.00831564 0.890092
0.00497314 0.00198361 0.00323263 0.128216 0.0159759 0.845619
0.0148457 0.01336 0.0110371 0.456012 0.138932 0.365812
0.0304133 0.0545467 0.011982 0.639013 0.192236 0.0718088
0.0349802 0.906501 0.0448745 0.00682111 0.00438687 0.00243608
0.027819 0.0101314 0.010569 0.553359 0.200034 0.198088
0.0894604 0.562074 0.304555 0.015152 0.00777938 0.0209795
0.00031564 0.99028 0.00816823 0.000368322 0.000527077 0.000340358
0.000254944 0.99799 0.00125496 0.000190524 0.000196064 0.000113992
0.00606317 0.0051544 0.0047352 0.582188 0.288666 0.113193
0.0193395 0.945553 0.0257127 0.00454092 0.00282951 0.0020249
0.011158 0.00448073 0.0100801 0.0195764 0.00362713 0.951078
0.00150443 0.000545924 0.000875428 0.809545 0.0109988 0.176531
0.00512931 0.962282 0.0263025 0.0021028 0.00211792 0.00206495
0.012434 0.00478932 0.00241857 0.458959 0.495101 0.0262986
0.00469961 0.928767 0.0587445 0.0022064 0.00230405 0.0032783
0.0323905 0.0153214 0.00857444 0.661951 0.199227 0.0825363
0.0385338 0.034124 0.00877605 0.700722 0.169877 0.0479673
0.00447964 0.00269375 0.00420533 0.143696 0.0241151 0.82081
0.780575 0.186834 0.0161874 0.0113346 0.00190931 0.00316038
0.0150868 0.00367252 0.00415129 0.511451 0.0412766 0.424362
0.0168564 0.00960834 0.00400624 0.753286 0.175919 0.0403238
0.000801004 0.00072188 0.00174082 0.0355373 0.00351509 0.957684
0.00536252 0.00370343 0.00191854 0.629077 0.319165 0.0407737
0.0261539 0.0142263 0.007384 0.714028 0.155065 0.0831429
0.0539125 0.0363742 0.0133745 0.666704 0.0850245 0.144611
0.000170291 0.000959046 0.997593 0.000383572 0.000549586 0.000344945
0.0425873 0.143318 0.0254445 0.534217 0.0904739 0.163959
0.214102 0.273923 0.0476407 0.261109 0.0421969 0.161028
0.000790498 0.992024 0.00549163 0.000591783 0.000697287 0.000404952
0.00733026 0.899075 0.0831201 0.00387536 0.00390847 0.0026911
0.00146809 0.0297824 0.961742 0.00220957 0.00309787 0.00169971
0.00183908 0.908591 0.0849245 0.00116061 0.0016491 0.0018355
0.00253503 0.867615 0.124681 0.00173314 0.00212625 0.00130941
0.000139693 0.000315204 0.000148384 0.0387811 0.959744 0.000871671
0.0342273 0.0131749 0.0145683 0.665874 0.159847 0.112309
0.0170293 0.00565762 0.00450648 0.856803 0.0340046 0.0819986
0.897981 0.0641942 0.0267718 0.00685867 0.00180535 0.00238922
0.0181774 0.0359481 0.929906 0.00893072 0.00412465 0.00291285
0.00267377 0.762519 0.227428 0.0023788 0.00317235 0.00182791
0.683437 0.00232405 0.305694 0.00544467 0.00141025 0.00168968
0.00469054 0.00660982 0.00839468 0.581247 0.196835 0.202223
0.0239119 0.0269902 0.010717 0.554935 0.312789 0.0706567
8.48139e-05 0.998814 0.000798738 0.000103437 0.000127565 7.12285e-05
0.00593863 0.0143256 0.0061011 0.268794 0.65961 0.045231
0.00643073 0.0186569 0.963125 0.00304966 0.00324035 0.00549721
0.0131044 0.00914573 0.00877249 0.227473 0.0459361 0.695568
0.917297 0.0640648 0.00897869 0.00706196 0.000909516 0.00168837
0.0280833 0.00483988 0.00675562 0.211166 0.0388032 0.710352
4.61155e-05 7.15379e-05 0.00071063 0.00301152 0.000418584 0.995742
0.134733 0.513388 0.307165 0.0123554 0.00551219 0.0268463
0.000393688 0.995893 0.00275296 0.000341186 0.000403782 0.000215381
0.369382 0.180371 0.428303 0.0109872 0.00767032 0.0032866
0.000367254 0.987144 0.01108 0.000405632 0.000573202 0.000429902
0.000910947 0.0007632 0.00208115 0.0147205 0.00329912 0.978225
0.0120695 0.00507327 0.00510956 0.638474 0.205803 0.133471
0.00163737 0.0010296 0.00286405 0.0147641 0.00333912 0.976366
0.0107828 0.00850353 0.00627409 0.612704 0.0355724 0.326163
4.5718e-05 0.000100969 0.000807978 0.00413164 0.000523603 0.99439
0.0425313 0.0183586 0.0182557 0.63925 0.165108 0.116497
0.0084652 0.00982215 0.00282978 0.730078 0.207996 0.0408087
0.000631216 0.985596 0.0120997 0.000512316 0.000719061 0.000441864
0.00837554 0.0114171 0.00395604 0.738412 0.097163 0.140676
0.0075202 0.00476734 0.00248516 0.747905 0.0882754 0.149047
0.00121733 0.498237 0.489483 0.00305324 0.00552633 0.0024836
0.00865018 0.00246393 0.00211283 0.706508 0.0134525 0.266812
0.00116841 0.0089012 0.985661 0.00126497 0.00180929 0.00119468
0.000754429 0.944802 0.0502443 0.000970121 0.00172739 0.00150182
0.000327589 0.996884 0.00206376 0.000292048 0.000244535 0.000187572
0.945433 0.0318284 0.0111477 0.00822196 0.00147028 0.0018989
0.00254773 0.00755927 0.00824529 0.199157 0.0501464 0.732345
0.00288244 0.288006 0.693515 0.00318091 0.00576339 0.00665265
0.000419789 0.00787499 0.988959 0.000718328 0.00109817 0.000929374
0.00244105 0.0031027 0.00540558 0.0616772 0.0239449 0.903429
0.0131091 0.00775813 0.00554852 0.682958 0.082496 0.208131
0.000658754 0.0488199 0.944196 0.00146909 0.0026786 0.00217808
0.00645393 0.00229537 0.00118305 0.842238 0.112576 0.035254
0.00577383 0.0130729 0.00823046 0.361853 0.36684 0.24423
0.000727868 0.00070408 0.00224227 0.0471943 0.0119861 0.937145
0.00112451 0.984046 0.0122177 0.000900502 0.00106795 0.000643887
0.000228164 0.000169143 0.00167506 0.00766191 0.000587516 0.989678
0.00763312 0.368433 0.600672 0.00823232 0.0111623 0.00386744
0.391564 0.504478 0.0825237 0.0113567 0.00457791 0.00549976
0.057125 0.0148728 0.0128383 0.488664 0.0272954 0.399205
0.00326243 0.00396488 0.0082157 0.150438 0.0827432 0.751376
0.0291633 0.530894 0.418874 0.00996046 0.00575442 0.00535445
0.00512334 0.933404 0.0557465 0.00205677 0.00199707 0.00167267
0.000160667 0.000207126 0.00140619 0.00690126 0.000857993 0.990467
0.0634877 0.302939 0.598759 0.0165187 0.009387 0.00890835
0.946774 0.0106067 0.0323794 0.00705218 0.00129716 0.00189071
0.0840733 0.15892 0.0372252 0.44968 0.0930406 0.177061
0.00928768 0.937687 0.0439852 0.00351401 0.00308053 0.00244516
0.000979987 0.951158 0.0440395 0.000967311 0.00154279 0.00131184
0.000367835 0.000734493 0.00278832 0.0347579 0.00773511 0.953616
0.00026117 0.000494617 0.000174317 0.0475546 0.950045 0.00147012
0.955567 0.0245178 0.00799517 0.00862658 0.000656832 0.00263702
0.00034925 0.000294332 0.00149499 0.00835901 0.000341981 0.98916
0.000355194 0.990898 0.0075435 0.000349363 0.00055489 0.000299116
0.00289636 0.00209931 0.00147236 0.791532 0.156807 0.045193
0.0355969 0.0348306 0.0217029 0.451847 0.0969685 0.359054
0.012304 0.00806598 0.0123016 0.0767152 0.023699 0.866914
0.00686599 0.00473546 0.00330345 0.632018 0.118215 0.234862
0.0122221 0.00881482 0.0056362 0.615952 0.258343 0.0990319
0.000523079 0.00112161 0.000466226 0.122069 0.873397 0.00242275
0.00496504 0.00479244 0.0156081 0.0422207 0.0130795 0.919334
0.00977224 0.956712 0.0264644 0.00311625 0.00230554 0.00162988
0.181923 0.0185789 0.769143 0.0128983 0.012177 0.00527963
0.0101355 0.0135098 0.0116054 0.583834 0.0898113 0.291104
0.00407228 0.14691 0.836138 0.00486217 0.00506034 0.00295704
0.716057 0.0288085 0.233928 0.0117911 0.00554019 0.00387526
0.00111145 0.00925373 0.985212 0.001194 0.00168762 0.00154098
0.010944 0.0229803 0.953241 0.00202506 0.00232389 0.00848616
0.0495259 0.0281236 0.0113961 0.718998 0.0735074 0.118449
0.00223828 0.00129753 0.00053661 0.1715 0.817522 0.0069047
0.111109 0.800934 0.064057 0.0109586 0.00870569 0.00423499
0.104661 0.139114 0.527948 0.0108449 0.00599006 0.211442
0.00173538 0.000567418 0.000544352 0.952792 0.00948782 0.0348726
0.00295897 0.000977879 0.00174757 0.331178 0.00578678 0.657351
0.0188853 0.00527042 0.00811374 0.41322 0.0210094 0.533501
0.00569245 0.00602239 0.00813358 0.134072 0.0876973 0.758382
0.0177079 0.00972574 0.00802492 0.56427 0.113574 0.286697
0.000472607 0.980695 0.0169541 0.000554728 0.00079313 0.000530556
0.00162388 0.00346753 0.00285172 0.296221 0.630608 0.0652281
0.00327622 0.3127 0.668463 0.00454246 0.00733733 0.00368091
0.00168455 0.121611 0.866384 0.00276153 0.00587184 0.00168755
0.00370856 0.00476918 0.00185165 0.584872 0.394039 0.0107598
0.00165769 0.00188597 0.0121546 0.0150688 0.00371752 0.965515
0.000630755 0.985559 0.0120871 0.000531354 0.000654142 0.000537777
0.00121056 0.00129186 0.000531041 0.0608084 0.934966 0.00119262
0.000192972 0.00141784 0.996194 0.000965571 0.000744005 0.000485461
0.000531423 0.980494 0.0170307 0.000556598 0.000793639 0.000593205
0.00118088 0.98887 0.00748714 0.000897306 0.00101201 0.000552377
0.000816782 0.98914 0.00789586 0.000730085 0.000895457 0.000521943
0.0394797 0.0118372 0.00605259 0.782924 0.0952087 0.0644974
0.00517017 0.0033478 0.00197188 0.407077 0.555899 0.0265339
0.00528898 0.00166102 0.00120375 0.862239 0.0296468 0.0999608
9.27249e-05 0.996786 0.00263441 0.000135328 0.000210239 0.000140944
0.864731 0.0796932 0.0403733 0.00832896 0.00223438 0.00463906
0.000808086 0.972897 0.0238799 0.000698826 0.000951991 0.000764008
0.000564445 0.98179 0.015596 0.000558883 0.000803819 0.000686885
0.000199823 0.000246902 0.00151766 0.0129964 0.00143775 0.983601
0.965167 0.0232872 0.00492467 0.0053521 0.000673608 0.0005955
0.00102013 0.00476918 0.00175311 0.193681 0.775767 0.0230102
0.00529134 0.00385439 0.00618113 0.0989036 0.0438873 0.841882
0.0022622 0.0044153 0.00190747 0.229816 0.733046 0.0285537
0.000165884 0.00344851 0.993954 0.000345953 0.000522806 0.00156293
0.0339932 0.0150632 0.00727929 0.716399 0.111604 0.115661
0.990246 0.00376665 0.00240448 0.00230622 0.000203701 0.00107256
0.000791028 0.98848 0.00923348 0.000578639 0.000533875 0.000382828
0.00183033 0.00154805 0.000812792 0.113706 0.878865 0.0032376
0.000173013 0.00314004 0.994405 0.000381288 0.000646873 0.00125387
0.0017081 0.888345 0.101094 0.00283085 0.00347349 0.00254822
0.0018279 0.0217125 0.00225179 0.212748 0.754119 0.00734114
0.992289 0.00369529 0.0016358 0.0016527 0.00013497 0.000592325
6.99447e-05 5.39403e-05 0.999391 6.22159e-05 7.4941e-05 0.00034826
0.258688 0.115263 0.584079 0.0184056 0.0152776 0.00828667
0.00985709 0.00856292 0.00589273 0.635727 0.214588 0.125372
0.0032663 0.00237449 0.00494523 0.222065 0.0283083 0.739041
0.0145242 0.00505082 0.00380515 0.610507 0.355029 0.0110842
0.977572 0.00725724 0.00844655 0.00459322 0.0008269 0.00130372
0.000677198 0.000444195 0.00119272 0.186136 0.00367096 0.807879
0.892263 0.0844918 0.0107232 0.00962952 0.00141903 0.00147376
0.000419433 0.00156028 0.995891 0.000976369 0.000703363 0.00044918
0.00410365 0.0222007 0.96434 0.00327288 0.0040928 0.00198975
0.99222 0.00357479 0.00168952 0.00178367 0.000146524 0.000585336
0.00436638 0.983278 0.00916426 0.00148992 0.000946216 0.000755037
0.0220612 0.0151656 0.00866548 0.621321 0.16056 0.172227
0.0165644 0.0138754 0.007774 0.656337 0.0895675 0.215882
0.00351096 0.00535828 0.00206769 0.202105 0.768455 0.0185033
0.000301895 0.985678 0.0123474 0.000470483 0.000738462 0.000463747
0.0320759 0.918591 0.0326672 0.00754143 0.00519088 0.00393333
0.00281162 0.00187307 0.00309917 0.493699 0.136294 0.362223
0.00208696 0.00515447 0.00322896 0.481074 0.426805 0.0816509
0.0400847 0.171449 0.04525 0.429547 0.201921 0.111747
0.0193804 0.00678656 0.00435007 0.7994 0.0712105 0.0988728
0.0562404 0.759018 0.165324 0.00893947 0.00585075 0.00462668
0.000166622 0.000257385 0.00114552 0.00724611 0.00126933 0.989915
0.0175967 0.0115128 0.00548581 0.651553 0.256229 0.0576222
2.76283e-05 6.24128e-05 0.000974564 0.00188297 0.000390865 0.996662
0.000329956 0.990949 0.00752949 0.000342997 0.000555956 0.000292488
0.00325504 0.0235262 0.962946 0.00304591 0.00454385 0.00268257
0.000201329 0.979713 0.0180344 0.000382094 0.000749051 0.000920323
0.959798 0.0208362 0.00794085 0.00733584 0.000952143 0.00313684
0.0150518 0.965084 0.0124197 0.00413598 0.00179182 0.00151695
0.00275723 0.986163 0.00814227 0.00125028 0.00114652 0.00054055
0.000320436 0.000374902 0.0015312 0.0176028 0.00149933 0.978671
0.00392917 0.00397334 0.00765135 0.352239 0.0475179 0.584689
0.298857 0.00388128 0.686463 0.00646399 0.00234749 0.00198731
0.00449444 0.00412752 0.00485181 0.391877 0.17885 0.415799
0.00020041 0.997893 0.00142224 0.00017406 0.00019354 0.000117225
3.37772e-05 7.50262e-05 0.000493979 0.00229294 0.000176191 0.996928
0.0010984 0.946187 0.0493562 0.000826103 0.00124726 0.00128539
0.0400751 0.886963 0.0591286 0.00579159 0.00529881 0.0027435
0.666563 0.241928 0.0724593 0.0102442 0.00554255 0.00326296
0.0381911 0.0186581 0.0107633 0.70693 0.066203 0.159254
0.00560323 0.95923 0.0297998 0.00203876 0.00220281 0.00112496
0.000179472 0.994204 0.0046665 0.000251062 0.000467181 0.000232066
3.27287e-05 3.41668e-05 0.000269562 0.00267033 0.000105863 0.996887
0.0112472 0.00349385 0.00329964 0.421834 0.55131 0.00881593
0.884951 0.0891409 0.0123687 0.0103326 0.0016294 0.00157781
0.00057887 0.982961 0.0148292 0.000506238 0.000733287 0.000391514
0.00409629 0.0033672 0.00120482 0.773109 0.204589 0.0136337
0.00689846 0.0304102 0.0120883 0.491666 0.1669 0.292038
0.00063345 0.991078 0.00695471 0.000450299 0.000570411 0.000312573
0.00865469 0.00367721 0.00402984 0.790167 0.0352695 0.158202
0.00494037 0.0028508 0.0053254 0.280557 0.0295837 0.676743
0.0123896 0.0141841 0.00507847 0.649788 0.268848 0.0497124
0.844433 0.0490681 0.0871682 0.0097847 0.00364696 0.00589957
0.0158267 0.00639704 0.00866465 0.164383 0.0307782 0.773951
0.00312291 0.00281549 0.00148222 0.392781 0.567971 0.0318271
0.0111357 0.0238868 0.00740437 0.418976 0.468308 0.0702896
0.0292493 0.945403 0.0179012 0.00447418 0.00159469 0.0013776
0.0306197 0.00577043 0.00973082 0.725577 0.212614 0.0156876
0.000363011 0.000307215 0.00208718 0.0208655 0.00180499 0.974572
0.00284491 0.00639301 0.00224781 0.473869 0.47058 0.0440644
0.000234411 0.995705 0.00301348 0.000334197 0.000463809 0.00024881
0.183085 0.260475 0.036637 0.419405 0.043383 0.0570145
0.00142171 0.90232 0.0903404 0.00127263 0.00203348 0.00261157
0.00262789 0.981798 0.0127 0.00112644 0.000924356 0.000823729
0.000938126 0.95846 0.0377486 0.000855182 0.00129555 0.000702618
0.0176328 0.0195282 0.00799105 0.516243 0.397847 0.0407583
0.103953 0.073448 0.780187 0.00779843 0.00402544 0.0305883
0.977567 0.0092006 0.0056679 0.00535349 0.000999437 0.00121182
0.019649 0.0080367 0.00719545 0.667319 0.0650629 0.232737
0.00105845 0.0018082 0.00080656 0.180139 0.800091 0.0160967
0.192901 0.353924 0.410633 0.013792 0.025326 0.00342386
0.896067 0.0275067 0.0250374 0.0185587 0.00161813 0.0312118
0.0204556 0.00285915 0.00240037 0.876751 0.0485923 0.048942
0.0351479 0.00379751 0.00777417 0.835654 0.0806759 0.0369507
0.00874548 0.00463947 0.0058013 0.139393 0.0260391 0.815381
0.000216829 0.995861 0.00317128 0.000241754 0.000290991 0.000218266
0.0292727 0.00813316 0.0076292 0.617558 0.0559531 0.281454
0.0716027 0.460497 0.428567 0.0138825 0.0202778 0.00517267
0.000701533 0.00119816 0.000403358 0.0455526 0.951217 0.000927224
0.000253471 0.985791 0.0123951 0.000435498 0.000685132 0.000439596
0.000888542 0.000890798 0.00160116 0.0380226 0.00348042 0.955117
0.000160999 8.58473e-05 0.999063 0.000104147 0.000115008 0.000470566
0.0217614 0.954765 0.0166095 0.00406918 0.00148493 0.00131052
0.555758 0.222806 0.155456 0.0316017 0.0298519 0.00452542
3.42029e-05 6.33302e-05 0.000667545 0.00347256 0.0005039 0.995259
0.00292081 0.0121127 0.981691 0.00108618 0.00163435 0.000554509
0.0111175 0.0076752 0.00720537 0.757838 0.0361132 0.18005
0.0162066 0.0138808 0.00619983 0.726787 0.0886505 0.148276
0.000776167 0.982969 0.014352 0.000587344 0.000710646 0.000604423
0.979309 0.0106036 0.00379634 0.00382176 0.000398088 0.00207091
0.0521667 0.889867 0.0453444 0.00550773 0.00448398 0.00263007
0.00248733 0.468406 0.515854 0.00379685 0.00693576 0.00252003
0.00116243 0.955654 0.0391648 0.00101184 0.00156849 0.0014381
0.0582848 0.689132 0.219875 0.00957618 0.00494748 0.018185
0.202548 0.384403 0.378792 0.0124742 0.0182582 0.00352455
0.0357764 0.0784801 0.0258377 0.363953 0.0995024 0.396451
0.000257512 0.000973233 0.000312826 0.0453155 0.951424 0.00171643
0.00348144 0.00381486 0.00587407 0.323967 0.19791 0.464953
0.00888877 0.00915786 0.00289622 0.801087 0.141891 0.0360798
0.0433782 0.0729497 0.0220715 0.602718 0.105079 0.153803
0.00275813 0.00123575 0.00248601 0.0220682 0.000225442 0.971226
0.0199807 0.00606679 0.00313968 0.467304 0.464412 0.0390973
0.00524987 0.974555 0.0159188 0.00177047 0.00147 0.00103624
0.000253352 0.997931 0.00130489 0.000189611 0.000203062 0.000117612
9.02215e-05 0.000134277 0.000725353 0.00387088 0.000396211 0.994783
0.996604 0.00100795 0.000992225 0.0011507 0.000123854 0.00012124
0.0136594 0.00623326 0.00452412 0.70429 0.107091 0.164202
0.00395024 0.988963 0.00480571 0.00116188 0.000654904 0.000464097
0.000555679 0.996376 0.00221246 0.000369001 0.000267831 0.000218978
0.000449544 0.947595 0.0486584 0.000806471 0.00146869 0.00102235
0.00804778 0.00561467 0.00354834 0.875339 0.0514828 0.0559672
4.39955e-05 2.91532e-05 0.000205592 0.00197728 9.10799e-05 0.997653
0.000202385 0.00113895 0.997198 0.000457083 0.000603315 0.000400482
0.00068013 0.00115628 0.00622224 0.0515184 0.0198003 0.920623
0.0293396 0.00640541 0.0129889 0.302378 0.0270009 0.621887
0.00089164 0.00399754 0.000643258 0.103789 0.888179 0.00250044
0.00304711 0.664682 0.320398 0.00375089 0.00574266 0.00237933
0.000186976 0.000219272 0.00225891 0.00991508 0.00103036 0.986389
0.00337167 0.351792 0.628113 0.00370603 0.00605551 0.00696171
0.0223639 0.0123442 0.00661463 0.650604 0.124519 0.183555
0.429559 0.0671986 0.0257369 0.365822 0.0459116 0.0657722
0.00016638 0.000219788 0.000914119 0.00573082 0.000921768 0.992047
0.00064492 0.00721604 0.987932 0.0013984 0.00166106 0.00114735
0.313143 0.564611 0.0689694 0.0146932 0.00471566 0.0338671
0.00031702 0.99761 0.00151595 0.000219769 0.00020599 0.000131216
0.000912767 0.979407 0.0170525 0.000837331 0.00109581 0.000694862
0.00212532 0.00173565 0.00444924 0.0206505 0.00562923 0.96541
0.00646493 0.00077734 0.966059 0.00165278 0.000566064 0.0244796
0.00206932 0.281002 0.701179 0.00467532 0.00647548 0.00459888
0.0053834 0.00401816 0.00622218 0.288874 0.678771 0.0167314
0.968172 0.0149871 0.00696339 0.00581096 0.000705758 0.00336127
0.00164491 0.612078 0.373221 0.00288945 0.00553232 0.00463452
0.000342278 0.00103765 0.996636 0.000706032 0.000576916 0.000700827
0.00697368 0.00391796 0.00269125 0.75381 0.158211 0.0743955
0.997958 0.000266928 0.0009206 0.000659986 5.48632e-05 0.000139938
0.287286 0.0655262 0.604135 0.0187865 0.0137281 0.0105386
0.000560047 0.000439058 0.00112577 0.044697 0.00249897 0.950679
0.0296434 0.00203394 0.00742075 0.0136297 0.00025996 0.947012
0.00146968 0.00922901 0.00179942 0.36296 0.595305 0.0292369
0.0419164 0.0045997 0.00533192 0.741375 0.176706 0.030071
0.000290905 0.0002683 0.0011953 0.00486228 0.000832896 0.99255
0.0347736 0.0123121 0.940591 0.0045091 0.00570074 0.00211306
0.86332 0.0683742 0.0512188 0.0105422 0.00360857 0.00293618
0.258916 0.580826 0.126871 0.0142499 0.00631524 0.0128222
0.000510214 0.9222 0.0716494 0.000938113 0.00257025 0.00213195
0.44485 0.0318347 0.503461 0.011021 0.00569238 0.00314124
0.0279925 0.92813 0.0330348 0.00555694 0.00331812 0.00196714
0.0126455 0.00502407 0.0056156 0.360596 0.0549072 0.561212
0.605321 0.338267 0.0286785 0.0184462 0.00274893 0.00653822
0.0134897 0.00736688 0.00321312 0.36213 0.583165 0.0306351
0.00257487 0.300118 0.682828 0.00417574 0.00742382 0.00287944
0.00866671 0.00928296 0.00266452 0.620038 0.310909 0.0484394
0.0812888 0.667664 0.225186 0.0101609 0.00475108 0.01095
0.0258224 0.908142 0.0498149 0.00682738 0.00525811 0.00413534
0.022794 0.00517185 0.00691388 0.674083 0.269841 0.021196
0.0048135 0.983122 0.00880309 0.00154207 0.000967538 0.000752227
0.00618668 0.00717113 0.00683922 0.586329 0.148169 0.245306
0.000114948 0.00126325 0.994565 0.000140051 0.00021265 0.00370457
0.00457502 0.00071621 0.00221427 0.00897716 0.000121093 0.983396
0.00689165 0.00751063 0.00308244 0.519777 0.388775 0.0739626
0.00935304 0.00557178 0.00679381 0.24549 0.0596151 0.673176
0.000740465 0.00504966 0.99049 0.00115887 0.00147282 0.00108772
0.991766 0.00280749 0.00190485 0.00228819 0.000177076 0.00105651
0.00190982 0.0502367 0.94036 0.00237293 0.00310485 0.00201555
0.00913695 0.00216705 0.0026997 0.797078 0.107377 0.0815412
0.000951378 0.828487 0.162141 0.00204532 0.0038421 0.00253296
0.0078831 0.00576446 0.00360845 0.831691 0.0484041 0.102649
0.0087921 0.00251006 0.00158929 0.837955 0.131229 0.0179246
0.00158196 0.965164 0.0297867 0.00103004 0.0014282 0.00100961
0.0136967 0.0192457 0.00607902 0.535118 0.379752 0.0461089
0.00533251 0.00649884 0.00666762 0.720523 0.0661608 0.194817
0.000113932 0.000601229 0.997888 0.000188567 0.000291978 0.000916551
0.00281568 0.307326 0.677244 0.00363221 0.00626777 0.00271451
0.00458771 0.00230013 0.00457513 0.14954 0.0177577 0.821239
0.000342364 0.00351848 0.993903 0.000836703 0.000887067 0.000512174
0.0129978 0.00534072 0.00401319 0.669652 0.127227 0.180769
0.0791478 0.0195584 0.00809712 0.662652 0.145568 0.0849766
0.717472 0.107221 0.146273 0.0164821 0.00797259 0.00457961
0.0442867 0.0442525 0.0180205 0.60953 0.107259 0.176651
0.00510535 0.0368162 0.948424 0.00308923 0.00263573 0.00392954
0.00663842 0.00334789 0.00529859 0.18705 0.00986469 0.7878
0.0177126 0.0088783 0.00743935 0.52875 0.105625 0.331595
0.00671015 0.00493154 0.0042808 0.559882 0.290464 0.133732
0.0197745 0.0185383 0.00609591 0.71404 0.153275 0.0882769
0.294111 0.598495 0.0651687 0.0129744 0.00441491 0.0248355
0.00219534 0.966932 0.0268421 0.00120141 0.00135936 0.00146947
0.00103396 0.02421 0.968802 0.00174129 0.00268705 0.0015259
0.00473139 0.00694249 0.00644839 0.353493 0.0593805 0.569004
7.03928e-05 0.000204411 8.4188e-05 0.0210465 0.978221 0.000374008
0.00245607 0.77508 0.215113 0.00215857 0.00370689 0.00148554
0.000475725 0.985144 0.0126581 0.000479176 0.00069324 0.000549373
0.929937 0.0506467 0.00835952 0.00877313 0.00117149 0.00111254
0.00212527 0.00253953 0.0122605 0.0191727 0.00537227 0.95853
0.00839441 0.947879 0.0372293 0.00233765 0.00199376 0.00216568
0.0267276 0.00973623 0.0147631 0.0483718 0.00816553 0.892236
0.00827166 0.00880637 0.00501867 0.70281 0.0369116 0.238182
0.00509314 0.00268056 0.0034127 0.206183 0.106267 0.676364
0.000459963 0.99135 0.0069423 0.000402324 0.000536019 0.000309049
0.00145322 0.000696266 0.0016144 0.211495 0.00597639 0.778765
0.0292526 0.0612734 0.00865133 0.782507 0.0703472 0.0479687
0.0157519 0.00786615 0.00651632 0.711642 0.150101 0.108123
0.00963834 0.973754 0.0121914 0.00237791 0.0011233 0.0009149
0.00666685 0.0232312 0.00996891 0.555903 0.260249 0.143982
0.278781 0.600022 0.101723 0.00963704 0.00521078 0.00462552
0.0206295 0.0115029 0.00784174 0.545905 0.32052 0.093601
0.00407119 0.0111656 0.00464174 0.613624 0.255669 0.110829
0.000429562 0.00178568 0.995111 0.000755825 0.00116908 0.000749359
0.00492613 0.0029795 0.00492972 0.10056 0.0113903 0.875215
0.0049779 0.00222002 0.00114804 0.507592 0.460878 0.0231844
0.0149153 0.0069231 0.0109735 0.351709 0.0290619 0.586417
0.00940277 0.0271423 0.00908484 0.612244 0.170546 0.17158
0.00212908 0.812824 0.175401 0.00307709 0.00452443 0.00204453
0.00118207 0.885917 0.1084 0.00129157 0.00230772 0.00090191
0.00562891 0.840454 0.141714 0.00270534 0.00317991 0.00631803
0.0670933 0.869825 0.0472378 0.00873396 0.0043323 0.0027779
0.680895 0.146108 0.143106 0.0140983 0.00695169 0.00884027
0.00638218 0.00969764 0.00300139 0.790066 0.152917 0.0379355
0.989134 0.00212696 0.00163911 0.00628023 0.000241155 0.000578726
0.00301336 0.193495 0.788062 0.00390571 0.00617687 0.0053478
0.00842892 0.449529 0.518204 0.00671929 0.0121281 0.00498999
0.266672 0.143435 0.540601 0.0234985 0.021292 0.00450111
0.000117393 0.00016385 0.000694706 0.00623075 0.000449525 0.992344
0.0105594 0.00575233 0.00233927 0.905893 0.0605103 0.0149454
0.00126908 0.0530524 0.936886 0.0020582 0.00357933 0.00315503
0.000724681 0.00575538 0.00117054 0.24587 0.729646 0.0168331
0.00636491 0.978475 0.0102984 0.00221868 0.00178102 0.000861518
0.0196177 0.0204778 0.948501 0.00397394 0.00577267 0.00165719
0.00178377 0.00707514 0.979591 0.00349697 0.00184359 0.00621007
0.00749907 0.912127 0.0700351 0.0035695 0.00387321 0.0028965
0.975247 0.00856041 0.00737855 0.00609627 0.00140263 0.00131543
0.00246755 0.0016586 0.00157398 0.45059 0.407954 0.135756
0.0105079 0.0026735 0.00287971 0.778608 0.0801581 0.125172
0.257626 0.102231 0.0371529 0.403994 0.043086 0.15591
0.000300829 0.00973058 0.987364 0.000890793 0.00110106 0.000612387
0.000608828 0.000716051 0.00471218 0.0269728 0.00321721 0.963773
0.0178687 0.00785022 0.0120494 0.07786 0.0169339 0.867438
0.00348088 0.00794783 0.00173628 0.328684 0.645906 0.012245
0.832277 0.126526 0.0241038 0.0108816 0.00258004 0.00363164
0.665176 0.178893 0.130835 0.0126872 0.00978475 0.00262438
0.0290656 0.00853899 0.00612944 0.640303 0.294376 0.0215867
0.00576295 0.978433 0.0120267 0.00184261 0.00109107 0.000843343
0.000276269 0.000224355 0.00114274 0.0192488 0.000849193 0.978259
0.00139259 0.940631 0.0528814 0.0013595 0.00217087 0.00156505
0.0012048 0.0038851 0.000960648 0.338436 0.646289 0.00922422
0.0248252 0.832253 0.121818 0.00918646 0.00729698 0.00462035
0.000674708 0.996103 0.0022247 0.000417435 0.000361422 0.000219134
0.00301506 0.0301651 0.955954 0.00394351 0.00421533 0.00270673
0.00199954 0.899809 0.0937559 0.00147264 0.0018258 0.00113718
0.00134507 0.787705 0.202805 0.00179498 0.00346541 0.00288473
0.0431056 0.00798609 0.0037618 0.735746 0.167491 0.0419099
0.0371025 0.0819454 0.0218618 0.586458 0.233598 0.0390349
0.00721162 0.00312892 0.00174924 0.633268 0.304562 0.0500801
0.182895 0.483673 0.278116 0.0333822 0.0106619 0.0112717
0.000685931 0.00119167 0.996065 0.000659921 0.000596466 0.000801081
0.00294144 0.713199 0.275076 0.0025396 0.00463165 0.00161242
9.37747e-05 0.000803232 0.998196 0.000198536 0.000298493 0.000410087
0.0049381 0.00387309 0.00584773 0.414216 0.0368963 0.534229
0.00504096 0.00475492 0.0015341 0.302259 0.663168 0.0232429
0.000208272 0.000479542 0.998103 0.000298804 0.000374148 0.000535791
0.00352249 0.00453823 0.00136776 0.269429 0.712793 0.00834964
0.0107686 0.0271348 0.00604665 0.502467 0.422363 0.0312203
0.000914378 0.895493 0.0970868 0.00113487 0.00224046 0.00313009
0.0211724 0.0218399 0.00747339 0.690214 0.200761 0.0585395
0.00912203 0.0102792 0.00481118 0.513697 0.409907 0.0521836
0.00054046 0.958625 0.0373642 0.000726932 0.00134752 0.00139628
0.000980031 0.955265 0.0401715 0.000878263 0.0013894 0.00131551
0.00180543 0.000755864 0.000693804 0.883546 0.087509 0.0256903
0.00238898 0.0798099 0.908129 0.00304395 0.0046674 0.00196039
0.0107085 0.00860885 0.00504381 0.715899 0.0645686 0.195171
0.111105 0.175876 0.677359 0.0211703 0.00700078 0.00748868
0.000822563 0.898466 0.094036 0.000963631 0.00179058 0.00392081
0.0250085 0.0196157 0.0087058 0.643272 0.242498 0.0608997
0.964002 0.0130271 0.0100833 0.00817628 0.00326588 0.00144521
0.000320807 0.000378092 0.0010804 0.00938019 0.00231139 0.986529
4.54047e-05 6.22742e-05 0.000631147 0.0019531 0.000253857 0.997054
0.00396137 0.476071 0.492351 0.00644099 0.00667583 0.0144999
0.00234587 0.00321811 0.00260689 0.364281 0.518863 0.108686
0.00066257 0.000629099 0.0014415 0.0578126 0.0053724 0.934082
0.00160787 0.987889 0.00841882 0.000802456 0.000689322 0.000592444
0.00378538 0.00543726 0.00248572 0.627504 0.268372 0.0924151
0.00118956 0.00898244 0.984673 0.00163649 0.00215672 0.001362
0.0311211 0.0143315 0.00645812 0.787253 0.0857196 0.0751163
0.0355778 0.0146457 0.00618844 0.775084 0.0924525 0.0760513
2.47251e-05 4.59756e-05 0.999628 3.98415e-05 5.73772e-05 0.000204614
0.000286674 0.00184035 0.000445218 0.0638277 0.930685 0.00291542
0.0182755 0.00703279 0.00386656 0.627391 0.177585 0.165849
0.000904133 0.000821697 0.00249248 0.0238068 0.00354925 0.968426
0.762408 0.0557347 0.0771262 0.0174622 0.00243042 0.0848383
0.00063739 0.990494 0.0071369 0.000620076 0.000698736 0.000412475
0.00466562 0.141526 0.840003 0.00497439 0.0058429 0.00298848
0.000148953 0.993737 0.00536479 0.000198311 0.000328387 0.000222108
0.002215 0.970645 0.0234578 0.00115136 0.00137782 0.00115304
0.0216921 0.49672 0.458667 0.00635696 0.00850101 0.00806292
0.0010581 0.000596516 0.997036 0.00042153 0.000480897 0.000407196
0.0358337 0.017777 0.00847706 0.710565 0.168459 0.0588882
0.00184527 0.000902047 0.00186561 0.241224 0.00870404 0.745459
0.000990916 0.80858 0.18259 0.00213131 0.00387829 0.00182912
0.000169224 0.000298976 0.00159182 0.00641013 0.00109202 0.990438
0.182013 0.0263379 0.777124 0.00739132 0.00353184 0.00360191
0.00598462 0.00183193 0.00259637 0.386095 0.00980327 0.593689
0.00851952 0.0109439 0.00531758 0.533248 0.381461 0.0605103
7.48442e-05 0.000117135 0.00124507 0.00316624 0.000306248 0.99509
0.00060812 0.00418651 0.992703 0.000688934 0.000888066 0.000925305
0.026656 0.00475396 0.00256122 0.83127 0.0981485 0.0366104
0.0604896 0.0430071 0.0113653 0.734604 0.0884575 0.0620769
0.0575553 0.363302 0.533534 0.00900958 0.00628283 0.0303161
0.00547865 0.00328483 0.00131771 0.897307 0.0845836 0.00802842
0.00156891 0.689986 0.297714 0.00277697 0.00575316 0.00220067
0.0141052 0.00210941 0.00179639 0.875816 0.0798444 0.0263291
0.781357 0.0489041 0.116267 0.0118993 0.00304618 0.0385265
0.00407408 0.00904812 0.980867 0.00221365 0.00172813 0.00206883
0.00129597 0.992083 0.00462685 0.000774555 0.000832457 0.00038668
0.000282857 0.990633 0.00797729 0.00032679 0.000510608 0.00026993
0.000952681 0.790594 0.199684 0.00217163 0.00395479 0.00264376
0.000255115 0.00642547 0.990042 0.000625509 0.00118661 0.001465
0.000941159 0.00166519 0.000612849 0.104302 0.887998 0.00448045
0.00873912 0.00320126 0.00133106 0.753346 0.219169 0.0142137
0.0218752 0.00947804 0.00664031 0.708545 0.061657 0.191805
0.0052031 0.00204611 0.00118642 0.506468 0.464885 0.0202113
0.000199761 0.995736 0.0030632 0.000314863 0.000411011 0.000275012
3.41089e-05 4.92469e-05 0.000464965 0.0026646 0.000197896 0.996589
0.0234189 0.00908757 0.0148546 0.436581 0.0693249 0.446733
0.0128405 0.0134888 0.00631637 0.702394 0.178258 0.086702
0.900936 0.0713543 0.0122293 0.00966781 0.00118368 0.00462912
0.00737585 0.880046 0.101064 0.00314164 0.0030015 0.00537043
0.802686 0.170409 0.0136047 0.0086387 0.00122108 0.00344145
0.000990896 0.00106422 0.000768858 0.498868 0.48397 0.0143381
0.004521 0.00658948 0.0138878 0.176554 0.102159 0.696289
0.00167672 0.4807 0.503772 0.00242061 0.0049751 0.00645547
0.000109494 0.000848258 0.998019 0.000220443 0.000328096 0.000474347
0.000317186 0.997662 0.00139855 0.000242924 0.000241661 0.000137954
0.00273949 0.539993 0.442214 0.00365692 0.00660557 0.00479094
0.00596576 0.00175341 0.00154525 0.83906 0.0232342 0.128441
0.00526719 0.00266912 0.00440139 0.167513 0.0365802 0.78357
0.0254541 0.0160017 0.00670186 0.724349 0.0990702 0.128423
0.0136847 0.0173325 0.00539924 0.660784 0.272465 0.0303347
0.0135593 0.00708622 0.00316956 0.809692 0.129709 0.0367841
0.0696684 0.0328943 0.0165733 0.605077 0.120549 0.155238
4.02713e-05 6.62251e-05 0.000555302 0.00326457 0.000393532 0.99568
0.748167 0.195219 0.0358765 0.0132001 0.00365375 0.00388323
0.0159821 0.739854 0.223261 0.00828936 0.00936549 0.00324768
0.00399117 0.00451304 0.00199298 0.398054 0.56193 0.0295184
0.0085438 0.00198764 0.00138016 0.888667 0.0297077 0.0697139
0.937116 0.0301974 0.0209371 0.00812646 0.00202895 0.00159361
0.00569117 0.00364918 0.00208119 0.797322 0.0486495 0.142607
0.0958321 0.613289 0.261815 0.00996722 0.0157687 0.00332851
0.0111966 0.00353263 0.00188385 0.578074 0.371145 0.0341686
0.000207778 0.00015756 0.000725111 0.00511453 0.000671387 0.993124
0.922167 0.0532178 0.0126859 0.00823924 0.00176782 0.00192217
0.00158157 0.482913 0.501654 0.00275251 0.00538892 0.00570959
0.00464434 0.00179308 0.000968212 0.748103 0.222212 0.0222796
0.00171388 0.00505221 0.0016853 0.195356 0.790995 0.00519697
0.000993236 0.982828 0.0140603 0.000741746 0.00078494 0.000591372
0.00776664 0.0118785 0.00447449 0.770353 0.140761 0.0647662
0.835624 0.0921989 0.0582174 0.00783884 0.00341634 0.00270416
0.010224 0.00535316 0.00492307 0.658936 0.107314 0.213249
0.0362938 0.704576 0.230995 0.00711075 0.00478577 0.0162391
0.00730963 0.968061 0.0198706 0.0020087 0.0013646 0.00138549
0.0030978 0.00593517 0.00262267 0.535488 0.398879 0.0539767
0.025963 0.268367 0.679503 0.00887694 0.00779782 0.00949264
0.000404588 0.00117582 0.000432383 0.194484 0.79824 0.0052632
0.718822 0.0377789 0.216411 0.0150384 0.00714598 0.00480395
0.961016 0.0168102 0.00884576 0.00692375 0.000571853 0.00583259
0.00240283 0.000491432 0.995945 0.000407547 0.000617243 0.000136273
0.00095263 0.0098768 0.982593 0.00282809 0.00221205 0.00153746
0.0508428 0.014308 0.00975555 0.658288 0.230928 0.0358785
0.00145759 0.977698 0.0182502 0.000930578 0.000995861 0.000667794
0.388535 0.513401 0.078655 0.0101324 0.00474963 0.00452674
0.599545 0.309781 0.0626677 0.0157846 0.00435495 0.00786692
0.000754249 0.992373 0.00530973 0.000573427 0.000612116 0.000377722
0.00837033 0.00646621 0.00410796 0.689487 0.119236 0.172333
0.0460801 0.0166782 0.0094186 0.556934 0.241383 0.129506
0.000137272 0.998758 0.000771253 0.000130595 0.000125483 7.71855e-05
0.0175024 0.0292665 0.0108324 0.575579 0.139144 0.227676
0.0165054 0.0107999 0.00999105 0.487863 0.0415456 0.433295
0.00343873 0.00519024 0.00224347 0.60884 0.274783 0.105505
0.00420837 0.0411264 0.938899 0.0053048 0.00720443 0.00325735
0.0492625 0.0501406 0.0162509 0.684638 0.0981419 0.101566
0.000350934 0.994088 0.004548 0.000333141 0.000385202 0.000294769
0.524106 0.392614 0.0592234 0.0139363 0.00507013 0.00505106
0.000440376 0.000260126 0.997734 0.000259657 0.000258882 0.00104652
0.0493718 0.0251429 0.0193175 0.271218 0.0317355 0.603214
0.0066632 0.00488478 0.00350645 0.680637 0.216835 0.0874736
0.0239918 0.0208542 0.00797974 0.52062 0.388627 0.0379275
0.0010057 0.00119787 0.00425307 0.0101348 0.00311199 0.980297
0.000783584 0.955174 0.0394995 0.00129506 0.00161167 0.0016359
0.00942344 0.0167727 0.00774324 0.514655 0.309307 0.142099
0.0319869 0.0150787 0.940717 0.00453248 0.00566436 0.00202095
0.00672312 0.00221969 0.00462182 0.143242 0.0133681 0.829826
0.00501943 0.00344638 0.0020815 0.763866 0.0835144 0.142073
6.80802e-05 0.997798 0.00160118 0.00013221 0.000273103 0.000127694
0.000126088 0.000151199 0.00129441 0.00431096 0.000333218 0.993784
0.00163006 0.000818623 0.00138172 0.0744981 0.0041403 0.917531
0.996655 0.000809164 0.00106055 0.00123391 0.000118889 0.00012263
0.0219048 0.0116287 0.00955468 0.572691 0.109917 0.274303
0.00584108 0.00661329 0.00933769 0.19794 0.0195097 0.760759
0.0174386 0.0263053 0.00713132 0.59554 0.322705 0.03088
0.00960732 0.00847068 0.00396623 0.75687 0.1405 0.0805853
0.00679535 0.960135 0.028032 0.00209159 0.00167419 0.00127219
0.00398878 0.552263 0.428499 0.00520688 0.00696387 0.00307851
0.00709808 0.00400098 0.00722886 0.036336 0.00807926 0.937257
0.0184016 0.00409589 0.00456982 0.580796 0.0492431 0.342894
0.00356596 0.773776 0.210361 0.0033207 0.00552583 0.00344997
0.00210094 0.00147118 0.000808995 0.518849 0.429658 0.0471125
0.00534552 0.00846901 0.00192547 0.618841 0.344844 0.0205746
0.00804975 0.00271848 0.00964633 0.395068 0.577593 0.00692463
0.000247509 0.98579 0.0124811 0.000402951 0.000667843 0.000410297
0.495552 0.406049 0.0769437 0.0104778 0.00473729 0.00624046
0.000524079 0.996847 0.00185906 0.000341487 0.000241609 0.000187064
0.0496892 0.016775 0.00832718 0.676917 0.192779 0.0555126
0.0036456 0.0167706 0.0143028 0.146155 0.0202287 0.798897
0.61974 0.0562063 0.0220675 0.204738 0.00525447 0.0919934
0.0158824 0.0110501 0.00553394 0.742319 0.15125 0.0739653
