0.889735 0.0510123 0.015774 0.0339797 0.00737637 0.00212306
0.00247701 0.00208586 0.00389976 0.489357 0.365866 0.136315
0.0145414 0.00149042 0.978706 0.000964025 0.000822284 0.00347566
3.58464e-05 8.61568e-05 0.000533079 0.00164226 0.000687972 0.997015
0.00246175 0.00213593 0.987804 0.00285401 0.00215477 0.0025897
0.000575856 0.000534726 0.00177056 0.0600508 0.0118118 0.925256
0.00107682 0.00179598 0.00313062 0.12555 0.851601 0.0168452
0.139697 0.769562 0.0239995 0.0585398 0.00554845 0.00265268
0.0841369 0.134308 0.681104 0.0116572 0.0655518 0.0232414
0.000343719 0.000393861 0.00043792 0.0976229 0.89881 0.00239198
0.00110505 0.000502359 0.000751581 0.903219 0.0757318 0.0186904
0.000367526 0.000522292 0.000722552 0.0548865 0.934514 0.00898732
5.87313e-07 1.66747e-06 5.04762e-05 7.87836e-05 7.96616e-06 0.999861
0.00358854 0.00218708 0.00197427 0.809723 0.164186 0.0183409
0.197816 0.135142 0.621966 0.0192429 0.0149908 0.0108414
0.00459975 0.983244 0.00827015 0.00163786 0.00161537 0.00063313
1.08085e-05 4.20892e-05 0.000851334 0.00146349 0.000318103 0.997314
0.00169246 0.00062324 0.000427989 0.885481 0.0910004 0.0207744
0.00659149 0.00277197 0.984877 0.00124203 0.00263946 0.00187854
0.000752494 0.000116387 0.000222324 0.985206 0.00829105 0.0054116
0.069084 0.841592 0.0281264 0.0436369 0.0130761 0.00448462
0.979497 0.00326332 0.00622999 0.00902032 0.0012795 0.000710053
0.00138615 0.0013119 0.00356754 0.377969 0.041047 0.574718
0.888985 0.0330455 0.0048669 0.0657521 0.00687453 0.000475766
3.78763e-06 4.93059e-06 0.00248107 7.84749e-06 1.00739e-06 0.997501
0.000233683 0.000419287 0.000389282 0.102392 0.89137 0.00519534
0.00157073 0.000733427 0.000432438 0.97785 0.0148795 0.00453393
0.00177196 0.00111134 0.000918262 0.27861 0.701607 0.0159817
0.00761765 0.00270686 0.979777 0.00203411 0.0070482 0.000815931
0.943276 0.0200579 0.0101361 0.0213515 0.00387491 0.00130378
0.00393326 0.00693307 0.983636 0.00182646 0.00257803 0.00109318
0.023397 0.892966 0.0681672 0.00732303 0.00561768 0.00252949
1.09399e-05 2.53065e-05 0.000475697 0.00158676 0.000185515 0.997716
0.00272228 0.945604 0.0384205 0.00147114 0.0107308 0.00105084
0.972079 0.00426674 0.00281685 0.0177243 0.00297797 0.000135015
3.45339e-05 0.000131613 0.00183768 0.00252013 0.000989343 0.994487
1.60193e-05 3.89816e-05 0.000878349 0.00233491 0.000531591 0.9962
0.993336 0.00079559 0.00037883 0.00525724 0.000189623 4.31485e-05
0.0080235 0.943137 0.0143874 0.00620221 0.026799 0.00145128
0.00386053 0.00106964 0.000975921 0.82226 0.16757 0.00426356
0.00164748 0.00604115 0.987062 0.00148453 0.00242837 0.00133624
6.25604e-07 1.91975e-06 7.11677e-05 5.24011e-05 4.51023e-06 0.999869
0.00353585 0.00243584 0.00366182 0.562729 0.288612 0.139025
0.000211328 0.000276815 0.000279587 0.210868 0.784418 0.0039469
0.985743 0.000666021 0.0081849 0.00457234 0.000732002 0.000102248
1.46045e-05 5.7233e-05 0.00160596 0.00240731 0.000827932 0.995087
0.000378256 0.000425988 0.0019183 0.104569 0.858776 0.0339319
0.0116988 0.0679401 0.894038 0.0104499 0.0072283 0.00864488
0.276163 0.638703 0.046866 0.0158996 0.0192877 0.0030816
0.000143554 0.000297748 0.00168098 0.0241248 0.00593101 0.967822
0.00168042 0.00149377 0.00239156 0.714459 0.21971 0.0602659
0.00232929 0.00741253 0.983158 0.00170324 0.00216757 0.00322926
0.624951 0.200881 0.087135 0.042475 0.0201558 0.0244022
0.850402 0.00122757 0.115064 0.029703 0.00306611 0.000536434
0.0670662 0.899798 0.0144891 0.0119216 0.00532628 0.00139877
0.0137741 0.930395 0.0308576 0.00706329 0.0164858 0.00142391
0.828793 0.0211582 0.0554355 0.0643403 0.00467629 0.0255968
0.996963 0.00023003 0.000349143 0.00228874 0.000150285 1.83739e-05
0.00987332 0.00075947 0.985066 0.00187592 0.00154917 0.000875842
0.985208 0.00251538 0.00365281 0.00736586 0.000786756 0.000470805
0.00133175 0.00168344 0.00318855 0.394949 0.249965 0.348882
0.209428 0.50458 0.153599 0.0459249 0.0765287 0.00993884
0.0151567 0.00515108 0.972209 0.00248323 0.00226156 0.00273842
0.859852 0.0124825 0.0841317 0.0185964 0.00470564 0.0202316
0.000867558 0.000714888 0.00139247 0.651445 0.312798 0.0327821
0.00394553 0.0174674 0.964246 0.0047311 0.00551177 0.00409861
0.00041797 0.000975912 0.0030642 0.136448 0.0797919 0.779302
0.984244 0.00206517 0.00111559 0.0116563 0.000844115 7.49629e-05
0.000237315 0.000709148 0.0029292 0.0527723 0.0275438 0.915808
0.0079037 0.0593924 0.901825 0.00704529 0.0192475 0.00458599
0.575207 0.0451643 0.249332 0.0537793 0.0630377 0.0134795
0.0207483 0.948226 0.0177312 0.00863024 0.00335191 0.00131227
0.0220494 0.943963 0.0220502 0.00443709 0.0054443 0.00205597
0.00162165 0.00145709 0.00115878 0.803323 0.181327 0.011112
0.000760828 0.000813603 0.000907376 0.0949812 0.900451 0.00208563
0.000379412 0.000357867 0.00125955 0.145098 0.843621 0.00928406
0.00781671 0.965161 0.019568 0.00326782 0.00316423 0.00102229
4.64839e-06 1.34228e-05 0.00036278 0.000426236 7.00971e-05 0.999123
0.970699 0.00235156 0.00260554 0.0206507 0.0035944 9.89257e-05
0.000247702 0.000592969 0.00603985 0.0150169 0.00374584 0.974357
1.53585e-05 2.33278e-05 0.000275116 0.0030736 0.000274776 0.996338
9.8001e-05 0.000444708 0.013838 0.0151323 0.0127355 0.957752
0.00252535 0.00273178 0.00286661 0.600934 0.307315 0.0836276
0.258621 0.577683 0.0838528 0.0447746 0.026025 0.0090436
0.000120173 0.000291216 0.00224915 0.0265017 0.00687768 0.96396
0.0388629 0.672124 0.256293 0.0108547 0.0103843 0.0114815
0.00434676 0.972976 0.0166623 0.00227823 0.00290745 0.000828882
0.00617257 0.978924 0.0101514 0.00158034 0.00250162 0.000670396
0.00129659 0.00227071 0.00359504 0.368901 0.540087 0.0838491
0.0224377 0.919684 0.038024 0.00839917 0.00675322 0.00470249
5.06467e-05 4.55107e-05 0.000653808 0.00133989 8.08776e-05 0.997829
0.000259755 0.000151965 0.00059241 0.732584 0.0171893 0.249222
0.00482788 0.969795 0.0172217 0.00261352 0.00376438 0.00177712
0.000744994 0.000875743 0.00312278 0.312947 0.600771 0.081538
0.0559371 0.821022 0.0996668 0.0116378 0.00641387 0.00532233
0.000750841 0.000311314 0.000404526 0.910683 0.0741041 0.0137461
0.00156496 0.00116919 0.000968105 0.286641 0.704571 0.00508613
0.00153574 0.00128783 0.00185568 0.643065 0.104381 0.247874
0.977079 0.00597463 0.00165592 0.0136537 0.00145719 0.000179247
8.75509e-05 0.000222305 0.000641413 0.0612263 0.0147838 0.923039
0.00135884 0.00207057 0.00216544 0.244317 0.702627 0.0474615
7.41032e-05 0.000149582 0.00244814 0.00426957 0.00113419 0.991924
0.000478088 0.00095783 0.00239786 0.33486 0.151218 0.510089
0.00134039 0.000720898 0.00174284 0.603221 0.360797 0.0321782
0.00138292 0.000890472 0.000605371 0.956244 0.0167817 0.0240956
0.000182315 0.000197551 0.998505 0.000294863 0.000373948 0.00044666
0.00124496 0.00063164 0.00029639 0.938722 0.0561265 0.00297897
0.00710307 0.00224461 0.00107066 0.948854 0.0360995 0.00462851
0.000145995 0.996312 0.00249943 0.000208966 0.000684008 0.000150114
0.0119089 0.833178 0.131159 0.00672835 0.00974315 0.00728248
0.00102167 0.00455773 0.989825 0.00121565 0.00219386 0.00118573
0.046159 0.897704 0.0360284 0.0128482 0.00443052 0.00283007
0.0495841 0.890467 0.0452326 0.00659238 0.00389828 0.00422527
0.000118497 9.10154e-05 0.000261787 0.0138996 0.984734 0.000894974
0.00180721 0.00223892 0.0293776 0.129885 0.0825469 0.754144
0.000970697 0.000681901 0.00129812 0.867069 0.0281526 0.101828
0.98859 0.00277347 0.00368508 0.0036197 0.000345732 0.000985925
0.265302 0.392131 0.192953 0.120427 0.0202466 0.00894077
0.0569705 0.702363 0.216289 0.00780378 0.00837517 0.00819866
0.982734 0.000151444 0.0155635 0.00124302 0.000158267 0.00014936
0.00337252 0.00260241 0.00236665 0.721731 0.239288 0.0306391
0.00174998 0.00201937 0.00322294 0.341227 0.625082 0.0266989
0.00180113 0.987938 0.00679547 0.00115685 0.00177982 0.000528446
0.000272802 0.000481403 0.000520713 0.0176647 0.979565 0.00149509
0.00787992 0.00495083 0.976891 0.00266185 0.00182415 0.00579187
0.000734086 0.000747788 0.00175091 0.130414 0.0199376 0.846416
0.957964 0.00627309 0.00166481 0.0316682 0.00232111 0.000108809
2.97062e-05 7.64369e-05 0.00140102 0.00541704 0.0010482 0.992028
6.6323e-06 2.24325e-05 0.000535791 0.000315545 9.7771e-05 0.999022
0.10821 0.723833 0.090201 0.0519595 0.00617073 0.019626
0.0132358 0.943345 0.0252226 0.00707261 0.00963686 0.00148685
0.446273 0.00216949 0.532973 0.00938388 0.00805182 0.00114925
0.0621919 0.893593 0.0222137 0.0162903 0.00411322 0.00159803
0.000735877 0.000495829 0.00137261 0.41437 0.0229044 0.560121
0.000758456 0.00100821 0.00657445 0.21748 0.0840118 0.690167
1.92936e-05 4.49258e-05 0.000653295 0.00116136 0.000212862 0.997908
0.000216325 7.21796e-05 0.000108303 0.961433 0.0366514 0.00151933
2.01362e-05 7.65718e-05 0.00156472 0.00231016 0.000811926 0.995216
0.00504206 0.00203176 0.00281264 0.771062 0.181557 0.0374943
0.00219031 0.00223455 0.00146296 0.496838 0.483644 0.0136304
0.0431245 0.928924 0.0133549 0.00873455 0.00456963 0.00129278
0.001299 0.00137777 0.0014219 0.622722 0.308021 0.0651585
0.00256604 0.00195944 0.00701621 0.207168 0.300955 0.480335
0.0029664 0.0152232 0.965869 0.00325424 0.0101589 0.00252835
0.000417905 0.000288492 0.000865268 0.372586 0.00937112 0.616471
0.00746475 0.00171277 0.985325 0.00131184 0.00142294 0.0027628
0.013366 0.689693 0.267674 0.00451032 0.0113431 0.0134139
0.014863 0.969293 0.00564452 0.0076186 0.00206774 0.000513488
0.764739 0.143015 0.0239302 0.0511414 0.00887858 0.00829531
0.00198495 0.00322226 0.00435396 0.40482 0.0692031 0.516416
0.00985398 0.108084 0.863478 0.00442328 0.00603093 0.00812972
0.00867774 0.00130544 0.986514 0.00065516 0.0010277 0.00182012
6.58951e-05 0.000186089 0.000707882 0.0265485 0.00739712 0.965095
0.00105487 0.000587667 0.000882886 0.841531 0.0810749 0.0748691
0.000463193 0.000741846 0.996943 0.000311822 0.000927432 0.000612818
0.0038837 0.0017932 0.00255827 0.597726 0.295354 0.098685
0.00159727 0.0017889 0.00188388 0.22491 0.720897 0.0489233
0.00176893 0.00163678 0.00265742 0.494473 0.107821 0.391644
0.00558642 0.975727 0.0106636 0.00288732 0.00414395 0.000992146
0.000696473 0.000948891 0.00566366 0.036274 0.0157652 0.940652
0.0746007 0.121108 0.717793 0.0209563 0.0566816 0.00886028
0.975568 0.0121734 0.00550767 0.00566582 0.000631944 0.00045301
0.00888204 0.00296265 0.0023016 0.826942 0.0393462 0.119566
2.62013e-05 0.000114936 0.00305104 0.00330265 0.00191363 0.991592
0.161265 0.582291 0.144604 0.0834774 0.0157704 0.0125926
0.0770425 0.51719 0.35901 0.0182515 0.0110992 0.0174075
3.92997e-05 0.000102994 0.000903572 0.002986 0.000636706 0.995331
0.0865378 0.256073 0.48522 0.0933851 0.0315488 0.0472357
0.981307 0.00288135 0.00333774 0.0112907 0.000726518 0.00045695
0.00491728 0.00129672 0.00118141 0.870653 0.117652 0.00429994
0.0192033 0.77108 0.174865 0.0106321 0.0126655 0.0115544
0.107179 0.631315 0.204737 0.0341321 0.013458 0.00917839
7.88758e-05 0.000298097 0.00174635 0.0078308 0.00434395 0.985702
8.40573e-05 0.000123105 0.000206745 0.012984 0.98537 0.00123208
0.915991 0.00148066 0.00509344 0.0722931 0.00501697 0.000124998
1.19373e-05 7.22586e-05 0.00160466 0.000610692 9.47807e-05 0.997606
0.455987 0.40087 0.101699 0.017103 0.020584 0.00375684
0.00050866 0.000663132 0.000677508 0.170121 0.819779 0.00824996
0.00126555 0.000918843 0.00066328 0.619579 0.369995 0.00757808
0.00122034 0.00129867 0.00265117 0.103098 0.0106028 0.881129
0.00202378 0.00228304 0.00188429 0.463062 0.469783 0.0609644
0.000691772 0.000638466 0.00105524 0.493148 0.473289 0.0311773
0.000707127 0.00052384 0.00109469 0.0937406 0.900346 0.00358765
0.00139432 0.00178641 0.00301679 0.743682 0.107097 0.143023
0.0168377 0.937097 0.0310382 0.00638283 0.00528358 0.00336034
0.955273 0.0011389 0.0293443 0.0114086 0.0015819 0.00125303
0.00177605 0.00122588 0.0013066 0.86466 0.0692071 0.0618241
0.0190648 0.399276 0.527467 0.023021 0.0194754 0.011696
0.617022 0.0181253 0.317645 0.0245706 0.01701 0.00562739
0.0698916 0.0107017 0.899225 0.00605418 0.00436523 0.00976209
0.0013967 0.00211481 0.993227 0.000509117 0.000833859 0.00191859
0.000749325 0.000257475 0.000163523 0.96015 0.0363522 0.00232711
0.00038031 0.000698759 0.000961892 0.270441 0.632969 0.0945492
0.958566 0.016552 0.0036116 0.0175188 0.00340514 0.000346527
0.757148 0.0613878 0.107643 0.0195557 0.00344926 0.0508165
0.000372403 0.000136351 0.000361705 0.958731 0.0147391 0.025659
3.70404e-06 7.23092e-06 0.000103893 0.0034628 7.68415e-05 0.996346
0.00203126 0.00178722 0.00299648 0.662132 0.0509706 0.280083
0.000561801 0.00105926 0.00162372 0.481705 0.270662 0.244388
0.00153561 0.00116426 0.00177973 0.604816 0.353978 0.036726
0.0172081 0.925252 0.0437765 0.00604834 0.00594189 0.00177286
0.000376903 0.00100724 0.00649252 0.112907 0.690888 0.188328
0.0025639 0.00370493 0.982406 0.00265534 0.00471795 0.00395183
0.0397958 0.00151396 0.950503 0.00296778 0.00462376 0.000595348
0.000613881 0.000720031 0.00272134 0.426218 0.529944 0.039783
0.000538723 0.00137046 0.0109745 0.227497 0.050488 0.709132
0.239691 0.680391 0.0164846 0.0574563 0.00420882 0.001768
0.00155163 0.000876324 0.00229303 0.208743 0.777437 0.00909901
0.000116465 0.000124197 0.996341 0.0015177 0.000544866 0.0013557
0.0745578 0.875075 0.0271839 0.016674 0.00455776 0.00195176
0.0317905 0.814924 0.0568616 0.025312 0.0636823 0.00742973
0.026568 0.79081 0.0761542 0.0214174 0.0775064 0.00754384
0.00117794 0.000415338 0.000415783 0.928655 0.0480656 0.02127
0.00186246 0.0030625 0.00507512 0.284256 0.44307 0.262674
0.000335966 0.000264108 0.000639081 0.305644 0.0208182 0.672299
0.00383597 0.982377 0.00892116 0.0023019 0.0020072 0.000556233
0.982358 0.00508211 0.00200928 0.00846095 0.00189278 0.00019657
0.156728 0.594865 0.185469 0.0400186 0.0134175 0.00950248
0.0323566 0.572687 0.361073 0.00812795 0.00646301 0.019292
0.000280321 0.000629371 0.00494882 0.0225601 0.00698137 0.9646
0.965811 0.0199948 0.0047415 0.00814424 0.000972311 0.000335924
0.000229384 0.000522779 0.00114217 0.0338698 0.95532 0.00891545
0.000475652 0.000422674 0.000672381 0.73735 0.0707824 0.190297
0.000407725 0.00064693 0.000838996 0.0384879 0.951753 0.00786567
0.00341111 0.00106155 0.989118 0.000441862 0.000664428 0.00530345
0.00240401 0.00122672 0.000975877 0.615001 0.355279 0.0251133
0.99777 0.000115982 0.000230666 0.00180692 5.20199e-05 2.47831e-05
0.585636 0.316816 0.00981475 0.0840842 0.00253989 0.00110897
0.00300892 0.0014242 0.00291076 0.230289 0.744711 0.0176562
0.00777829 0.00136994 0.984689 0.00075569 0.000981426 0.0044258
0.00235302 0.975803 0.0161162 0.00205746 0.00250015 0.00117002
0.000271549 0.000505457 0.000959414 0.0652229 0.928518 0.0045226
0.995385 0.000333489 0.000581168 0.00348672 0.00018752 2.66248e-05
0.00138352 3.76272e-05 0.996078 6.72543e-05 6.47886e-05 0.00236849
0.663081 0.0216047 0.23606 0.0428452 0.0253831 0.0110258
8.85462e-05 0.000156392 0.000380548 0.0533119 0.940164 0.00589829
4.71005e-05 0.000111016 0.00272256 0.0269375 0.00417376 0.966008
0.00401697 0.000623054 0.00297507 0.576827 0.4061 0.00945803
0.940719 0.0193119 0.00893658 0.0264198 0.00341379 0.00119913
0.000122839 0.000151214 0.00334701 0.0872646 0.00682916 0.902285
0.924194 0.0497516 0.00926942 0.0129022 0.00305135 0.000831733
0.000241733 0.000129251 0.997864 0.00073039 0.000347625 0.000687336
0.00329 0.000465213 0.99156 0.00177145 0.00120693 0.00170677
0.994614 0.000449958 0.000484492 0.00415573 0.000271246 2.45127e-05
0.0074187 0.975557 0.0105509 0.00301924 0.0025603 0.000893774
0.000662962 0.00081051 0.000526848 0.778986 0.20032 0.0186936
0.00244423 0.000989634 0.000738609 0.898106 0.0786691 0.0190524
0.000393659 0.00091918 0.00128787 0.0453635 0.939913 0.0121225
0.0147478 0.951427 0.0206867 0.00579232 0.00624495 0.00110118
0.079273 0.652066 0.0814474 0.0676304 0.0968332 0.0227499
0.00049663 0.000538319 0.000939945 0.474335 0.489192 0.0344981
0.000308721 0.000737931 0.00246132 0.0902384 0.866711 0.039543
0.00151402 0.00283168 0.004003 0.171252 0.804149 0.0162496
0.000152269 0.000203984 0.00184249 0.0214916 0.00366714 0.972643
0.0709023 0.37777 0.512209 0.0148835 0.0140637 0.0101717
5.49949e-05 0.000162608 0.00155617 0.0176948 0.00337683 0.977155
0.00199726 0.00213664 0.00220584 0.221539 0.755793 0.0163288
1.77966e-05 4.43821e-05 0.000902812 0.00149689 0.000285808 0.997252
0.467457 0.379979 0.111505 0.0173318 0.0201681 0.00355882
0.0140605 0.00212708 0.974716 0.00249299 0.00390027 0.00270324
0.00253674 0.558441 0.233421 0.00590451 0.18996 0.00973638
0.973855 0.00533894 0.00451986 0.0147351 0.00116605 0.000385307
0.0646743 0.796315 0.0653034 0.0458444 0.0162083 0.0116544
0.0417304 0.853768 0.0516528 0.0160701 0.0331039 0.00367526
0.000134089 0.000445808 0.00583603 0.0143209 0.00845335 0.97081
0.000857768 0.00101998 0.0026969 0.549038 0.104271 0.342116
0.665343 0.000372618 0.323221 0.00872481 0.00193268 0.000405426
4.77117e-05 0.000267396 0.00440038 0.00876029 0.00655991 0.979964
0.00444763 0.982745 0.00801469 0.00203179 0.00205671 0.000704394
1.5094e-05 6.01364e-05 0.000540957 0.00230526 0.000202765 0.996876
0.0157939 0.921375 0.0498113 0.00658558 0.00391006 0.0025239
0.979507 0.00756943 0.00425365 0.00662073 0.00182544 0.000223686
0.973476 0.00332327 0.0092396 0.00888003 0.00446949 0.00061208
0.00123343 0.000530855 0.000926734 0.904535 0.0379834 0.0547902
0.107693 0.774701 0.0586866 0.0173052 0.0379826 0.00363131
0.0918013 0.670119 0.17442 0.0132165 0.0456963 0.0047469
5.92093e-07 2.21153e-06 7.68598e-05 9.18584e-05 5.96079e-06 0.999823
0.00344197 0.000691166 0.00202686 0.601479 0.383536 0.00882534
0.88753 0.0804919 0.0130482 0.0136342 0.00417487 0.00112051
0.0299103 0.901392 0.0511828 0.00646268 0.00886233 0.00219002
0.00085609 0.000706909 0.000744836 0.60103 0.372238 0.0244247
0.000635189 0.00192387 0.0102886 0.097043 0.043576 0.846533
0.990596 0.00210163 0.00045445 0.00644091 0.000371197 3.61077e-05
0.000899703 0.000528192 0.00106531 0.818662 0.0264698 0.152375
0.00177587 0.00143151 0.00386739 0.597835 0.154748 0.240342
0.000207378 0.000207433 0.000365395 0.0505856 0.946629 0.00200496
0.989107 0.00133689 0.0031694 0.00483771 0.00105891 0.000490276
0.000469331 0.000418283 0.00242338 0.0331872 0.00717303 0.956329
0.000467983 0.000904247 0.00300248 0.228444 0.14312 0.624062
0.000366851 0.000635082 0.000480865 0.153094 0.837623 0.0078003
0.0716042 0.871709 0.0159438 0.0351515 0.00411604 0.00147598
0.00372098 0.000933705 0.00254879 0.895586 0.0833962 0.0138138
5.19553e-06 1.83108e-05 0.000968513 0.00123159 0.000133609 0.997643
0.00156351 0.00278711 0.00603276 0.259613 0.581655 0.148349
0.00185976 0.983059 0.00657386 0.0016546 0.00630478 0.000547905
0.0102428 0.0022957 0.00190298 0.870659 0.112003 0.00289607
0.06098 0.618198 0.268467 0.0240684 0.0117356 0.0165514
0.383497 0.52844 0.0189244 0.062034 0.00463914 0.00246599
0.989986 0.00327822 0.00069182 0.00558423 0.000398683 6.06599e-05
0.00125973 0.00177223 0.00294136 0.203949 0.771218 0.0188603
0.978428 0.00288577 0.00544792 0.0119694 0.00092505 0.000343926
0.962603 0.00898199 0.00402561 0.0212776 0.00228624 0.000825947
0.00318593 0.00428996 0.00489048 0.577611 0.293628 0.116395
0.000344115 0.000672281 0.000804828 0.0688004 0.907153 0.0222251
0.986718 0.000829346 0.00571846 0.00386207 0.00278877 8.36649e-05
0.00641131 0.00187107 0.17022 0.00157236 0.00032246 0.819603
0.00074589 0.000738719 0.000672267 0.760674 0.146438 0.0907306
0.00808627 0.00104045 0.0148127 0.566026 0.339802 0.0702326
0.00328982 0.00172944 0.00254554 0.556193 0.174078 0.262164
0.0175971 0.953158 0.0169509 0.00782168 0.00309734 0.00137461
0.000159024 0.00032927 0.000836961 0.0730936 0.0136092 0.911972
0.817487 0.0422472 0.0867038 0.0219158 0.0295096 0.00213708
0.000695032 0.000672831 0.00308324 0.0811128 0.884613 0.0298235
0.0175817 0.952169 0.0164532 0.00636286 0.00655528 0.000878281
0.000146876 0.000294151 0.00262235 0.0190913 0.00421976 0.973626
0.00213702 9.85536e-05 0.995033 0.0001232 0.000118078 0.00248992
0.0560045 0.889211 0.0189873 0.0294825 0.00444281 0.001872
0.946658 0.00262782 0.00680778 0.0348223 0.00893109 0.000152386
9.86376e-06 3.467e-05 0.000937281 0.000590292 0.000192022 0.998236
0.974363 0.0020424 0.0178068 0.00385048 0.00167161 0.000265838
0.0010336 0.000795461 0.000725308 0.89764 0.044005 0.0558006
0.000784564 0.000356058 0.000318629 0.838455 0.156559 0.00352688
0.176908 0.747012 0.0166937 0.053452 0.00427921 0.00165497
0.888345 0.0694066 0.0239743 0.0112694 0.00350053 0.00350378
0.983307 0.00629445 0.00217452 0.0065299 0.00153971 0.000154793
0.00111405 0.00331351 0.988255 0.00122822 0.00456352 0.00152546
0.00968361 0.873293 0.1007 0.00368439 0.0084505 0.00418853
0.0524285 0.808611 0.0823906 0.0373941 0.00520739 0.0139682
0.99489 0.000498808 0.00155738 0.00214556 0.000869682 3.83764e-05
0.00148386 0.00105195 0.000436816 0.870214 0.118117 0.00869603
0.00026806 0.000494918 0.000671712 0.0346478 0.959064 0.00485386
4.89576e-05 0.000162336 0.00232053 0.00871222 0.00538183 0.983374
0.00175202 0.00262091 0.00431538 0.519973 0.144601 0.326737
0.000965586 0.000918491 0.00087941 0.61911 0.370038 0.00808832
2.63405e-07 3.17574e-07 1.60752e-05 6.86313e-05 3.20214e-07 0.999914
0.00123518 0.00214845 0.00440002 0.235395 0.121415 0.635406
0.000907062 0.991011 0.00583632 0.000632991 0.00125578 0.000357143
0.00764574 0.973375 0.013032 0.00180897 0.00334684 0.000791777
5.20332e-06 3.50283e-05 0.00113649 0.000306507 9.88123e-05 0.998418
0.997153 0.000231233 0.000289647 0.00217515 0.000134704 1.6473e-05
0.00243506 0.00256804 0.00181369 0.538045 0.384911 0.0702273
0.0329997 0.92942 0.0261493 0.00528573 0.00466861 0.00147693
0.14141 0.804124 0.00797092 0.0427455 0.00278569 0.000963358
0.00914089 0.967974 0.0156025 0.00368383 0.00263093 0.000967951
0.00109609 0.000502547 0.001082 0.882269 0.0903488 0.0247012
1.08258e-07 3.13368e-07 2.05936e-05 8.11755e-06 4.95422e-07 0.99997
0.000253336 0.000247343 0.998158 0.00037085 0.000430118 0.000540532
1.09086e-05 4.2487e-05 0.00126379 0.00186481 0.000715291 0.996103
0.00386616 0.00228175 0.00409516 0.628505 0.0868894 0.274363
0.000217084 0.000260953 0.000251268 0.0603528 0.936107 0.00281045
0.00375316 0.0364523 0.9494 0.00255711 0.0058252 0.00201178
0.000111785 0.000227437 0.00197912 0.0238703 0.00277367 0.971038
0.00711055 0.0535742 0.919917 0.00487324 0.00746002 0.00706504
0.00261292 0.00250893 0.00339463 0.468337 0.137373 0.385773
0.0088009 0.000630829 0.000284175 0.96766 0.0222412 0.000383204
2.0016e-05 9.92941e-05 0.0012849 0.00108265 0.000558479 0.996955
0.000673216 0.000768631 0.993579 0.00151375 0.000985953 0.00247933
0.974475 0.0082134 0.00285833 0.0129754 0.00048573 0.000992544
0.0131175 0.969293 0.0100079 0.00396263 0.00269459 0.000924151
0.00143549 0.985514 0.00872405 0.00119056 0.00247583 0.000659627
9.20736e-06 2.29344e-05 0.000354172 0.000660668 0.000155166 0.998798
0.00347844 0.00474825 0.956217 0.00225203 0.000628624 0.0326752
0.0104334 0.547096 0.417565 0.00714856 0.00885622 0.00890104
0.00362112 0.00168747 0.00628792 0.435737 0.497272 0.0553945
0.976468 0.00458922 0.00358809 0.0139359 0.00102815 0.000390379
0.0170224 0.533604 0.419808 0.00577945 0.0154948 0.00829054
6.7482e-05 5.74863e-05 0.999027 0.000190175 0.00016967 0.000488208
0.000708755 0.000708193 0.00470879 0.390158 0.11515 0.488566
0.993797 0.00026912 0.000627166 0.00508292 0.000197408 2.68169e-05
0.089252 0.00999474 0.848886 0.0198151 0.0158135 0.0162388
4.00991e-06 1.03512e-05 0.000212254 0.000654076 6.47718e-05 0.999054
2.91035e-06 1.54608e-06 0.00015744 1.71732e-05 2.74339e-07 0.999821
0.000121427 0.000369323 0.000860171 0.0748694 0.860467 0.0633126
0.00670378 0.000993619 0.00406195 0.351865 0.60897 0.027405
1.66612e-05 7.47423e-05 0.00121443 0.000665581 0.000269057 0.997759
0.968008 0.00122628 0.0195967 0.00928343 0.00157593 0.00030993
0.985316 0.00311178 0.00406588 0.00600191 0.00117907 0.000325542
0.749748 0.135667 0.0539342 0.0402978 0.01048 0.00987277
0.00618205 0.254429 0.592136 0.00705674 0.127849 0.0123469
0.986528 0.000729372 0.00553282 0.00621968 0.000923565 6.66953e-05
0.0343147 0.920982 0.0269485 0.00932322 0.00557859 0.00285332
2.13531e-05 8.50149e-05 0.00149881 0.00373611 0.00128736 0.993371
0.871207 0.0126681 0.0157705 0.0761397 0.0236551 0.000559997
0.00119256 0.00161868 0.0041798 0.28628 0.611257 0.0954722
0.0411859 0.0668514 0.823354 0.0151824 0.0472624 0.00616353
0.00205163 0.00244568 0.00307268 0.462848 0.404075 0.125506
0.105145 0.784787 0.0514945 0.0472727 0.00424459 0.0070558
0.0479142 0.667793 0.126188 0.0449244 0.0935623 0.0196184
0.00534667 0.000878365 0.00516675 0.412231 0.559579 0.0167985
0.0166175 0.962463 0.0115709 0.00505885 0.00323164 0.00105813
0.000677535 0.000463076 0.000440862 0.797971 0.179603 0.0208446
0.000923666 0.000176421 0.974411 5.15619e-05 7.43362e-05 0.0243625
1.58069e-08 3.4863e-08 6.00973e-06 8.41135e-07 8.72825e-09 0.999993
0.0007768 0.0012996 0.0042248 0.286383 0.19142 0.515896
0.00207583 0.00162129 0.00176074 0.66041 0.246833 0.0872997
0.00118256 0.0013457 0.992608 0.00123839 0.00117332 0.00245229
0.997116 0.000121925 0.000236014 0.00242998 7.02567e-05 2.60961e-05
0.00176122 0.0103431 0.983166 0.00128224 0.00251767 0.000930314
0.000329658 0.000366658 0.00204071 0.451591 0.0750635 0.470608
0.0339466 0.380083 0.52341 0.0143464 0.0427333 0.00548058
0.00087984 0.000947122 0.00308793 0.689083 0.0867631 0.219239
0.00135385 0.00061209 0.000757585 0.798263 0.176853 0.0221604
0.000976434 0.985012 0.0107264 0.000860639 0.0017895 0.000635285
0.000639249 0.000575304 0.000669271 0.139643 0.853687 0.0047862
0.00140324 0.00111853 0.0032239 0.668201 0.162287 0.163766
0.0024859 0.00029738 0.989539 0.000238029 0.000230431 0.00720964
0.0034438 0.00520473 0.980963 0.00324071 0.00378473 0.00336286
0.0012435 0.00106186 0.00151896 0.730121 0.171627 0.094428
7.98787e-05 9.32887e-05 0.999093 0.000196244 0.000288305 0.000249676
0.00135251 0.000803126 0.000733409 0.772022 0.104044 0.121045
0.00572614 0.00413822 0.00944993 0.491046 0.189632 0.300007
0.77223 0.114071 0.0656562 0.0271949 0.0169781 0.00386963
0.00194781 0.00154839 0.000792111 0.529639 0.458138 0.0079343
0.0114579 0.00591755 0.97258 0.00301805 0.00535095 0.00167591
1.91242e-05 3.50353e-05 0.000417831 0.00234672 0.000196461 0.996985
0.00136002 0.00159115 0.00431357 0.236618 0.0759594 0.680158
0.000882464 0.00131781 0.00514005 0.211085 0.134324 0.64725
0.00281497 0.00285751 0.0110389 0.195091 0.489123 0.299074
0.975649 0.00995371 0.00245124 0.0107897 0.000580716 0.000575195
0.0465682 0.789637 0.130374 0.0127957 0.0119985 0.00862659
0.00174065 0.00525406 0.98744 0.00155479 0.00256577 0.00144521
0.00592716 0.00635041 0.00374921 0.710207 0.194866 0.0789004
0.00015505 0.000128221 0.000280485 0.0162791 0.98226 0.000896717
0.810336 0.0596644 0.0765712 0.0209571 0.0306483 0.00182346
0.0497754 0.570277 0.34123 0.0133489 0.00906158 0.0163073
0.931185 0.0408621 0.0112817 0.0125456 0.00323333 0.000892187
0.000685047 0.00140045 0.00565221 0.0617476 0.02566 0.904855
0.0611947 0.730762 0.176309 0.00869083 0.0119963 0.011047
0.000137996 0.00016299 0.00116577 0.00269072 0.000256983 0.995586
0.00126938 0.00183261 0.00430786 0.553611 0.0772208 0.361758
0.000127936 0.000293414 0.00129587 0.0174288 0.00924204 0.971612
0.00483548 0.974302 0.0132798 0.00258828 0.0042686 0.000726125
0.000253778 0.000229202 0.00231823 0.0603874 0.00436491 0.932447
0.0030747 0.00110406 0.000559099 0.946689 0.0401028 0.00847013
0.00201132 0.000943563 0.000770268 0.835302 0.137143 0.0238296
0.0867674 0.843766 0.030027 0.0315419 0.00476386 0.00313434
0.00181084 0.00374654 0.0043128 0.194369 0.745436 0.0503247
0.987673 0.00500638 0.00360618 0.00274052 0.000359311 0.000614744
0.00113176 0.00159215 0.00511313 0.239016 0.580911 0.172236
0.000942904 0.0011669 0.000911357 0.575191 0.382326 0.0394621
0.000943756 0.000348561 0.99673 0.000523529 0.000755512 0.000698914
1.46001e-05 4.24063e-05 0.00116125 0.00136057 0.000345229 0.997076
0.00131586 0.00170941 0.00203662 0.49175 0.307178 0.196009
0.000450388 0.000544228 0.00446453 0.142742 0.00951322 0.842286
0.00174172 0.00116084 0.000945784 0.810002 0.159744 0.026405
0.00760719 0.0811745 0.891502 0.00601836 0.00995916 0.00373889
0.745704 0.0798413 0.118763 0.0251132 0.028696 0.00188316
0.0387624 0.799609 0.139713 0.00878905 0.00611967 0.00700668
0.270212 0.632375 0.0367468 0.0480867 0.00854065 0.00403899
0.991935 0.00098285 0.00292526 0.00337086 0.000550224 0.000235677
0.000957552 0.000836341 0.00145062 0.437424 0.542505 0.0168271
0.834943 0.00715927 0.0499512 0.0654565 0.00427755 0.0382119
0.0130056 0.062822 0.903497 0.00498624 0.00928257 0.00640701
0.0046125 0.00213282 0.978136 0.00398337 0.00723211 0.00390335
0.986359 0.00082779 0.00150346 0.010647 0.000616371 4.64989e-05
9.45711e-06 2.89065e-05 0.000687536 0.00112872 0.000151764 0.997994
0.00139495 0.000329423 0.000361902 0.918785 0.0770595 0.00206938
0.0722407 0.0238164 0.883561 0.00449225 0.00586957 0.0100199
0.000181269 0.00045491 0.000825851 0.073548 0.917605 0.00738491
0.0542446 0.903436 0.0181927 0.0130892 0.00901012 0.00202738
0.985837 0.000814159 0.00676989 0.00564115 0.000802729 0.000134758
0.000338688 0.00045301 0.980405 0.00112401 0.000449138 0.0172299
0.0312244 0.916769 0.0324718 0.00757769 0.00881533 0.00314214
0.973743 0.00288457 0.00224952 0.0192847 0.00157394 0.00026438
0.000246589 0.000568639 0.00125707 0.165398 0.100034 0.732496
0.000736918 0.000552007 0.00188214 0.579271 0.128564 0.288994
0.00347401 0.000448816 0.000461502 0.963858 0.0301394 0.00161817
0.00255212 0.0444642 0.939462 0.00465745 0.00427105 0.00459263
0.000920744 0.00110492 0.00490827 0.238185 0.0192637 0.735617
0.00044953 0.000315282 0.00146142 0.0555681 0.00415727 0.938048
0.000214172 0.0002653 0.00022507 0.038103 0.960446 0.000746549
0.847888 0.111102 0.0170838 0.0168864 0.00330253 0.00373777
0.992336 0.000551703 0.00138416 0.00456041 0.00113748 3.00748e-05
0.00356831 0.000887482 0.00450441 0.844414 0.106159 0.0404667
0.0394435 0.907672 0.0297587 0.0152553 0.00516217 0.00270871
1.56144e-05 4.11369e-05 0.000708309 0.00247549 0.000181685 0.996578
0.0209018 0.693201 0.259247 0.00636382 0.0138899 0.00639704
0.000141675 0.000194163 0.000208651 0.158179 0.835017 0.00626017
0.0281063 0.849205 0.078232 0.0176617 0.0175603 0.0092344
0.00832244 0.975328 0.0110206 0.0025598 0.00188721 0.000881502
0.0164364 0.00781584 0.948018 0.0134743 0.00489854 0.00935714
0.0623825 0.872821 0.048901 0.00727044 0.00402065 0.00460418
0.0496999 0.316308 0.582793 0.00691429 0.0309834 0.0133012
0.000719688 0.00090619 0.00849102 0.234245 0.173456 0.582183
0.00180725 0.00170405 0.00152331 0.392406 0.598859 0.00370009
0.00141274 0.0017036 0.00176977 0.517812 0.330309 0.146993
0.0874581 0.383787 0.361494 0.106056 0.0426828 0.018522
0.00846996 0.000535108 0.986786 0.0016908 0.00168932 0.000828503
0.867445 0.0325128 0.0535882 0.015968 0.0293514 0.00113454
0.0031385 0.000323201 0.994515 0.000265671 0.000338389 0.00141885
0.000996236 0.000848181 0.000789003 0.848443 0.089792 0.0591316
0.00143028 0.0025773 0.00268055 0.424792 0.360202 0.208318
0.0149057 0.000429883 0.979594 0.000636867 0.000393218 0.00404021
0.000805284 0.00104013 0.000787561 0.188125 0.798923 0.0103192
0.000707469 0.000491509 0.000618678 0.168666 0.827007 0.00250953
0.0016481 0.898157 0.089094 0.00159542 0.00647431 0.00303108
0.00165237 0.00136855 0.00170709 0.519639 0.459174 0.0164592
0.000449418 0.000349472 0.000487539 0.214246 0.779986 0.00448161
0.00180176 0.876409 0.102101 0.00208391 0.0141725 0.0034319
0.0864593 0.54815 0.315852 0.018754 0.0093149 0.0214693
0.00037611 0.000275849 0.00146916 0.741482 0.175117 0.0812804
0.0034951 0.00456779 0.982189 0.00166807 0.00618238 0.00189714
0.00149239 0.00134462 0.00340458 0.50864 0.0611484 0.42397
0.33603 0.423224 0.0986165 0.122319 0.0123765 0.00743405
0.00914588 0.150971 0.689677 0.0120145 0.0865523 0.0516392
0.00158545 0.00175765 0.00249033 0.445169 0.506049 0.0429491
0.986427 0.00171253 0.00237 0.00786374 0.00122079 0.000406089
0.000120065 0.000251944 0.00128797 0.0108517 0.0104297 0.977059
3.32032e-06 1.16838e-05 0.000360353 0.000131607 3.23393e-05 0.999461
0.0361659 0.655877 0.258328 0.0199456 0.0120041 0.0176798
0.000665481 0.00157919 0.00691772 0.1598 0.399461 0.431576
8.88679e-05 0.000165811 0.00188831 0.00346144 0.00123693 0.993159
0.0974439 0.823281 0.0447987 0.0219163 0.00868606 0.00387411
0.000194744 0.000478078 0.0016206 0.0325571 0.942329 0.0228202
0.0186882 0.00174629 0.970371 0.00210363 0.00229114 0.00480017
0.000994617 0.000257263 0.000308719 0.81878 0.176075 0.00358493
0.0028201 0.00450919 0.00432186 0.479915 0.30502 0.203413
0.000147486 9.6624e-06 0.999466 2.06178e-05 3.28576e-05 0.000323615
8.16141e-05 0.000108551 0.000230034 0.0175235 0.981153 0.000903348
0.00214351 0.00584466 0.00736568 0.215754 0.158364 0.610528
8.10413e-06 2.30586e-05 0.000559677 0.00114705 0.000162298 0.9981
0.131539 0.011844 0.129383 0.0149382 0.00115572 0.711141
0.0364821 0.851225 0.0603347 0.0152454 0.0312433 0.00546954
0.0299359 0.105823 0.830203 0.0144214 0.012408 0.00720811
0.00365712 0.975944 0.014647 0.00222281 0.00268224 0.000846794
0.00206676 0.977667 0.0144553 0.00160269 0.0031334 0.00107483
0.00731628 0.114237 0.863076 0.00345603 0.00730503 0.00460985
0.00711205 0.000542816 0.989505 0.000728962 0.00096846 0.00114269
0.00394671 0.00148009 0.000978091 0.827239 0.156342 0.0100136
0.00120622 0.0012107 0.00164597 0.654913 0.0756506 0.265374
0.0202228 0.067397 0.866494 0.00982618 0.0298576 0.00620267
9.89667e-05 0.000227769 0.00211628 0.0281708 0.00607761 0.963309
0.967667 0.000605056 0.0284735 0.00260138 0.000451912 0.000200932
2.3806e-05 3.65085e-05 0.000363278 0.00571196 0.000311736 0.993553
0.000290654 0.000370312 0.000316384 0.400672 0.590406 0.00794499
2.16078e-06 1.02092e-05 0.000833346 0.000102764 1.55507e-05 0.999036
0.000110902 0.000113415 0.999262 0.000122769 0.000218562 0.000172547
0.00133533 0.000944902 0.00215361 0.735264 0.149845 0.110458
0.000665809 0.000309076 0.000190504 0.980326 0.0155133 0.00299583
0.0732088 0.29446 0.589536 0.0101377 0.00989347 0.0227642
0.00138026 0.000625113 0.000751736 0.618136 0.375094 0.00401303
0.0971823 0.0472992 0.803896 0.011994 0.0367915 0.00283763
0.000224998 0.000183781 0.000250838 0.822852 0.110415 0.0660736
0.758852 0.11754 0.06786 0.027714 0.00615086 0.0218833
0.0293863 0.00630347 0.95453 0.00353247 0.00251611 0.00373205
0.0219078 0.930244 0.0254738 0.00835266 0.0119941 0.00202785
0.0186647 0.917313 0.0485373 0.00552079 0.00801113 0.0019527
0.0224117 0.365981 0.545124 0.0112484 0.0493485 0.00588581
0.000213612 0.00038167 0.998098 0.000172927 0.00047524 0.000659042
0.000352425 0.000401247 0.000716663 0.066438 0.92413 0.00796143
0.000424342 0.000525607 0.000449306 0.628717 0.322843 0.0470413
0.00107281 0.00112521 0.00433744 0.352317 0.0424342 0.598713
0.000472089 0.000818198 0.00149176 0.348872 0.447744 0.200601
0.000723973 0.984181 0.00715045 0.00113228 0.00622731 0.000585345
9.51393e-07 2.80371e-06 0.00014841 0.000137921 1.10613e-05 0.999699
0.000662613 0.00312322 0.0160978 0.0516556 0.0383593 0.890101
0.000384711 0.000670105 0.00136962 0.43073 0.498885 0.0679603
0.937443 0.0116155 0.00275307 0.0456888 0.00223123 0.000268272
0.0536262 0.77918 0.141498 0.0109921 0.00694455 0.00775955
0.981371 0.00358445 0.000881495 0.0135142 0.000570303 7.81746e-05
0.000138798 0.000166938 0.000571094 0.0526005 0.942644 0.00387862
0.000168979 0.000482995 0.00390659 0.0199102 0.0117887 0.963743
0.00227872 0.910992 0.0783705 0.00160189 0.00369832 0.0030589
0.00125632 0.000177255 0.99694 0.000188065 0.000318649 0.00111925
0.00548269 0.981558 0.00841562 0.00207506 0.00176964 0.000699413
0.0430609 0.140123 0.768595 0.00759433 0.018448 0.0221791
0.000264224 0.000144771 0.000292052 0.620949 0.0108777 0.367472
8.16758e-05 0.000296671 0.00431284 0.0121115 0.0064384 0.976759
0.00230903 0.00125036 0.00139323 0.586138 0.357533 0.0513764
0.00274733 0.00346807 0.0077462 0.471882 0.280421 0.233736
0.00172093 0.00188154 0.000986647 0.652878 0.320702 0.0218314
0.00286237 0.00124721 0.00252484 0.828781 0.116297 0.048287
2.31747e-05 6.11942e-05 0.00084133 0.00219539 0.000486757 0.996392
0.958034 0.00901501 0.00167165 0.0287675 0.00232636 0.000185022
0.329422 0.282739 0.260871 0.0573218 0.0612468 0.00839924
0.00031634 0.000706728 0.00226204 0.0685315 0.894943 0.0332405
0.00046708 0.000257898 0.00031936 0.809447 0.0218491 0.16766
0.972888 0.0103841 0.00289034 0.0116671 0.00171491 0.000455314
0.00100618 0.000609145 0.00182216 0.442696 0.0256648 0.528202
0.990064 0.00106021 0.00214431 0.00405492 0.00261326 6.32303e-05
0.00127304 0.00149394 0.00309804 0.364226 0.255514 0.374394
6.20152e-05 8.16454e-05 0.00056159 0.00647725 0.000664428 0.992153
0.91653 0.0559612 0.0130796 0.00994403 0.00249483 0.00199072
0.0358062 0.262009 0.647802 0.00963678 0.0325982 0.0121476
0.000303251 0.000500402 0.000618494 0.527944 0.375519 0.095115
0.000440081 0.00109139 0.00161017 0.0479439 0.942152 0.00676253
0.0767584 0.594158 0.275139 0.0227808 0.0152987 0.0158656
0.00195657 0.00200134 0.00319233 0.516472 0.0924875 0.383891
0.976712 0.00247557 0.0102882 0.00755313 0.00247361 0.000497513
0.00171496 0.00264855 0.00224821 0.381124 0.509104 0.10316
0.0271389 0.874391 0.0732758 0.0132427 0.00444049 0.0075109
0.154223 0.748165 0.0533997 0.0281631 0.0113799 0.00466895
0.000889532 0.00153735 0.00425886 0.204914 0.60957 0.17883
0.013168 0.171561 0.791443 0.00624358 0.0098219 0.00776208
0.000101276 0.000159513 0.000236235 0.121696 0.867175 0.0106327
0.732821 0.0231208 0.195077 0.0282251 0.0140642 0.0066925
0.968095 0.000656796 0.00118449 0.0289339 0.0010849 4.44774e-05
0.960868 0.000631813 0.0331309 0.00354779 0.00169835 0.000123576
0.00096951 0.00652788 0.983988 0.00282659 0.00285845 0.00282969
0.00796299 0.00180185 0.00773117 0.79297 0.144011 0.0455224
0.00605625 0.969445 0.0191422 0.00207428 0.00207104 0.00121091
0.989749 0.00374901 0.00318075 0.00243054 0.000314157 0.000576617
0.902657 0.043388 0.00616334 0.041355 0.00559258 0.000843956
0.0199308 0.868856 0.0469071 0.0129795 0.0467823 0.00454481
0.0021755 0.00111956 0.00170579 0.61332 0.354445 0.0272338
0.000842004 0.00124352 0.00927087 0.0576814 0.0262955 0.904667
0.00559032 0.982208 0.00724219 0.0022344 0.00204104 0.000683988
0.00567078 0.00315791 0.00184469 0.837857 0.120734 0.0307358
0.000843749 0.000684856 0.000609797 0.856918 0.130465 0.0104788
0.00158248 0.00200325 0.00327708 0.363598 0.31544 0.314099
0.00184731 0.000971636 0.984783 0.00318905 0.0035643 0.0056447
0.00151895 0.00103133 0.000613034 0.818222 0.172243 0.00637252
0.0492065 0.891609 0.0340547 0.0177484 0.00475817 0.00262347
0.866458 0.0894097 0.0236525 0.0128238 0.00377907 0.00387724
0.00059667 7.45663e-05 0.998524 0.000166123 0.000292193 0.000346596
0.00171518 0.000625246 0.00032341 0.960569 0.0300638 0.0067035
0.000291193 0.000328114 0.000332921 0.599294 0.386583 0.0131703
0.000686184 0.000838115 0.001931 0.121258 0.86137 0.0139167
0.000203402 0.000311299 0.00132127 0.0601092 0.00875582 0.929299
0.00467256 0.965408 0.0215338 0.00346635 0.003064 0.00185523
0.000465443 0.00142784 0.00642505 0.0549119 0.867137 0.069633
0.99284 0.000375397 0.00377787 0.00265982 0.000228336 0.000118828
0.0018667 0.00123296 0.00211683 0.59853 0.0783328 0.317921
0.000587995 0.000394879 0.000262761 0.882695 0.10239 0.0136694
0.00819194 0.195208 0.047835 0.0119694 0.735223 0.00157192
2.36822e-05 9.33255e-05 0.00220032 0.000765783 0.000124176 0.996793
6.64141e-06 1.70335e-05 0.000345816 0.000517224 0.000157707 0.998956
0.996967 0.000175008 0.000259938 0.00246539 0.000120794 1.21537e-05
0.000307254 0.00030383 0.000305086 0.866612 0.119967 0.0125046
6.5062e-05 0.000158573 0.00139349 0.00596141 0.00105629 0.991365
0.000700046 0.00073579 0.0014138 0.193183 0.797876 0.00609123
0.00044129 0.00038599 0.000350281 0.63179 0.361531 0.00550088
0.137697 0.809554 0.0190086 0.0268694 0.00472288 0.00214792
0.00722101 0.0310206 0.944729 0.00640741 0.00745593 0.00316618
3.49828e-06 8.02251e-06 0.000325207 0.000111037 1.97688e-05 0.999532
0.000113154 0.000303795 0.00118612 0.0621661 0.0194221 0.916809
0.0361629 0.0424649 0.879975 0.00581493 0.0141163 0.0214656
0.000636633 0.000948587 0.00138758 0.391437 0.314777 0.290813
0.00112072 0.000936504 0.000746334 0.555747 0.423198 0.0182517
