0.999319 0.000117129 0.000176417 0.000248122 0.000125906 1.37985e-05
0.000387407 0.000149537 6.97043e-05 0.991394 0.00780342 0.000195728
0.00151893 0.00185693 0.994854 0.00010213 0.000340079 0.00132843
0.000141869 0.000244693 0.000518465 0.000637599 0.000439705 0.998018
0.000583045 0.00149328 0.99651 0.000659873 0.000531344 0.000222785
0.000659935 0.000149157 7.83321e-05 0.994194 0.000195594 0.00472282
3.59142e-05 8.61076e-05 0.000117613 0.000986032 0.998468 0.000306413
0.00224031 0.996587 0.000242513 0.00089979 1.77292e-05 1.29946e-05
0.0122945 0.208762 0.690587 0.000264025 0.0787987 0.0092934
9.63359e-06 2.14483e-05 2.14541e-05 0.000502252 0.999422 2.28068e-05
0.00409172 0.00199888 0.000736967 0.919181 0.0677149 0.00627598
5.68333e-07 1.06469e-06 1.67061e-06 4.86915e-06 0.999991 1.16551e-06
5.73209e-05 5.98756e-05 0.000146102 0.00147702 0.000387013 0.997873
0.00570173 0.00157853 0.00070049 0.896954 0.0941539 0.000911738
0.184519 0.0300978 0.77441 0.00274712 0.00560715 0.00261968
0.000135965 0.999389 0.000362888 3.51876e-05 5.03371e-05 2.66827e-05
8.14661e-05 8.72129e-05 0.000228272 0.0669466 0.000174699 0.932482
0.000372215 9.47465e-05 2.93536e-05 0.998806 0.000356699 0.000340982
0.000882121 0.00319167 0.993473 0.000268828 0.00170043 0.000483509
1.17703e-05 2.2504e-06 8.05506e-07 0.999974 1.90957e-06 9.13413e-06
0.000290355 0.999097 0.000430435 8.18129e-05 7.49972e-05 2.57038e-05
0.99925 0.000145784 0.000375358 0.000144456 4.91898e-05 3.47245e-05
0.00401624 0.00230725 0.00278794 0.813655 0.0124914 0.164742
0.964019 0.030139 0.0020214 0.00340717 0.000318156 9.56303e-05
0.000892507 6.42428e-05 0.0071211 7.08047e-05 1.91306e-05 0.991832
1.58979e-05 3.75544e-05 1.97133e-05 0.00567495 0.994167 8.48104e-05
0.000187145 5.91692e-05 1.03041e-05 0.99926 0.000475718 7.97907e-06
0.000606823 0.000343457 7.45948e-05 0.208183 0.790683 0.000109453
0.00720176 0.00427461 0.982286 0.000325704 0.00561199 0.000300144
0.999285 0.00019971 0.000136253 0.000332733 3.23365e-05 1.39983e-05
0.000516705 0.00401306 0.99391 0.000254421 0.000967677 0.000338201
0.00587434 0.972049 0.018922 0.00238155 0.000509698 0.000263099
0.000111207 0.000118359 0.000271891 0.0115115 0.000109568 0.987877
0.00078037 0.995144 0.00312664 0.000107522 0.000695178 0.000146167
0.990807 0.000211864 0.000471574 0.000120755 0.00838081 7.82485e-06
0.000145004 0.000780482 0.00222621 0.0021345 0.00409647 0.990617
0.00368895 0.00377969 0.00377276 0.556757 0.130514 0.301487
0.999393 0.000173002 2.38905e-05 0.000401276 5.43171e-07 7.91102e-06
2.98956e-05 0.999714 0.000166299 1.92414e-05 5.22961e-05 1.78986e-05
0.00294099 0.000752727 0.000665985 0.0337077 0.96147 0.000462197
0.000811836 0.00591772 0.99082 0.000459499 0.00152536 0.000465376
2.5424e-06 6.07124e-06 3.52537e-05 1.55789e-05 1.95333e-06 0.999939
0.00274461 0.00415823 0.0043017 0.021491 0.0692795 0.898025
5.32045e-05 8.62807e-05 5.87802e-05 0.00949808 0.990163 0.000140666
0.999718 2.85118e-05 0.000197075 4.04427e-05 9.79629e-06 6.46344e-06
0.000249219 0.000616963 0.00117477 0.00823869 0.768382 0.221338
1.90151e-06 1.64048e-06 3.54295e-06 1.863e-05 0.999973 1.59918e-06
0.00737123 0.153822 0.826723 0.00669514 0.00104608 0.00434172
0.0315196 0.96124 0.00440286 0.000383321 0.00220375 0.000250529
0.000339944 0.000345107 9.58538e-05 0.987932 0.000941251 0.0103457
0.00235224 0.000614738 0.000244527 0.714979 0.281212 0.000597437
0.0011405 0.0123476 0.983095 0.000259285 0.000840704 0.0023168
0.992674 0.00152556 0.00345226 0.000132388 0.00206306 0.000152331
0.993768 0.00371777 0.00074077 0.00167857 2.2165e-05 7.27055e-05
0.00435907 0.993328 0.000848721 0.00135624 7.43262e-05 3.38908e-05
0.00120752 0.997276 0.00034247 0.00109904 5.23918e-05 2.21575e-05
0.993776 0.000546017 0.000113474 0.00554455 1.52994e-05 4.8241e-06
0.999689 4.12188e-05 0.000122182 5.91686e-05 8.47718e-05 4.04404e-06
0.0479606 0.000260176 0.939671 0.000541608 0.0115125 5.41571e-05
0.999832 7.18926e-06 9.83844e-05 3.59949e-05 2.19983e-05 4.20764e-06
0.000979905 0.000486052 0.000979141 0.797694 0.187855 0.0120061
0.329538 0.551303 0.030982 0.00800838 0.0796494 0.000519136
0.000245869 0.000261589 0.99883 0.000129761 0.000192159 0.000340023
0.951223 0.00376811 0.0192293 0.000107934 0.000218899 0.0254532
0.00207327 0.00151882 0.00146517 0.116718 0.858636 0.0195889
0.00175548 0.070562 0.921678 0.00255163 0.00229652 0.00115639
0.000473823 0.000710754 0.00141087 0.0875522 0.798522 0.11133
0.999754 2.07719e-05 5.98796e-05 3.58401e-05 0.000127454 2.30174e-06
0.000362201 0.000690903 0.0013044 0.030581 0.0784535 0.888608
0.00691446 0.278328 0.676552 0.00133717 0.0358026 0.00106548
0.548677 0.0114689 0.177726 0.00450396 0.257226 0.000399107
0.00203565 0.995651 0.000213439 0.00207543 1.56787e-05 8.61877e-06
0.00276574 0.993635 0.00268261 0.00018154 0.000400975 0.000333735
0.0030796 0.0020265 0.000635995 0.389605 0.604386 0.000266265
2.23439e-06 3.62575e-06 3.36431e-06 3.92527e-05 0.999951 5.27648e-07
7.84584e-06 1.6763e-05 3.35543e-05 0.00235258 0.997545 4.41401e-05
0.00151542 0.99747 0.000440599 0.00051283 3.17935e-05 2.9474e-05
3.36406e-05 9.11212e-05 0.000241203 0.000293907 0.000276613 0.999064
0.962777 0.000168592 0.000630691 0.000106456 0.0363083 8.68592e-06
0.00065553 0.0010012 0.00417271 0.00572438 0.00561889 0.982827
0.00135553 0.00127932 0.00136103 0.451255 0.011169 0.53358
1.69029e-05 5.95218e-05 3.76471e-05 0.000685606 0.998895 0.000305253
0.00033996 0.00013376 7.28444e-05 0.861088 0.138318 4.8166e-05
0.307224 0.644761 0.0156955 0.0235534 0.00858455 0.000181813
0.000909902 0.0016136 0.00433679 0.0978532 0.816854 0.078433
0.0179965 0.299334 0.664682 0.000995401 0.00339358 0.0135983
0.000204918 0.999379 0.00028761 8.6129e-05 1.97436e-05 2.2157e-05
0.00010807 0.999461 0.000322171 1.84071e-05 6.88974e-05 2.13647e-05
4.0355e-05 4.94043e-05 4.66842e-05 0.00448126 0.995343 3.92628e-05
0.000619504 0.998865 0.000168194 0.000317337 1.22103e-05 1.77282e-05
0.000168858 7.19501e-05 0.000684167 5.2802e-05 4.48956e-05 0.998977
0.000203623 0.000156157 0.000172046 0.935431 0.000908914 0.0631287
0.000181011 0.996641 0.00266443 5.08596e-05 0.000138303 0.000324839
3.14932e-06 2.19646e-06 2.09419e-06 2.98304e-05 0.999962 9.06162e-07
0.265266 0.699934 0.0186044 0.0142674 0.000579007 0.00134858
0.00433456 0.00168256 0.0006249 0.923905 0.0652489 0.00420423
1.39393e-05 1.08382e-05 1.07801e-05 0.000135819 0.999826 2.8871e-06
0.00127656 0.001286 0.000699294 0.938022 0.0342348 0.0244814
0.997988 0.00082952 0.00030543 0.000663764 0.000194756 1.89279e-05
0.000156472 0.000841569 0.000470089 0.020287 0.190015 0.78823
0.00041866 0.000313993 0.000179256 0.138054 0.86089 0.000144635
0.000728502 0.000839444 0.000530521 0.0438324 0.000410805 0.953658
0.000287253 0.000240866 0.000212616 0.427812 0.565146 0.00630138
0.00229511 0.00115713 0.000586451 0.745672 0.246337 0.0039519
0.00160849 0.000908446 0.000194468 0.983645 0.0132892 0.000354042
4.32585e-05 6.43221e-05 0.999672 4.74008e-05 0.00010471 6.78076e-05
0.000618435 0.000293983 1.95201e-05 0.997709 0.00133296 2.58697e-05
0.0211447 0.00217025 0.000364517 0.958753 0.017437 0.00013041
3.62703e-06 0.999915 6.60281e-05 2.95143e-06 8.64424e-06 3.56275e-06
0.000674132 0.996868 0.00192607 0.000273644 0.000150456 0.000107801
0.000318166 0.00580819 0.992021 0.000328447 0.00120916 0.000315301
0.0226838 0.887941 0.0814584 0.00564758 0.00067407 0.00159513
0.000155062 0.999138 0.000597183 6.59809e-05 2.25136e-05 2.14553e-05
3.51172e-06 2.66422e-06 3.78397e-06 1.83378e-05 0.999967 4.54982e-06
0.0145423 0.00468724 0.0122284 0.409211 0.513543 0.0457884
0.000471231 0.000169275 5.23418e-05 0.998155 0.000648558 0.000503135
0.998727 0.000474873 0.000403139 0.000313469 1.10902e-05 7.02536e-05
0.0361332 0.120676 0.830885 0.00565237 0.00555682 0.00109615
0.0173378 0.946709 0.0333331 0.00117931 0.000739423 0.000701618
0.998958 3.19247e-05 0.000642518 0.000325096 1.56633e-06 4.06261e-05
0.00254491 0.000737627 0.000646323 0.94702 0.0474834 0.00156736
4.4031e-06 1.14577e-05 2.91336e-05 8.79799e-05 0.99984 2.73594e-05
2.18106e-05 0.999748 0.000166376 1.24303e-05 4.20906e-05 9.00644e-06
4.0128e-06 1.14063e-05 9.00524e-06 3.4708e-05 0.999932 9.16937e-06
0.000511755 0.000711993 0.99767 0.000168915 0.00036494 0.000572523
0.0024041 0.00180443 0.00119716 0.0742475 0.00833039 0.912016
0.998566 0.000716911 0.000253198 0.000311976 0.000147071 5.28808e-06
0.00182985 0.00200865 0.00416416 0.126096 0.103217 0.762684
2.00424e-05 5.77243e-05 0.000915994 6.7619e-05 8.22041e-05 0.998856
0.000485865 0.997527 0.0014897 0.000258756 3.74906e-05 0.000201106
0.00131945 0.997261 0.000359836 0.000563913 0.000490161 5.65864e-06
0.976995 5.38424e-05 0.0165597 4.64317e-05 0.0063257 1.8964e-05
0.0268804 0.953376 0.00649513 0.0129589 0.000151072 0.000138107
0.000284652 0.000421163 0.000583259 0.00335085 0.00195344 0.993407
0.000109233 0.000113121 0.000149932 0.0133704 0.985059 0.00119783
0.000234175 0.000128217 0.000483079 0.00029422 0.000310462 0.99855
0.00106266 0.00048367 0.000147676 0.957063 0.0410009 0.000242368
2.15438e-05 8.10845e-05 0.000151637 0.00155504 6.9216e-05 0.998121
0.00983883 0.00130737 0.0041782 0.61479 0.367815 0.00207077
0.000670514 0.000416842 0.000274375 0.817135 0.181329 0.000174476
0.00515866 0.992453 0.00131349 0.000885902 0.000134339 5.4738e-05
0.000689527 0.000348102 8.30761e-05 0.989025 0.00858044 0.00127371
0.00454414 0.00109562 0.000877701 0.891012 0.0969332 0.00553725
0.00254555 0.0442373 0.913361 0.00067231 0.0386971 0.000486261
9.14524e-05 3.68734e-05 8.97644e-06 0.998397 1.54816e-05 0.00145024
0.000156601 0.000218415 0.999243 6.02479e-05 0.000176494 0.000145496
0.000335816 0.93871 0.0573058 8.68937e-05 0.00108816 0.0024736
0.000586732 0.996522 3.85399e-05 0.00284908 1.81836e-06 1.6878e-06
0.999572 0.000102112 5.66201e-05 0.000232832 3.09454e-05 5.50688e-06
0.00533705 0.00302673 0.000950234 0.964915 0.0138942 0.0118767
0.00178096 0.137885 0.851277 0.000275999 0.000982222 0.00779874
0.000603081 0.000573005 0.997899 6.48035e-05 0.000450762 0.000409807
0.000128737 0.000218322 0.000481676 0.00223808 0.00185124 0.995082
0.000258977 0.000121465 8.17961e-05 0.991674 0.000485443 0.00737868
0.000190854 0.0053837 0.992378 0.000100679 0.00160804 0.00033911
0.000337685 8.20574e-05 5.46024e-05 0.997408 0.00188559 0.000232148
0.00124957 0.00180456 0.000617137 0.521912 0.469611 0.0048062
0.00305594 0.00199997 0.00231037 0.259346 0.0133682 0.71992
0.000116917 0.999337 0.000359462 3.79384e-05 0.000114804 3.42589e-05
0.000473012 0.000543683 0.00161761 0.00640653 0.00112743 0.989832
0.0403842 0.31063 0.562902 0.00131469 0.083334 0.00143504
0.997643 0.00151747 0.000132149 0.000672535 1.18235e-05 2.31657e-05
0.00645963 0.000953522 0.000347718 0.981286 0.00105347 0.00989913
6.28265e-06 4.20851e-05 0.000816646 0.000143944 0.00106671 0.997924
0.0130151 0.691716 0.286439 0.00526071 0.00251909 0.00105028
0.075047 0.823951 0.0889385 0.00864985 0.00167955 0.00173432
0.000246933 0.000505337 0.00127508 0.00616187 0.00227784 0.989533
0.00164887 0.130146 0.858041 0.00536176 0.0039763 0.000825426
0.999797 1.98847e-05 4.91557e-05 0.0001164 1.52328e-05 1.90211e-06
0.00754774 0.0017974 0.000585525 0.829567 0.160276 0.000226253
0.000928426 0.996768 0.00178589 0.000219955 0.000173052 0.000124628
0.0111073 0.972679 0.0118508 0.00353437 0.000612796 0.000215696
0.000267694 0.00118904 0.00484408 0.00324419 0.0102268 0.980228
1.14391e-07 2.54966e-07 4.81417e-07 6.80794e-07 0.999998 5.56174e-07
0.999191 0.000106598 0.00014741 0.000499858 4.8198e-05 6.71768e-06
8.86708e-06 6.10803e-05 0.000483274 0.000127038 2.29612e-05 0.999297
0.0482979 0.929836 0.0141261 0.000433053 0.00665607 0.000651028
1.13594e-05 1.88169e-05 1.37249e-05 0.00137762 0.998564 1.44399e-05
0.00172171 0.00163575 0.00103643 0.0976682 0.894977 0.00296081
0.00118172 0.000702011 0.00146291 0.0012529 0.00143852 0.993962
0.0010527 0.000787724 0.00125698 0.332083 0.662369 0.00245101
7.45609e-05 8.75192e-05 0.000115564 0.00380954 0.9954 0.000513177
1.01423e-06 1.06462e-06 2.29098e-06 1.45029e-05 0.99998 1.15551e-06
0.00104818 0.00227804 0.00326065 0.0208305 0.0148679 0.957715
0.000246584 0.999473 0.000124194 0.000135785 8.17372e-06 1.20484e-05
0.997736 3.31822e-05 0.00202184 0.00011334 6.65062e-05 2.95255e-05
0.00160613 0.00038601 0.000274334 0.989919 0.00698923 0.000825084
0.00319379 0.624673 0.362534 0.00598607 0.00231362 0.00129884
0.963049 0.000261512 0.01639 0.00012604 0.0200928 8.09666e-05
0.000559454 0.000583849 0.997933 0.000166955 0.000229593 0.000526853
0.000265945 0.000442179 0.998594 3.59399e-05 0.000286349 0.000375145
0.00172532 0.000421355 0.000150816 0.990076 0.0072281 0.000398647
6.94891e-08 4.27943e-08 4.66193e-08 4.77013e-07 0.999999 8.80093e-08
0.999087 0.000292157 0.000167109 0.000150464 0.00029835 5.38854e-06
0.657869 0.0257104 0.146225 0.000844648 0.00042231 0.168929
1.47314e-05 7.58162e-06 4.70841e-06 0.999619 5.64999e-05 0.000297187
9.78529e-06 2.05546e-05 3.16773e-05 0.0121597 5.76959e-06 0.987772
0.00912054 0.0031541 0.00271595 0.728317 0.00607973 0.250612
0.000948549 0.00104836 0.00146886 0.0140141 0.0208766 0.961644
0.000303883 0.000233248 0.000506083 0.0251775 0.973297 0.000482036
0.00171038 0.997013 0.00073082 0.000455368 4.76453e-05 4.31122e-05
1.13525e-06 3.78047e-06 1.14531e-05 3.44116e-05 0.999907 4.16661e-05
0.0120309 0.00805622 0.957098 0.000452563 0.0217404 0.000622084
0.116494 0.000414509 0.872633 0.000331478 0.0100579 6.84846e-05
8.9101e-05 9.01217e-05 8.49377e-05 0.0172895 0.982383 6.33572e-05
0.000313667 0.00147309 0.009191 0.0133444 0.0278308 0.947847
0.0390578 0.919902 0.000356667 0.0406208 5.70192e-05 6.10691e-06
1.8274e-06 6.28499e-07 1.16357e-06 8.31309e-06 0.999988 1.87583e-07
7.21355e-05 0.000563915 0.994865 0.00352238 8.2116e-05 0.00089454
0.0193332 0.968578 0.0054619 0.00636508 0.000166563 9.53166e-05
0.00148061 0.176756 0.00418098 7.29691e-05 0.817338 0.000171281
0.00331709 0.285375 0.00960534 0.000180358 0.701092 0.000429768
0.000289652 6.95545e-05 2.0845e-05 0.998716 0.000795103 0.000108844
2.25265e-05 1.9708e-05 4.11882e-05 0.000989219 0.998695 0.000232769
2.27381e-05 9.32945e-06 1.71152e-06 0.999819 9.52188e-06 0.00013758
0.00198261 0.996578 0.000570759 0.000808262 4.27946e-05 1.74908e-05
0.999257 9.62752e-06 9.5548e-05 8.15385e-06 0.000627608 2.14752e-06
0.00976426 0.981105 0.00612051 0.00257063 0.000230387 0.000209356
0.00306289 0.844691 0.136514 0.000267989 0.00127291 0.0141914
0.000308927 0.000285058 0.000911489 0.00622323 0.000600171 0.991671
0.997423 0.00121351 0.000911519 0.000168643 0.000217767 6.54761e-05
4.021e-06 8.42177e-06 7.66741e-06 3.73424e-05 0.999918 2.48704e-05
0.000924403 0.000732191 0.000905614 0.0407423 0.00845287 0.948243
1.47218e-06 2.66532e-06 2.37169e-06 1.30204e-05 0.999978 2.51019e-06
0.000256577 0.000261188 0.998752 3.12556e-05 0.0001014 0.000597652
0.000726329 0.000212276 4.16857e-05 0.996955 0.00179326 0.000271212
0.999798 3.54089e-05 4.0624e-05 0.000101015 4.07583e-07 2.47672e-05
0.46887 0.105572 5.74477e-05 0.425498 2.19009e-06 8.28457e-07
5.91924e-06 2.12791e-06 4.04146e-06 1.26651e-05 0.999973 2.41421e-06
0.000255348 0.000277058 0.998417 2.85396e-05 0.000105182 0.000916609
1.8569e-05 0.999794 0.000119154 4.27752e-05 9.49926e-06 1.59968e-05
1.85943e-06 4.32121e-06 3.15968e-06 3.82865e-05 0.99995 1.93662e-06
0.999664 3.37096e-05 7.37782e-05 0.000208377 1.79403e-05 2.07777e-06
0.000269262 4.48635e-06 0.999163 1.54867e-06 1.47576e-05 0.000546992
0.965371 0.000384485 0.0165737 9.76899e-05 0.0174964 7.66042e-05
9.89087e-07 3.61499e-06 9.26669e-06 2.50429e-05 0.999924 3.72634e-05
0.0010001 0.00165559 0.00265142 0.111397 0.0222421 0.861054
0.00375742 0.000426945 0.000349599 0.959209 0.0356741 0.000582518
0.999731 3.41245e-05 6.10253e-05 0.000152085 1.79127e-05 3.80999e-06
0.000318614 0.000548885 0.00173405 0.340582 0.00829364 0.648523
0.997452 0.00092723 0.00117755 7.28284e-05 0.000287213 8.35635e-05
0.000234868 0.000444498 0.997731 0.00124067 8.30299e-05 0.000265733
0.016915 0.000127984 0.981317 0.000364366 0.00107905 0.000196432
0.999667 2.89319e-05 8.75853e-05 0.000190005 2.2991e-05 3.47048e-06
0.00024775 0.999242 0.000356597 7.07533e-05 5.55942e-05 2.72984e-05
0.0014041 0.000761667 0.000182073 0.981468 0.0150124 0.00117169
0.00263888 0.00048238 0.000209803 0.967108 0.0287957 0.000765498
3.56437e-06 8.07028e-06 8.01393e-06 2.72079e-05 0.999948 5.16063e-06
0.00101326 0.997102 0.000157794 0.00170266 1.24151e-05 1.1508e-05
0.0035793 0.898255 0.00888242 0.000274342 0.0884415 0.000567453
0.000122495 9.88633e-05 5.57023e-05 0.962743 0.0365048 0.000474825
9.43782e-07 4.35219e-06 5.15122e-06 2.25164e-05 0.999949 1.7768e-05
2.59281e-05 6.56535e-05 6.21715e-05 0.000296424 0.999537 1.30363e-05
0.000511863 0.000538517 0.000944233 0.0850646 0.899723 0.0132175
0.0908079 0.28563 0.606369 0.00304434 0.00990796 0.00424073
5.23555e-05 0.000220725 0.0011054 0.000712902 0.0010406 0.996868
0.000568468 0.000152538 0.000243893 0.0212841 0.977696 5.50739e-05
2.05361e-05 6.04541e-05 0.000448366 0.000337323 4.46751e-05 0.999089
0.0855581 0.874797 0.0256576 0.00051615 0.0125792 0.000891779
0.000289925 0.000372994 0.998179 0.00016629 0.000745136 0.000246343
1.17387e-05 0.982177 0.0032233 8.93556e-06 0.0144978 8.10153e-05
0.998606 0.000472831 0.000472247 0.000295927 4.06991e-05 0.000112135
0.000161711 0.999389 0.000315687 7.21e-05 4.48739e-05 1.64898e-05
0.0119998 0.981082 0.00182603 0.00204081 0.0030119 3.94323e-05
0.000695235 0.000763047 0.00298517 0.0464527 0.0116463 0.937458
0.000115832 8.79001e-05 4.15222e-05 0.998321 0.000810137 0.000623709
0.999538 0.000100276 0.000223301 0.000112099 4.53261e-06 2.14066e-05
4.87962e-05 0.00020902 0.00141796 0.00707292 0.0246732 0.966578
0.000187234 0.999377 0.000300073 6.65009e-05 5.22534e-05 1.71789e-05
1.43852e-05 0.000123662 0.000330377 0.000344502 7.98942e-05 0.999107
0.00445427 0.869562 0.117757 0.00143862 0.000539942 0.00624874
0.998963 4.32883e-05 0.000590056 1.74976e-05 0.000373854 1.2732e-05
0.972728 5.70507e-05 0.00039028 4.26722e-05 0.0267764 5.3065e-06
0.000218391 0.000103197 3.01247e-05 0.999009 0.000131098 0.000508401
0.0827541 0.864684 0.0200557 0.000709282 0.0312069 0.000590186
0.0136221 0.943837 0.0238142 0.000179963 0.0180658 0.000480382
4.07832e-06 3.27444e-05 0.000204457 0.000116845 6.90422e-06 0.999635
0.0065013 0.000739789 0.000304907 0.903805 0.088332 0.000317081
0.996161 0.00114307 0.00208145 9.41542e-05 0.000365567 0.000155263
0.0435015 0.897839 0.0345484 0.000629185 0.0227914 0.000691011
0.000153408 0.000107889 3.99694e-05 0.358536 0.641113 5.00778e-05
0.00221592 0.00187538 0.000630158 0.953392 0.00602343 0.0358634
0.999834 3.18194e-05 4.61854e-05 5.90977e-05 2.81905e-05 9.16425e-07
0.000551398 0.000206066 6.33703e-05 0.997288 0.00103664 0.00085437
0.00133204 0.00158375 0.00593316 0.186129 0.739219 0.0658027
6.40101e-07 1.56381e-06 2.83181e-06 8.23096e-06 0.999984 3.03777e-06
0.998031 1.31061e-05 0.00163942 0.000275812 2.98435e-05 1.11077e-05
0.00177881 0.00141879 0.00321402 0.0264441 0.0158197 0.951325
6.46111e-05 6.58548e-05 5.31459e-05 0.0261069 0.972407 0.00130299
1.12109e-05 3.5471e-05 2.2505e-05 0.00121606 0.998681 3.37762e-05
0.00696159 0.989275 0.000354865 0.00336976 2.37103e-05 1.52741e-05
0.000907283 0.000108934 4.06836e-05 0.998236 0.000677343 3.01481e-05
7.34922e-05 0.000151633 0.000608518 0.0037449 0.000573085 0.994848
0.000645543 0.000869608 0.000410684 0.0456464 0.949389 0.00303865
7.09342e-06 0.999865 9.3412e-05 6.19615e-06 1.9142e-05 8.64489e-06
0.00496632 0.000809422 0.000674574 0.0207422 0.972747 6.02317e-05
0.00488451 0.971552 0.019478 0.00303088 0.000371253 0.000683271
0.414739 0.496019 0.000234773 0.0889675 2.97908e-05 9.52304e-06
0.999849 2.12683e-05 6.40677e-05 3.96226e-05 2.5092e-05 1.28586e-06
3.47577e-05 5.47893e-05 0.000123606 0.000783383 0.998769 0.000234537
0.985366 0.000681977 0.0125273 0.000373142 8.2005e-05 0.000969429
0.999448 9.47376e-06 2.30505e-05 0.000180381 0.000338222 5.98501e-07
0.00281516 0.000974832 0.000384222 0.980814 0.0103982 0.00461393
9.15062e-05 0.000127822 7.35606e-05 0.00644754 0.993003 0.000256619
0.972997 5.95358e-05 0.00543257 6.28616e-05 0.0214406 7.68239e-06
0.975167 0.00341316 0.0064555 0.00397148 6.92078e-05 0.0109238
0.000616957 0.00020507 0.000112433 0.906096 0.0919304 0.00103928
0.00604216 0.00180839 0.00137502 0.890245 0.0775829 0.0229467
0.00198289 0.00199884 0.00190399 0.0444696 0.016833 0.932812
0.00144063 0.996498 0.000248601 0.00178825 1.25327e-05 1.20408e-05
0.000206015 0.00054245 0.000546047 0.0695772 0.0117075 0.917421
0.88245 0.000796683 0.0120129 0.000114125 0.104558 6.87467e-05
1.364e-06 6.36752e-07 1.26603e-06 1.01161e-05 0.999986 2.43021e-07
0.0012762 0.997372 0.000162828 0.00116254 1.6299e-05 1.02147e-05
0.000580157 0.000429851 0.00048504 0.0221464 0.000731202 0.975627
0.000609967 1.06539e-05 0.998656 2.35585e-06 3.43212e-05 0.000686581
0.00430268 0.993324 0.000335846 0.00199632 2.16848e-05 1.93279e-05
0.675932 0.000245329 0.00276112 0.000121848 0.320925 1.42251e-05
1.4101e-05 8.95322e-05 0.000450702 0.000603951 0.000324818 0.998517
0.995896 0.000113335 0.00330438 3.37519e-05 0.000632275 2.02432e-05
0.000411373 0.000202297 0.00011774 0.994713 0.00390049 0.00065464
0.00150757 0.00102371 0.000246792 0.825838 0.170949 0.000434773
0.0273378 0.930082 0.00032673 0.0422054 4.27801e-05 5.92804e-06
0.997101 0.000679713 0.00107744 0.000139118 4.49653e-05 0.000957344
0.999415 0.000117066 0.000217787 3.06016e-05 0.000210001 9.5755e-06
0.00338207 0.0123827 0.723734 0.000213121 0.259874 0.00041452
0.00235013 0.889746 0.0996269 0.000373509 0.00517201 0.00273145
0.000371028 0.996738 0.0021013 0.000432182 2.90538e-05 0.000328727
0.994282 3.19035e-05 0.00034335 1.51947e-05 0.0053242 3.70719e-06
0.000438055 0.000266989 2.13196e-05 0.998278 0.000814892 0.000181075
1.1888e-07 3.16683e-07 4.43269e-07 4.63985e-07 0.999999 1.0258e-07
2.173e-05 0.000109964 0.000790491 0.00172601 0.00592816 0.991424
0.000865521 0.000482816 0.000160685 0.97665 0.0204047 0.00143615
0.000225358 0.00023537 9.79107e-05 0.0355829 0.963777 8.18585e-05
1.08149e-05 1.3888e-05 1.14115e-05 0.0167522 4.73129e-08 0.983212
0.00117529 0.00050631 0.000414407 0.0967928 0.892051 0.00905993
0.000102433 0.998978 0.000764558 2.63391e-05 7.88084e-05 5.02858e-05
0.00020851 0.99919 0.000428872 2.60712e-05 0.000119557 2.72905e-05
7.73929e-06 4.23268e-05 0.000179122 0.000331761 3.38112e-05 0.999405
0.999505 2.16588e-05 0.000132708 3.30846e-05 0.000305202 2.7476e-06
0.000459172 0.000230614 5.88201e-05 0.973584 0.0255577 0.000109747
0.00657415 0.991309 0.00132871 0.000473513 0.000231318 8.39347e-05
0.00826294 0.97697 6.81868e-05 0.014694 2.34784e-06 2.71482e-06
0.00233496 0.989603 0.00618889 0.00155582 0.000211564 0.000105385
0.000280046 8.52419e-05 3.06348e-05 0.998627 0.000735149 0.00024222
2.37226e-06 4.89632e-06 2.91071e-05 7.58631e-06 9.37065e-07 0.999955
5.6085e-05 0.000129837 0.999509 7.0847e-05 0.000138269 9.56024e-05
3.10408e-05 0.000118167 0.00115199 0.00184144 0.00220237 0.994655
0.00167411 0.000357332 0.000500047 0.992413 0.00363657 0.00141848
2.60453e-05 7.01396e-05 1.94684e-05 0.000465968 0.999397 2.10412e-05
0.00198641 0.0564905 0.929956 0.000818067 0.0102332 0.000515711
3.17038e-05 8.93607e-05 0.000656564 0.00226926 0.000113254 0.99684
0.00669458 0.233497 0.745017 0.00105469 0.00173481 0.0120023
0.000325634 0.000119748 0.000168375 0.88761 0.110551 0.00122562
0.0120354 0.000413434 9.79379e-05 0.984789 0.00265087 1.3226e-05
2.77058e-05 0.000188454 0.000493553 0.00196242 0.000358398 0.99697
0.000105719 0.000328282 0.998837 0.000167728 9.39999e-05 0.000467236
0.993922 0.0012413 9.24071e-05 0.00463104 7.97463e-07 0.000112404
0.00109289 0.997963 0.000534074 0.000316234 6.4768e-05 2.92216e-05
2.15972e-05 0.999415 0.000452402 1.07446e-05 6.83876e-05 3.2272e-05
3.69766e-05 5.51756e-05 0.00015023 0.000214176 0.000113167 0.99943
0.000195568 0.00155419 0.994507 0.000154355 5.87389e-05 0.00353051
0.00533966 0.967471 0.01699 0.00843321 0.000513571 0.00125213
0.000327812 0.000100878 0.000146358 0.00243299 0.996907 8.46123e-05
0.998773 0.000440637 0.00036295 0.000270969 3.44624e-05 0.000117957
0.000320979 0.834565 0.161419 0.000211147 0.00188744 0.00159646
2.8358e-05 0.000119954 0.99946 0.000126826 4.72322e-05 0.000218134
0.000166786 0.000100689 0.000185913 0.0720317 0.926954 0.00056073
0.999475 5.86905e-05 0.000169519 0.000237746 5.38896e-05 4.86346e-06
0.877577 0.000735687 0.0986478 0.000196717 0.022508 0.00033471
0.000167558 0.000129482 0.000305895 0.0142896 9.85393e-05 0.985009
0.00122373 6.50672e-05 0.000358105 4.90704e-05 3.00136e-07 0.998304
8.53364e-05 0.000358916 0.000118952 0.0191806 0.979304 0.000952365
0.00518597 0.000659388 0.000331736 0.340517 0.651929 0.00137627
4.72126e-05 0.000193918 0.000914422 0.0013848 0.000187318 0.997272
0.997141 0.000222268 0.00231823 7.71493e-05 0.000180829 6.04266e-05
0.999702 4.82217e-05 0.000103634 7.21637e-05 6.96002e-05 4.28733e-06
0.997798 0.000329206 9.95833e-05 0.00174505 2.45128e-05 3.78183e-06
0.000198788 0.162138 0.0261062 2.48425e-05 0.811408 0.00012481
0.999753 4.27772e-05 0.000125918 3.96322e-05 3.43337e-05 3.81001e-06
0.0199924 0.976467 0.000646751 0.00279044 5.89259e-05 4.46851e-05
0.000840435 0.00154095 0.00241402 0.0234981 0.746144 0.225563
0.99735 0.00048309 0.000600074 0.000878567 0.000672734 1.60732e-05
2.6903e-05 2.77945e-05 1.49479e-05 0.000651211 0.999263 1.63688e-05
0.0125205 0.119239 0.80205 0.000768796 0.0643556 0.00106577
0.000414868 0.000146037 0.000137468 0.74263 0.256202 0.000469418
0.000516109 0.997854 0.00101886 0.000437486 1.95725e-05 0.000154107
0.0442285 0.504436 0.0624964 0.000844612 0.385975 0.00202021
0.00667169 0.000680949 0.000427329 0.926632 0.0645697 0.00101803
0.000273888 0.999228 0.000346444 6.11871e-05 6.6003e-05 2.50483e-05
0.000382163 0.00032252 0.000119512 0.989405 0.00736941 0.00240167
0.000933289 2.10686e-05 0.996592 1.47646e-06 3.8899e-05 0.00241367
1.30132e-05 7.93981e-06 1.5717e-05 5.73679e-05 2.47931e-08 0.999906
0.000203807 0.000127291 0.000223582 0.0157146 0.981146 0.00258444
0.00185705 0.00115811 0.00246178 0.913315 0.0517877 0.0294198
0.000103543 0.000778272 0.998427 0.000219141 0.000288853 0.000183492
0.999514 7.1935e-05 1.61456e-05 0.000393065 3.71681e-07 4.86252e-06
0.000247935 0.00936027 0.988085 0.000291019 0.00168467 0.000331179
0.000516916 0.000356436 0.00101234 0.181648 0.804079 0.012387
0.00448745 0.815526 0.167606 0.00202988 0.00856999 0.00178077
0.000230625 0.000215129 4.93922e-05 0.996995 0.00179174 0.000717671
0.000220295 7.47201e-05 6.71357e-05 0.377297 0.622225 0.000115828
5.72736e-05 0.997117 0.00253105 2.74064e-05 0.000129433 0.000138046
3.88154e-05 2.86275e-05 2.82583e-05 0.00121359 0.998651 4.00138e-05
0.000586814 0.000343629 0.000164278 0.981661 0.0162764 0.000968231
0.000312216 0.00013439 0.998462 1.59612e-05 9.91672e-05 0.000975974
0.0254262 0.0175765 0.858285 0.000620577 0.0975042 0.000587871
0.00147961 0.00138025 0.000900272 0.715687 0.256408 0.0241448
0.000140099 0.00158003 0.997194 0.000302532 0.000343176 0.000439659
0.00210846 0.00111617 0.000599354 0.953533 0.00984138 0.0328014
0.00033623 4.68581e-05 6.85348e-05 0.990491 0.00901291 4.48172e-05
0.992875 0.000275461 0.00162061 6.24081e-05 0.00514601 2.05899e-05
0.00264152 0.00123528 0.000271121 0.502358 0.493057 0.000436617
0.00603474 0.0363537 0.952402 0.000750992 0.00189876 0.00255988
0.00121387 0.000333625 0.000440844 0.0797871 0.000347324 0.917877
0.00148449 0.000806385 0.000927536 0.929571 0.0426814 0.0245289
6.53556e-05 3.82656e-05 7.36422e-05 0.0175207 0.981898 0.000404085
0.016067 0.002043 0.00209899 0.620455 0.352545 0.00679127
0.997797 0.000373822 3.21597e-05 0.00178702 4.11109e-07 9.42251e-06
0.00485437 0.97651 0.0148053 0.000576604 0.000806037 0.00244785
0.000377996 0.00394764 0.993674 0.000307169 0.00136216 0.00033068
0.000585154 0.000209688 0.000142053 0.996275 0.00108691 0.00170093
8.16475e-07 6.74935e-07 8.98291e-07 3.39748e-06 0.999993 8.48046e-07
0.580539 0.000986886 0.393062 0.000324638 0.0248896 0.000198379
0.00627451 0.944589 0.0445432 0.000609918 0.000917393 0.00306565
0.998652 0.000239635 0.000889399 4.15443e-05 0.000120199 5.71521e-05
0.000389679 0.0015867 0.00557215 0.00198958 0.00734568 0.983116
0.0236513 0.933501 0.0368055 0.000606259 0.0031078 0.00232842
0.000175949 0.000149799 0.000638441 0.000179582 0.000183921 0.998672
0.000584149 0.000880215 0.000179285 0.992182 0.00122174 0.00495253
0.000118664 0.000247187 0.00047688 0.00281626 0.00986332 0.986478
0.000138768 0.999546 0.000189084 7.95623e-05 4.00222e-05 6.30333e-06
0.000386249 0.000477592 0.000463281 0.684555 0.00191345 0.312204
0.000748641 0.00013801 2.77905e-05 0.998294 0.000757739 3.35559e-05
0.000857763 0.000178176 0.000111366 0.978802 0.019946 0.000105102
0.00191794 0.997142 0.000256817 0.000649819 1.99093e-05 1.37197e-05
0.000342878 0.000804633 0.000471234 0.015631 0.981521 0.00122952
0.996216 0.00265831 0.000570746 0.000459999 2.14428e-05 7.31849e-05
0.000178981 0.000115648 0.000115666 0.0372238 0.962151 0.000214496
0.000235818 0.000513843 0.000218437 0.0333388 0.963857 0.00183578
0.000161895 8.71586e-05 0.999312 6.46435e-05 0.000291014 8.30236e-05
0.000176854 0.00068205 0.000830211 0.00674745 0.0094652 0.982098
0.000111586 5.33419e-05 3.28053e-05 0.143385 0.856198 0.000218879
0.00108488 0.000705849 0.000306696 0.975604 0.00154336 0.0207554
0.00148569 0.000742062 0.000245654 0.956061 0.0386648 0.00280135
0.00338258 0.0858496 0.898462 0.00145951 0.0101847 0.000661784
0.484637 0.000800963 0.493129 0.000338871 0.0209241 0.000170725
0.176667 0.745301 0.0632452 0.00782209 0.00102615 0.00593794
0.740072 0.223436 0.00104762 0.0325061 0.00292209 1.63524e-05
0.996656 5.10731e-05 0.00263276 0.000557155 9.01965e-05 1.26023e-05
0.000227425 0.000166734 0.000110196 0.00980692 0.989476 0.000212398
0.997436 4.90996e-05 0.000963314 0.00151231 2.01197e-05 1.89546e-05
0.000999813 0.0122144 0.981891 0.000223651 0.00331881 0.0013527
0.0511357 0.00244056 0.850336 0.000341255 0.0948395 0.000906515
0.999678 2.92044e-05 0.000179353 6.75138e-05 4.38741e-05 1.5563e-06
2.20929e-05 5.42989e-05 9.49864e-05 0.0017596 2.09703e-05 0.998048
0.00018164 2.55789e-05 9.53995e-06 0.998085 0.00169279 5.85692e-06
0.00782975 0.0254997 0.95891 0.000453187 0.00350466 0.00380242
3.25047e-06 7.75619e-06 7.39387e-06 7.7917e-05 0.999892 1.19979e-05
0.0463435 0.945576 0.00203298 0.00124614 0.00474154 6.0284e-05
0.998937 0.000131366 0.000775684 6.31802e-05 7.22116e-05 2.09684e-05
7.80192e-05 0.000355019 0.994555 0.000234011 4.3972e-05 0.00473372
0.00240562 0.987831 0.00787068 0.000416297 0.000735149 0.000741609
0.997475 6.83494e-06 2.63575e-05 0.00012015 0.00237156 3.46229e-07
0.000350664 0.000547635 0.00118259 0.460659 0.235777 0.301483
0.0021636 0.000932306 0.00140005 0.296291 0.656358 0.0428547
0.00637905 0.000691913 0.000256203 0.955267 0.0373087 9.70533e-05
0.000419787 0.00509543 0.992993 0.000897923 0.000331915 0.000262394
0.000637075 0.00103816 0.00128043 0.85225 0.00134986 0.143444
0.00124413 0.000434379 0.000979361 0.00185948 0.00225168 0.993231
5.29599e-07 1.11712e-06 7.93923e-07 1.17118e-05 0.999986 1.91838e-07
0.981492 0.0146941 0.00037996 0.00334428 3.97929e-05 5.00028e-05
0.992322 1.94794e-05 0.00027539 4.8104e-05 0.00733368 1.29597e-06
0.00179481 0.000218452 0.000123061 0.990073 0.0076445 0.000145762
9.86239e-05 0.999478 0.00032605 4.84621e-05 2.92244e-05 1.95399e-05
4.23184e-05 0.000154825 0.000608793 0.00271368 0.000202143 0.996278
0.0042864 0.562571 0.419526 0.000651832 0.00943224 0.00353225
5.36096e-05 0.000103761 6.41079e-05 0.00458104 0.995042 0.000155775
0.00313596 0.984057 0.0102413 0.00177328 0.000465531 0.00032744
0.000370338 0.999157 0.000319598 8.30135e-05 4.58921e-05 2.45643e-05
0.0143844 0.0213135 0.941437 0.020701 0.000645936 0.00151769
8.995e-05 0.999433 0.000405329 4.01991e-05 1.79737e-05 1.39115e-05
0.00571001 0.617502 0.364198 0.000434023 0.00600386 0.00615176
1.60958e-05 1.37586e-05 1.60596e-05 0.000841061 0.999096 1.69469e-05
0.000840466 0.000724958 0.000391306 0.0547985 0.943187 5.80255e-05
0.000798439 0.000289745 0.000254257 0.919893 0.073115 0.00564924
0.000826217 0.0282181 0.96343 0.00487033 0.0024497 0.00020538
0.00058425 0.000367397 0.998353 0.000114138 0.000226597 0.000354966
0.750327 0.000244975 0.235509 0.000135891 0.013695 8.8718e-05
7.34747e-05 4.38812e-05 0.999644 7.40823e-06 4.92236e-05 0.000181773
0.000737361 0.000362267 0.000274178 0.989322 0.00262707 0.00667716
0.000199877 0.000183285 8.88171e-05 0.0200526 0.978168 0.0013073
0.000726928 8.90317e-05 0.998459 1.93771e-05 9.87079e-05 0.000606637
4.15651e-06 8.07771e-06 6.01405e-06 0.000105532 0.999874 2.43973e-06
3.10378e-06 4.2316e-06 5.62923e-06 1.65981e-05 0.999969 1.76055e-06
9.09572e-05 0.870383 0.125315 5.23846e-05 0.000801629 0.00335637
1.1632e-05 1.3821e-05 2.52194e-05 0.000316634 0.999626 6.61556e-06
1.73694e-05 2.80112e-05 3.53031e-05 0.00081691 0.999067 3.56733e-05
4.01562e-05 0.986853 0.0121256 2.81086e-05 0.000481845 0.000470926
0.0394273 0.881339 0.0713328 0.00178189 0.0013908 0.00472837
0.000174521 0.000129192 0.000141952 0.953007 0.0439349 0.00261234
0.000265919 0.00268033 0.99224 0.000245312 0.00428279 0.000285964
0.000478638 0.000166533 5.21816e-05 0.996503 0.000333851 0.00246603
0.0519385 0.551394 0.382039 0.0102542 0.00307033 0.00130399
0.00104196 0.427095 0.0512206 0.000169471 0.519965 0.000507446
0.000106344 0.000131754 0.000142939 0.00295405 0.996412 0.000253139
0.999556 4.97809e-06 2.88652e-05 8.36838e-05 0.000326166 6.491e-07
5.78338e-05 0.000180355 0.000332408 0.000708204 0.00128471 0.997436
1.27838e-05 5.85004e-05 0.000642704 9.58753e-05 6.87216e-05 0.999121
0.00151296 0.977931 0.0160478 0.0020897 0.000462369 0.0019565
6.66026e-06 1.67672e-05 2.15141e-05 0.000327464 0.999279 0.000348712
0.00115814 0.000404778 0.000974605 0.0358957 0.00065906 0.960908
0.00722808 0.987545 0.00337907 0.00125815 0.000242063 0.000348015
1.43862e-06 5.59237e-06 7.81913e-06 5.70867e-05 0.999899 2.86796e-05
0.000220911 0.000103376 0.999166 0.000125103 0.000267082 0.000117881
0.00224557 0.000665506 0.000346523 0.867942 0.128229 0.000570952
0.00165323 0.000847168 0.000336454 0.346906 0.649458 0.000798683
2.12483e-06 1.55634e-07 0.999968 1.14842e-07 2.56946e-06 2.65339e-05
1.10726e-06 1.9529e-06 1.64695e-06 9.03214e-06 0.999984 2.56811e-06
0.004848 0.00462833 0.00357047 0.522358 0.198137 0.266458
1.84764e-05 3.86228e-05 0.000204377 0.000132255 0.000138292 0.999468
0.617155 0.0233491 0.0702224 0.000486182 0.000148852 0.288639
0.043936 0.617007 0.0388444 0.000957307 0.297952 0.00130386
0.0206203 0.547378 0.415737 0.0123087 0.00189533 0.00206012
0.00234874 0.995157 0.00166394 0.000651166 0.000137379 4.14289e-05
0.000101264 0.996091 0.00337235 3.62807e-05 0.000163986 0.000235074
0.00256143 0.139355 0.849057 0.00063515 0.00684776 0.00154339
0.000381623 1.60043e-05 0.999394 1.40277e-05 5.85946e-05 0.00013547
0.00108886 0.000211952 6.74053e-05 0.993406 0.00517608 4.92347e-05
0.000222213 0.000131674 3.64757e-05 0.997464 0.000416601 0.00172853
0.0204244 0.114641 0.781829 0.00119271 0.0804841 0.00142919
2.99904e-05 0.000129302 0.000364924 0.00109597 0.000486928 0.997893
0.99551 8.73895e-05 0.00405326 0.000239997 1.57571e-05 9.37411e-05
0.00022539 0.000309947 0.000260363 0.0916603 0.000241941 0.907302
2.57282e-05 7.00558e-05 5.35936e-05 0.00367445 0.996083 9.36065e-05
7.72884e-06 4.68518e-05 0.000463442 0.000107139 4.26372e-05 0.999332
0.000221829 0.000233473 0.999036 8.44365e-05 0.000171546 0.000252536
0.00114327 0.000332938 0.000207138 0.198939 0.798767 0.000610276
0.000110191 2.94577e-05 6.97195e-06 0.99953 0.000319317 3.60432e-06
0.0644547 0.016457 0.895218 0.000323885 0.00157419 0.0219725
0.000255303 0.000115607 5.53518e-05 0.96374 0.0357675 6.59431e-05
0.0304147 0.0503148 0.875613 0.000762897 0.0420966 0.00079826
0.000593693 0.000269809 0.000208624 0.83813 0.155402 0.00539563
0.997751 0.000360153 0.000685158 0.00108985 1.66282e-05 9.73234e-05
0.000230273 0.000134325 0.999119 0.000138204 0.000157434 0.000220965
0.00702082 0.982819 0.000947734 0.000428267 0.00876403 2.00231e-05
0.0181256 0.924942 0.0245896 0.000320243 0.0316 0.000422378
0.0105423 0.244328 0.714548 0.00249312 0.0245043 0.00358429
2.46626e-05 0.000205226 0.99907 9.10151e-06 0.0006079 8.35122e-05
1.40162e-07 1.38397e-07 2.35793e-07 2.27144e-06 0.999997 2.73936e-07
1.16061e-06 2.25731e-06 8.04615e-07 0.000141277 0.999851 3.06765e-06
0.00384099 0.00147061 0.000750351 0.941831 0.030752 0.0213546
3.13207e-07 3.47803e-07 3.05589e-07 1.87007e-05 0.99998 6.86081e-07
6.09474e-06 0.999848 0.000109781 6.03763e-06 1.84541e-05 1.16313e-05
3.38871e-06 1.54228e-05 0.000111731 8.5578e-05 1.8779e-05 0.999765
0.00139018 0.00507069 0.00791895 0.0628738 0.843748 0.0789982
0.000104635 0.000213779 0.000316502 0.0270587 0.969366 0.00294076
0.989365 0.00784905 0.00110471 0.00147307 0.000158047 5.05969e-05
0.228836 0.721789 0.0329856 0.0124028 0.000685841 0.0033012
0.998501 0.000435896 4.79926e-05 0.000994532 1.86494e-05 2.07315e-06
1.04659e-06 1.8822e-06 4.17901e-06 4.94922e-05 0.999935 8.18494e-06
0.000191842 0.000680333 0.00161173 0.0252283 0.0317773 0.94051
0.000109983 0.783642 0.211252 7.0245e-05 0.00069227 0.00423329
3.19261e-05 2.78561e-05 0.999769 4.65874e-06 5.96501e-05 0.000106782
0.000143542 0.999518 0.000242968 3.21501e-05 4.5791e-05 1.71286e-05
0.00890985 0.322156 0.642958 0.000354204 0.0190125 0.00661
9.61286e-06 4.99946e-06 1.43038e-06 0.999289 1.59968e-06 0.000693266
0.000962593 0.00151468 0.00201978 0.0604873 0.767747 0.167269
0.00189682 0.0011931 0.000294706 0.981256 0.00720299 0.00815629
0.000696016 0.000187504 0.000212758 0.171229 0.827387 0.000287558
0.000838145 0.00040666 9.12841e-05 0.845245 0.153338 8.14346e-05
0.00591284 0.00180465 0.00103786 0.915732 0.0676485 0.00786413
4.14634e-05 8.5337e-05 0.000167992 0.00286292 0.000116103 0.996726
0.99938 0.000135458 7.4741e-05 0.000152936 0.000253246 3.24629e-06
0.585574 0.117397 0.0889287 0.00149284 0.20624 0.000367618
1.69578e-06 5.20021e-06 5.49173e-06 2.38387e-05 0.999948 1.59992e-05
3.11212e-05 9.98713e-06 2.46991e-06 0.999844 1.10135e-05 0.000101388
0.999411 0.000108044 0.000100499 0.000270296 0.000105772 4.25507e-06
0.000124082 2.00484e-05 1.3583e-05 0.999373 2.62775e-05 0.000443434
0.97362 4.72049e-05 0.00083523 2.07818e-05 0.0254713 5.49952e-06
0.00218101 0.000788322 0.000681947 0.669985 0.312468 0.0138956
0.00014337 0.000155375 0.000404267 0.00406077 0.000139095 0.995097
0.999178 0.000351909 0.000192395 0.000227086 3.47547e-05 1.60876e-05
0.000772934 0.0385487 0.955742 0.000165023 0.00327439 0.00149693
3.68264e-06 3.89098e-06 2.67426e-06 0.000598777 0.999377 1.41506e-05
4.0992e-07 1.04289e-06 1.81918e-06 3.05217e-06 0.999993 2.2602e-07
0.0355499 0.918203 0.0396835 0.00380207 0.00130782 0.00145327
0.000400408 0.000280989 6.44831e-05 0.996318 0.00155634 0.00138009
0.998736 1.73804e-05 0.000383384 1.53925e-05 0.000843326 4.60741e-06
0.000730179 0.000756174 0.00053827 0.13594 0.860161 0.00187375
8.69598e-05 0.997991 0.0016239 5.93089e-05 4.20236e-05 0.000196838
0.0596238 0.925949 0.00682885 0.00645128 0.000513963 0.000633141
0.00351936 0.00172833 0.00228397 0.344035 0.636643 0.0117906
0.0025654 0.0242107 0.96886 0.000322245 0.00288439 0.00115766
6.32493e-06 1.78589e-05 1.28543e-05 0.000345609 0.999575 4.27017e-05
0.974665 0.000335694 0.00736853 0.000144519 0.0174081 7.80454e-05
0.999557 4.22337e-05 0.000151798 0.000214652 2.18078e-05 1.22813e-05
0.995185 7.71172e-05 0.00294289 3.257e-05 0.00175451 8.02742e-06
0.00103334 0.0305541 0.962781 0.00243736 0.00135087 0.00184332
0.00478021 0.000703597 0.000272994 0.972269 0.0217036 0.00027072
2.56726e-05 0.99986 8.50419e-05 1.82874e-05 5.54504e-06 5.32136e-06
0.997748 0.00132627 0.000411856 0.000423002 1.41743e-05 7.70705e-05
0.993612 0.000180863 0.000198885 0.000201448 0.00580283 3.9487e-06
0.007097 0.855635 0.00846291 0.000393592 0.127834 0.000576908
0.00276217 0.00114249 0.000550545 0.908209 0.0794412 0.00789425
0.00477514 0.00172088 0.00111548 0.408784 0.570188 0.0134168
0.000150049 0.999538 0.000211407 4.98224e-05 3.66081e-05 1.41621e-05
