0.684099 0.0811214 0.132493 0.0421246 0.028481 0.0316817
0.0117695 0.00379186 0.00517495 0.185661 0.232554 0.561048
0.0179096 0.041033 0.867988 0.0218824 0.0146717 0.0365151
0.0109958 0.00218739 0.0032588 0.0950297 0.0539001 0.834628
0.00916363 0.0157439 0.906898 0.0205312 0.0128409 0.0348218
0.0170129 0.0043874 0.00561632 0.162424 0.188599 0.621961
0.0318402 0.0270595 0.025233 0.246934 0.458742 0.210191
0.279622 0.4046 0.173186 0.0552263 0.0518548 0.0355117
0.0341206 0.115231 0.739764 0.0329674 0.0186833 0.0592342
0.0223531 0.0199642 0.0161683 0.332066 0.238281 0.371168
0.0201724 0.007739 0.0107379 0.32103 0.208562 0.431758
0.024092 0.0287461 0.0169231 0.24719 0.486336 0.196713
0.0299352 0.0129798 0.022072 0.182551 0.131562 0.6209
0.0257608 0.00623422 0.0109969 0.416099 0.253512 0.287398
0.725165 0.0369379 0.118342 0.0508465 0.0256343 0.0430738
0.184928 0.499939 0.205533 0.0448993 0.0315016 0.0331989
0.00833501 0.00246709 0.00351452 0.157513 0.186479 0.641691
0.0244073 0.0160209 0.0129504 0.255459 0.384738 0.306425
0.0223074 0.0382191 0.892092 0.0164858 0.0109006 0.0199957
0.0182059 0.00580438 0.00793034 0.217713 0.181509 0.568837
0.245878 0.258154 0.133228 0.144947 0.141004 0.076789
0.762962 0.0684211 0.0814228 0.0385243 0.0231055 0.0255642
0.00954711 0.00308767 0.00704797 0.12223 0.0886279 0.76946
0.782707 0.0222569 0.043445 0.0761219 0.0318268 0.0436428
0.333806 0.0851876 0.192124 0.095784 0.0720972 0.221002
0.0148212 0.0157522 0.0102152 0.290034 0.343225 0.325952
0.0275846 0.00661352 0.00983184 0.355063 0.215242 0.385665
0.0234779 0.0290993 0.0163823 0.26088 0.509022 0.161139
0.0205562 0.028066 0.911038 0.0161361 0.0127419 0.0114615
0.867862 0.0298887 0.0534554 0.0207613 0.0119242 0.0161087
0.0606291 0.116358 0.737016 0.028727 0.0195696 0.0377004
0.0848726 0.508643 0.301111 0.045447 0.0258671 0.0340599
0.0126563 0.0044003 0.00599521 0.126677 0.112587 0.737685
0.102355 0.574438 0.221498 0.0455849 0.0273997 0.0287247
0.832575 0.0358676 0.0547897 0.0319951 0.025095 0.0196772
0.00188031 0.00164173 0.0088728 0.0452906 0.0353697 0.906945
0.0087069 0.00604581 0.00889149 0.175878 0.229394 0.571084
0.959441 0.00351474 0.0116707 0.00926294 0.00481189 0.0112984
0.140892 0.493742 0.194096 0.0639679 0.0438756 0.063426
0.0272394 0.00896931 0.0140277 0.439849 0.265411 0.244503
0.0632107 0.113409 0.740346 0.0256859 0.0216778 0.0356703
0.0121285 0.00382977 0.00549506 0.152393 0.220755 0.605398
0.0315148 0.00897815 0.0124565 0.216126 0.101493 0.629432
0.00976719 0.00548252 0.0062804 0.412261 0.341902 0.224307
0.812219 0.0112254 0.0595465 0.0508195 0.0289977 0.0371919
0.0176452 0.013602 0.0125913 0.178619 0.506892 0.270651
0.0186438 0.00978229 0.0112632 0.228892 0.538842 0.192577
0.0621435 0.0712399 0.659321 0.0663384 0.0388832 0.102074
0.163452 0.481221 0.251288 0.0416758 0.0351216 0.0272418
0.0142065 0.00946468 0.0103422 0.190447 0.198281 0.577259
0.0305509 0.0310402 0.0211544 0.244562 0.548536 0.124157
0.0179604 0.0338559 0.87699 0.0192214 0.0132456 0.0387271
0.4274 0.186127 0.122911 0.0967 0.101263 0.0655989
0.472193 0.0248185 0.0902445 0.0973134 0.0534531 0.261978
0.0837357 0.609571 0.219442 0.0324325 0.0238988 0.0309199
0.0613276 0.621764 0.210308 0.0387993 0.0279332 0.039868
0.702855 0.0675476 0.0674908 0.054229 0.042262 0.0656159
0.947636 0.00305553 0.0210988 0.0104966 0.00474118 0.0129715
0.0729413 0.0404282 0.823561 0.0254243 0.0212163 0.0164286
0.70676 0.0611206 0.15061 0.0326724 0.0199809 0.0288562
0.0252273 0.0151802 0.0170474 0.231149 0.444726 0.26667
0.229488 0.32236 0.33357 0.0444197 0.032706 0.0374563
0.0882503 0.0723629 0.731573 0.0342458 0.0226025 0.0509654
0.699605 0.0282802 0.104354 0.050204 0.0545403 0.0630166
0.0066409 0.00278403 0.00462937 0.337958 0.250578 0.397409
0.0704428 0.114982 0.69747 0.0412253 0.0296621 0.0462172
0.0274867 0.0234458 0.0212272 0.249716 0.40444 0.273685
0.956508 0.0066868 0.0135996 0.0110571 0.00518518 0.00696368
0.0277293 0.0259281 0.0294746 0.214143 0.357349 0.345376
0.0824401 0.202898 0.612321 0.0407368 0.0329567 0.0286476
0.293547 0.147383 0.40852 0.0556984 0.0488534 0.0459985
0.121787 0.578291 0.193407 0.0424256 0.028604 0.0354853
0.598682 0.173013 0.112689 0.0518815 0.028597 0.0351373
0.0247974 0.013487 0.0165783 0.350482 0.270506 0.32415
0.0225726 0.0144444 0.0124459 0.248019 0.598927 0.103591
0.00783408 0.00616122 0.00551148 0.27621 0.479514 0.22477
0.13705 0.525284 0.251049 0.0330367 0.0192801 0.0343001
0.0133979 0.00270524 0.0066226 0.158335 0.0741963 0.744743
0.834465 0.0308352 0.0516857 0.0338744 0.0267363 0.0224031
0.0269875 0.0220013 0.0368005 0.232373 0.252728 0.429109
0.0291178 0.0133028 0.0259361 0.136055 0.131746 0.663843
0.0285873 0.0394446 0.0347624 0.19989 0.356135 0.34118
0.0341933 0.0190745 0.0188487 0.25759 0.385593 0.2847
0.190065 0.342204 0.346659 0.0439954 0.0308471 0.0462294
0.0246977 0.0111019 0.0166991 0.227293 0.424239 0.295969
0.212519 0.207406 0.406756 0.0615703 0.0270346 0.0847145
0.138415 0.541942 0.232086 0.0340559 0.0195034 0.0339967
0.320339 0.361235 0.170695 0.0699981 0.0458233 0.0319096
0.0130224 0.0123298 0.0128527 0.2218 0.356222 0.383773
0.472116 0.172242 0.0960824 0.121498 0.0809857 0.057075
0.055828 0.00452579 0.0138554 0.151396 0.0612849 0.71311
0.0110849 0.00683659 0.0105671 0.192881 0.14953 0.629101
0.43771 0.233563 0.140222 0.079701 0.0440501 0.0647542
0.0269443 0.0276688 0.020855 0.222939 0.49474 0.206853
0.114713 0.321695 0.450668 0.038534 0.0181008 0.0562897
0.0148339 0.00776925 0.00945152 0.334643 0.258594 0.374708
0.0368344 0.0176249 0.0168736 0.384309 0.226541 0.317818
0.017426 0.00565172 0.0118684 0.185085 0.18691 0.593058
0.785991 0.0409999 0.0811355 0.0402384 0.0207334 0.0309023
0.00954113 0.00254099 0.00387405 0.150397 0.313684 0.519963
0.0260806 0.0315069 0.0213257 0.243001 0.335756 0.342329
0.0181666 0.00662796 0.0102685 0.166215 0.211405 0.587316
0.0146515 0.00908789 0.0169553 0.217874 0.356024 0.385408
0.00688968 0.00280465 0.00449025 0.312973 0.244501 0.428341
0.0333762 0.0108107 0.0125541 0.370635 0.281642 0.290982
0.00637469 0.0173794 0.933699 0.0101253 0.0100171 0.0224042
0.0677673 0.0330275 0.0315267 0.31141 0.162549 0.393719
0.10413 0.0134515 0.0210617 0.343243 0.158829 0.359285
0.108763 0.558661 0.224828 0.0438501 0.0281658 0.0357322
0.397743 0.236292 0.151263 0.0928129 0.0744394 0.0474498
0.0544864 0.107918 0.745733 0.0272206 0.0243747 0.0402671
0.163656 0.358132 0.394037 0.032856 0.0185502 0.0327678
0.637431 0.101018 0.103329 0.0763131 0.0549489 0.0269588
0.0121431 0.00693769 0.00709664 0.239597 0.573049 0.161176
0.0437385 0.0254735 0.0297357 0.24801 0.513571 0.139471
0.0176881 0.0162877 0.0195586 0.277041 0.293227 0.376198
0.899416 0.00619819 0.0184517 0.0335014 0.0258602 0.0165721
0.396736 0.100497 0.38932 0.045466 0.0382965 0.0296846
0.521583 0.185405 0.140851 0.0669225 0.0511159 0.0341229
0.926291 0.00340071 0.022345 0.0146379 0.00697824 0.0263475
0.0250201 0.015456 0.0184521 0.261645 0.230281 0.449145
0.0160927 0.00817418 0.0100023 0.323575 0.276985 0.365171
0.0757117 0.616316 0.222993 0.0320878 0.0200408 0.0328506
0.0366184 0.0341289 0.0257144 0.227552 0.482663 0.193322
0.0142879 0.0182789 0.892741 0.0197218 0.0143515 0.0406188
0.00577776 0.00179132 0.00343546 0.16742 0.115484 0.706091
0.888548 0.00795621 0.0246914 0.0379691 0.0186212 0.0222144
0.0586982 0.0542062 0.0347726 0.241915 0.415826 0.194582
0.00740177 0.0049069 0.0169375 0.071963 0.0625045 0.836286
0.256339 0.108413 0.284627 0.0817383 0.0494782 0.219405
0.0982805 0.561737 0.243743 0.0355013 0.0273203 0.0334179
0.887438 0.0118153 0.046741 0.0221646 0.0171193 0.014722
0.16058 0.331266 0.414711 0.034876 0.0248213 0.0337458
0.0215806 0.0056083 0.00913195 0.226288 0.104977 0.632414
0.011152 0.00985985 0.0130959 0.211855 0.423282 0.330755
0.0303128 0.00408747 0.00796861 0.271667 0.149516 0.536448
0.0170069 0.00525554 0.00711235 0.352766 0.170657 0.447202
0.00494119 0.00163344 0.0040511 0.107726 0.101967 0.779681
0.0201013 0.0245999 0.0448786 0.208622 0.1847 0.517098
0.0174702 0.0120295 0.0108765 0.30888 0.354209 0.296534
0.0847498 0.529239 0.29645 0.0336496 0.0257182 0.0301939
0.0183513 0.021599 0.0156356 0.253131 0.348263 0.34302
0.0166139 0.00382525 0.00521792 0.228155 0.284792 0.461396
0.047898 0.116279 0.753377 0.0316272 0.0258055 0.0250137
0.0128376 0.00400769 0.00673839 0.165393 0.217128 0.593895
0.0149584 0.0187065 0.926684 0.0124758 0.00710825 0.0200674
0.0263758 0.215852 0.609979 0.0376408 0.0237749 0.0863777
0.158008 0.590141 0.142229 0.0480867 0.0233733 0.0381625
0.659653 0.124951 0.126944 0.0391537 0.0225906 0.0267071
0.00824011 0.00337199 0.00630297 0.172969 0.151339 0.657777
0.0213203 0.0521652 0.824526 0.0224358 0.0156767 0.063876
0.00529538 0.0137645 0.942797 0.0113434 0.0054579 0.0213417
0.00436175 0.00207846 0.00469944 0.169324 0.12483 0.694706
0.0204697 0.0164807 0.016488 0.222024 0.290542 0.433996
0.0203568 0.167217 0.729864 0.0275782 0.018067 0.0369172
0.00773216 0.00168494 0.0029141 0.207268 0.273823 0.506577
0.028351 0.0241083 0.0289664 0.243657 0.411437 0.26348
0.0162364 0.00869357 0.0121429 0.190254 0.175729 0.596945
0.596804 0.177489 0.0984341 0.0622604 0.0292846 0.0357269
0.00198455 0.00111031 0.00773785 0.0350133 0.0169908 0.937163
0.221856 0.243304 0.365315 0.0662579 0.0603789 0.0428883
0.783065 0.0460518 0.075475 0.0368689 0.0200699 0.0384693
0.0277452 0.010388 0.0122533 0.2285 0.193871 0.527243
0.0220653 0.023651 0.0553932 0.166846 0.200261 0.531784
0.297338 0.181274 0.315095 0.0745098 0.0720027 0.0597812
0.0863879 0.106005 0.71806 0.0273369 0.0164638 0.0457466
0.00257643 0.00201422 0.0098993 0.0364567 0.027928 0.921125
0.261781 0.118784 0.410238 0.0826681 0.089221 0.0373085
0.768786 0.0770829 0.0754188 0.0327523 0.0227407 0.0232194
0.0313115 0.0158638 0.0179594 0.351853 0.231558 0.351454
0.385588 0.232572 0.137996 0.103764 0.0789861 0.0610939
0.0341757 0.139099 0.688385 0.0327217 0.0210764 0.0845422
0.00293436 0.00306243 0.0141558 0.0820595 0.0900887 0.807699
0.0149683 0.00669608 0.00621204 0.247116 0.627154 0.0978534
0.717319 0.0075706 0.103721 0.0537936 0.020178 0.097418
0.00318947 0.00380243 0.0104897 0.0630524 0.041236 0.87823
0.118153 0.41916 0.370255 0.0370684 0.0301832 0.0251808
0.00450046 0.00434947 0.00411791 0.298905 0.498081 0.190047
0.0362726 0.0169592 0.014206 0.353397 0.207741 0.371425
0.0124882 0.00271136 0.00579258 0.154756 0.0816391 0.742613
0.016003 0.0083297 0.0106496 0.209935 0.207252 0.547831
0.00558326 0.00270516 0.00384802 0.309809 0.268075 0.40998
0.00658932 0.00301773 0.00352584 0.242689 0.679579 0.0645991
0.0127645 0.00410756 0.0114004 0.198555 0.101944 0.671228
0.481395 0.199887 0.111799 0.0980519 0.0609404 0.0479261
0.385927 0.0257619 0.486453 0.0432182 0.0318015 0.0268381
0.0195587 0.0109405 0.0133541 0.261822 0.178662 0.515663
0.405008 0.21498 0.182508 0.0880131 0.0673339 0.0421567
0.759512 0.0575065 0.0639085 0.0453304 0.0403633 0.0333789
0.0257122 0.0614771 0.840142 0.0238805 0.0132518 0.0355362
0.0193186 0.0273448 0.880434 0.0150099 0.0117932 0.0460994
0.0388258 0.013983 0.0152961 0.372026 0.152878 0.406991
0.0278777 0.0125228 0.0174857 0.228206 0.479257 0.234651
0.736255 0.0661948 0.110902 0.0404217 0.0237461 0.0224803
0.184406 0.0258892 0.408239 0.0405184 0.0180445 0.322903
0.00917135 0.00551792 0.00855184 0.222383 0.197235 0.557141
0.0125754 0.00626323 0.00887009 0.167977 0.191863 0.612451
0.0130225 0.00646218 0.0168393 0.0949261 0.0647304 0.804019
0.00749649 0.00607289 0.00791101 0.266016 0.287822 0.424682
0.020898 0.00526278 0.00566895 0.307195 0.484492 0.176483
0.149843 0.51053 0.251603 0.0352305 0.0214929 0.0313007
0.0141119 0.0112268 0.0107025 0.235373 0.454298 0.274288
0.18007 0.153649 0.540745 0.0487908 0.0438322 0.0329126
0.0451306 0.0270708 0.877337 0.0205748 0.0181183 0.011769
0.0162578 0.0156704 0.0137904 0.275141 0.444496 0.234645
0.00924838 0.0039285 0.0124911 0.224566 0.125108 0.624658
0.118041 0.533085 0.237887 0.0429256 0.029376 0.0386857
0.0267784 0.0216706 0.0175614 0.226476 0.603002 0.104512
0.0272951 0.0142559 0.37668 0.0912963 0.0449181 0.445555
0.159721 0.375859 0.379932 0.0318837 0.0238608 0.0287435
0.304419 0.29818 0.184688 0.0736404 0.0784542 0.0606184
0.354957 0.248612 0.174639 0.0744246 0.0799433 0.0674246
0.0106594 0.00353849 0.00660925 0.254708 0.200256 0.524229
0.0293097 0.0375787 0.0342808 0.236624 0.396488 0.265719
0.0205674 0.00670406 0.00998448 0.224591 0.302363 0.43579
0.102688 0.569548 0.234822 0.0401032 0.0241319 0.0287065
0.895718 0.0126504 0.0502233 0.0128686 0.00572621 0.0228133
0.0473825 0.141786 0.656232 0.0375556 0.0228105 0.0942336
0.0611417 0.0534748 0.798871 0.0162011 0.00756042 0.0627506
0.0367906 0.0107234 0.0201667 0.173209 0.170888 0.588223
0.724772 0.0543561 0.153215 0.028145 0.0161356 0.0233754
0.00868148 0.00327021 0.00407648 0.261277 0.573188 0.149507
0.0109672 0.00467132 0.00795556 0.286725 0.227055 0.462626
0.00470721 0.0024298 0.00221797 0.261987 0.606868 0.121789
0.0132609 0.032571 0.867577 0.0244154 0.0154937 0.0466825
0.015738 0.00326396 0.0033536 0.196905 0.119805 0.660934
0.944299 0.00267646 0.017397 0.0123672 0.00593742 0.0173232
0.140973 0.45902 0.30061 0.0394274 0.0287745 0.0311953
0.0307266 0.027868 0.0253037 0.195915 0.593326 0.126861
0.00686 0.0152659 0.921938 0.0147275 0.00874815 0.032461
0.172161 0.249567 0.160018 0.142551 0.0631689 0.212534
0.0132272 0.00423026 0.00510855 0.296947 0.535439 0.145048
0.847299 0.027983 0.065576 0.0262593 0.0178525 0.01503
0.00749965 0.00467528 0.953731 0.00654308 0.00423374 0.0233171
0.679031 0.0794515 0.0889957 0.0561426 0.0555992 0.04078
0.0109489 0.00415837 0.00406872 0.294745 0.219571 0.466508
0.0219675 0.0132687 0.0186428 0.21983 0.186501 0.539791
0.0632377 0.0174423 0.0227517 0.273246 0.423741 0.199582
0.705413 0.079005 0.129981 0.034531 0.0217433 0.0293267
0.00356805 0.00220614 0.00466487 0.100227 0.0638653 0.825469
0.729384 0.0769384 0.1195 0.0322095 0.0176739 0.0242948
0.052575 0.020872 0.690843 0.0634469 0.0389629 0.1333
0.113779 0.0431475 0.757411 0.0329252 0.0274226 0.025315
0.855672 0.0235421 0.0669576 0.0236687 0.0174871 0.012672
0.32066 0.366874 0.20305 0.0476101 0.0247886 0.0370168
0.00860636 0.00850564 0.00884332 0.322049 0.355157 0.296839
0.0384273 0.0199343 0.0165035 0.314773 0.384992 0.225369
0.0287021 0.0292149 0.0194393 0.274217 0.379874 0.268552
0.0766539 0.588816 0.233664 0.038239 0.0281348 0.0344925
0.270264 0.217031 0.130019 0.120262 0.174251 0.0881719
0.00563712 0.00316437 0.00346077 0.256853 0.377597 0.353288
0.0134732 0.00788297 0.00607505 0.257579 0.50697 0.20802
0.0385424 0.0271045 0.0334539 0.348734 0.264171 0.287995
0.016901 0.00913495 0.00759285 0.230492 0.455331 0.280548
0.606588 0.075707 0.180585 0.0640742 0.0291821 0.0438632
0.00848448 0.00232619 0.00425114 0.164974 0.0731469 0.746817
0.0279212 0.00926051 0.00947101 0.292587 0.339535 0.321225
0.00708232 0.00494899 0.0435002 0.0602772 0.0494373 0.834754
0.112236 0.459895 0.337301 0.0369058 0.0286651 0.0249978
0.0207648 0.0201544 0.916729 0.0144925 0.00806639 0.0197926
0.0493666 0.343036 0.42966 0.0501578 0.0364138 0.0913658
0.671866 0.130729 0.0890107 0.0491079 0.0251944 0.0340923
0.265988 0.276325 0.157121 0.115434 0.111392 0.0737403
0.209247 0.44025 0.232728 0.0453949 0.0359983 0.0363825
0.0113856 0.00152928 0.00466397 0.117547 0.103842 0.761032
0.024367 0.013787 0.0290929 0.210994 0.291766 0.429993
0.56652 0.0222286 0.0842832 0.0825438 0.0442786 0.200146
0.0128721 0.0133972 0.0213826 0.185996 0.303298 0.463054
0.0839987 0.607867 0.235586 0.0289672 0.0178706 0.0257109
0.00191049 0.00177376 0.00491917 0.0478837 0.0266151 0.916898
0.140296 0.237978 0.529802 0.0285526 0.0170734 0.0462973
0.735237 0.0283347 0.122029 0.04761 0.0376063 0.0291832
0.938934 0.00462791 0.0156634 0.0151306 0.011246 0.0143976
0.0117487 0.00365007 0.00658756 0.285246 0.16129 0.531478
0.328179 0.372478 0.166965 0.0552406 0.0450844 0.0320531
0.147151 0.539372 0.205815 0.0438741 0.0334154 0.0303727
0.0114279 0.0048737 0.00968297 0.0882287 0.0925133 0.793273
0.0350154 0.0110654 0.0152567 0.278372 0.417512 0.242778
0.638004 0.11151 0.166824 0.0358267 0.0192946 0.028541
0.264851 0.381932 0.222734 0.0526731 0.0466917 0.0311176
0.0177432 0.014313 0.0115322 0.300041 0.461029 0.195342
0.0226505 0.022192 0.0221986 0.212627 0.246136 0.474195
0.849883 0.0434505 0.0467695 0.0295894 0.019933 0.010375
0.0232837 0.0153314 0.0225547 0.229152 0.246242 0.463437
0.035895 0.0116371 0.0145697 0.276902 0.251769 0.409227
0.0153392 0.00712218 0.00662906 0.329268 0.281594 0.360047
0.936012 0.0069699 0.0192401 0.0173776 0.0120427 0.00835808
0.00738935 0.00150273 0.00222151 0.241597 0.169402 0.577887
0.0223615 0.0163237 0.0175942 0.230855 0.429014 0.283851
0.00479116 0.00558827 0.00599422 0.325061 0.440026 0.218539
0.315007 0.398098 0.142366 0.0532448 0.0497755 0.0415085
0.0378126 0.0278709 0.026155 0.241172 0.532017 0.134973
0.00651587 0.00631037 0.0221242 0.116231 0.0879926 0.760826
0.0173472 0.010688 0.00893379 0.273757 0.409987 0.279287
0.0740568 0.61357 0.179246 0.0515218 0.0398363 0.0417697
0.129633 0.0309162 0.045322 0.365581 0.197752 0.230797
0.0399875 0.116132 0.696347 0.0314035 0.0196827 0.0964471
0.260869 0.434487 0.20171 0.0465932 0.0285802 0.0277603
0.838324 0.0488452 0.0527962 0.0301665 0.0192251 0.0106433
0.00714952 0.00408716 0.00547618 0.363529 0.329636 0.290122
0.53346 0.046119 0.279568 0.0462916 0.033269 0.0612915
0.895701 0.0198967 0.041359 0.0171581 0.0121844 0.0137013
0.0268554 0.0286676 0.0296668 0.239878 0.329471 0.345461
0.0218306 0.0242093 0.0179183 0.240074 0.405941 0.290027
0.931638 0.00919931 0.0301474 0.0136223 0.00885613 0.00653696
0.599142 0.102817 0.10846 0.0627279 0.0422881 0.0845644
0.0200681 0.00574998 0.00668056 0.242789 0.515571 0.209142
0.0118268 0.00306314 0.00661734 0.204533 0.219401 0.55456
0.00743237 0.00189184 0.00281391 0.0884465 0.0476682 0.851747
0.113528 0.610977 0.170569 0.0426939 0.0281383 0.0340937
0.00975076 0.00224634 0.00318957 0.179349 0.400705 0.404759
0.530492 0.0843376 0.301243 0.035653 0.0280047 0.0202692
0.0136638 0.00710682 0.00671244 0.222861 0.5917 0.157956
0.0803681 0.598664 0.223512 0.0379644 0.0265519 0.0329399
0.00783569 0.00291376 0.00386301 0.115356 0.139646 0.730385
0.0183227 0.0173967 0.924214 0.0115448 0.00790889 0.0206131
0.248083 0.402913 0.183463 0.0619815 0.0626664 0.0408932
0.626731 0.0486033 0.102091 0.0904919 0.0819517 0.050131
0.00169152 0.00113993 0.004786 0.0497443 0.0348662 0.907772
0.588907 0.0638226 0.285408 0.0278316 0.0185512 0.0154798
0.0101488 0.0101751 0.0196305 0.151497 0.126137 0.682412
0.0105918 0.00382325 0.00565523 0.357609 0.192001 0.43032
0.111021 0.538393 0.241741 0.0400333 0.0286732 0.0401383
0.892591 0.00830346 0.0306801 0.0264699 0.0118132 0.0301421
0.725145 0.0466388 0.109505 0.0483878 0.0360212 0.034302
0.0887875 0.117568 0.694997 0.0405113 0.0337194 0.0244164
0.0605117 0.354713 0.488881 0.0322205 0.019972 0.0437014
0.27643 0.106037 0.251115 0.0817719 0.0424501 0.242196
0.949412 0.00748165 0.0219663 0.00931555 0.00573839 0.00608643
0.0362017 0.0149045 0.0157078 0.252049 0.129568 0.551569
0.015891 0.0125999 0.00904248 0.230985 0.484962 0.24652
0.0382539 0.0269896 0.0592969 0.187322 0.296077 0.39206
0.0208456 0.0110122 0.00818746 0.248543 0.293585 0.417827
0.0278314 0.00741903 0.0102885 0.403116 0.248504 0.302841
0.0211328 0.0060117 0.0218358 0.13067 0.073136 0.747213
0.0450533 0.0334685 0.0321565 0.248214 0.420091 0.221017
0.175116 0.431745 0.271873 0.0493792 0.0346844 0.0372026
0.378133 0.335233 0.145427 0.0669043 0.0433204 0.0309823
0.00873146 0.00907797 0.0183218 0.0923828 0.0714059 0.80008
0.912969 0.00664909 0.0439361 0.0136519 0.00628394 0.0165094
0.0175473 0.0180256 0.0191154 0.228574 0.268619 0.448118
0.528654 0.187642 0.125932 0.0708948 0.0380333 0.0488428
0.264144 0.441367 0.164456 0.0598492 0.0270343 0.0431496
0.0782763 0.610796 0.217068 0.0404162 0.0230474 0.0303967
0.0262492 0.00869164 0.00884351 0.309044 0.449959 0.197213
0.00775275 0.00187914 0.00522082 0.0744325 0.0591704 0.851544
0.00463236 0.00911294 0.944583 0.00961255 0.0086266 0.0234322
0.0102351 0.00961057 0.0393084 0.122665 0.149743 0.668437
0.0152413 0.00908114 0.0208059 0.166088 0.118529 0.670255
0.0393618 0.0151272 0.0208366 0.291897 0.519046 0.113731
0.0925712 0.410155 0.39285 0.0380085 0.0304511 0.0359642
0.00246756 0.00232595 0.0244809 0.0449659 0.0295285 0.896231
0.0400989 0.0976444 0.756505 0.0297783 0.0200665 0.0559071
0.0353888 0.0179703 0.0194739 0.186873 0.266813 0.47348
0.13378 0.0167666 0.0219073 0.39345 0.169128 0.264968
0.00389595 0.00284671 0.00864168 0.0655794 0.0496882 0.869348
0.0237324 0.0318261 0.818095 0.0356909 0.0213357 0.06932
0.598619 0.0268829 0.0830934 0.0572549 0.0230695 0.21108
0.0986234 0.612224 0.208148 0.0346461 0.018323 0.0280347
0.258755 0.453149 0.1575 0.0543731 0.0365494 0.039673
0.00833517 0.00258033 0.00609364 0.230159 0.109183 0.643649
0.349195 0.0569309 0.24584 0.0858892 0.0402936 0.221851
0.441876 0.177864 0.25063 0.0574151 0.0262729 0.0459423
0.0240739 0.0211581 0.020828 0.222079 0.539552 0.172309
0.647248 0.143092 0.0987265 0.0509199 0.0250976 0.0349161
0.0196498 0.250796 0.592087 0.0341811 0.0246365 0.0786488
0.0131 0.00616705 0.609675 0.0403143 0.02584 0.304904
0.00939732 0.00841365 0.00826704 0.210322 0.501329 0.262271
0.935269 0.00594388 0.0280926 0.0126647 0.00566832 0.0123612
0.398428 0.127194 0.191337 0.0946971 0.112848 0.0754955
0.00925268 0.00294762 0.00451324 0.112925 0.101713 0.768648
0.129888 0.0126751 0.0448602 0.127604 0.0563456 0.628627
0.0157584 0.0065121 0.00808636 0.245901 0.544196 0.179546
0.0302286 0.0061752 0.00836328 0.301276 0.380321 0.273636
0.00576413 0.0038546 0.0114518 0.0637165 0.0528986 0.862314
0.334365 0.0457872 0.493979 0.0535132 0.0404607 0.0318949
0.844998 0.0307618 0.0760421 0.0211902 0.0121242 0.0148832
0.86148 0.0263633 0.0568054 0.0190773 0.00832709 0.0279464
0.0369375 0.270781 0.499496 0.0539539 0.0445501 0.0942815
0.712871 0.0183425 0.0927348 0.0694353 0.0478945 0.0587215
0.396819 0.263948 0.122483 0.0990209 0.0671246 0.0506051
0.023253 0.0163323 0.0154168 0.214682 0.395781 0.334535
0.779883 0.00967227 0.0689101 0.0481303 0.0188031 0.0746014
0.0315717 0.0316759 0.0206252 0.212551 0.545227 0.158349
0.145203 0.213514 0.513851 0.0515287 0.0430278 0.032876
0.031259 0.0256851 0.025911 0.216094 0.456878 0.244173
0.371773 0.141677 0.211804 0.071724 0.043364 0.159657
0.347867 0.207673 0.145154 0.0950998 0.11425 0.089956
0.0458446 0.0149668 0.0215128 0.296023 0.399044 0.22261
0.290635 0.391614 0.210136 0.0474445 0.0254545 0.0347154
0.0149801 0.0126157 0.0210112 0.232096 0.269655 0.449642
0.0224004 0.0370225 0.804904 0.0261324 0.0193362 0.0902044
0.0306416 0.00562346 0.024015 0.087839 0.0459492 0.805932
0.0160868 0.011736 0.0133796 0.209241 0.371553 0.378003
0.0244815 0.0113092 0.0113954 0.292757 0.400557 0.2595
0.0152628 0.0256443 0.886576 0.0210618 0.014213 0.0372425
0.945573 0.00287091 0.0144406 0.0119536 0.00553999 0.0196223
0.0546877 0.233952 0.633626 0.0257147 0.0181931 0.0338261
0.0110754 0.00882242 0.00978887 0.28421 0.36364 0.322463
0.0914268 0.354548 0.418826 0.0554171 0.0363703 0.0434115
0.0145592 0.00677499 0.00755117 0.231532 0.340376 0.399206
0.0186279 0.00962205 0.00836047 0.248065 0.610509 0.104816
0.183257 0.43796 0.234083 0.0509542 0.03688 0.056865
0.0105925 0.0046724 0.00555614 0.391523 0.269809 0.317847
0.011891 0.0082314 0.0126164 0.163102 0.191704 0.612456
0.00602212 0.0173419 0.926281 0.0133714 0.00756921 0.0294145
0.147309 0.169985 0.562646 0.0450398 0.0433249 0.031695
0.0142683 0.00476065 0.0081214 0.231916 0.301601 0.439333
0.0420483 0.0159897 0.651987 0.050602 0.0401651 0.199208
0.0120705 0.0121479 0.0142956 0.191249 0.318342 0.451894
0.0520736 0.0208456 0.0344867 0.19798 0.312461 0.382153
0.593672 0.125915 0.169918 0.0446987 0.0372989 0.0284983
0.0222314 0.00862743 0.0094612 0.329531 0.214607 0.415542
0.071381 0.0934443 0.741186 0.0300285 0.0226882 0.0412715
0.0069261 0.00221314 0.00450708 0.111594 0.0986224 0.776137
0.0249537 0.0162334 0.0259594 0.175373 0.279326 0.478154
0.0234222 0.0215909 0.0226516 0.218295 0.39968 0.31436
0.0264591 0.00524537 0.00771692 0.230841 0.262738 0.467
0.643764 0.0393592 0.116204 0.0501875 0.0223705 0.128115
0.184246 0.105098 0.418009 0.0599181 0.0307962 0.201933
0.0455693 0.0802978 0.791139 0.0245093 0.021785 0.0366994
0.0181592 0.0140356 0.0124036 0.24902 0.18632 0.520061
0.0114499 0.00585972 0.00587417 0.27249 0.540887 0.163439
0.535436 0.0935812 0.271449 0.0459143 0.037973 0.015646
0.0630655 0.0643254 0.792772 0.0205171 0.0117497 0.04757
0.699786 0.0797264 0.14663 0.0324652 0.0180791 0.0233129
0.0146446 0.00510141 0.0146564 0.303509 0.191571 0.470518
0.444426 0.267401 0.171837 0.0526911 0.0292953 0.0343498
0.0437862 0.00404775 0.0101347 0.124288 0.0407674 0.776976
0.0256476 0.01159 0.00986401 0.252378 0.389914 0.310607
0.0193376 0.0111583 0.0164512 0.189196 0.323701 0.440156
0.0885796 0.596613 0.219477 0.0361168 0.0276473 0.0315655
0.0148627 0.00835562 0.0134988 0.145623 0.104579 0.713081
0.0390145 0.0204653 0.0176316 0.296424 0.291625 0.33484
0.014283 0.0115085 0.0257813 0.192553 0.18634 0.569534
0.344153 0.351677 0.178978 0.0499439 0.0414247 0.0338233
0.019186 0.021912 0.0350409 0.262873 0.347652 0.313336
0.924976 0.00720715 0.01829 0.0200835 0.0142406 0.0152027
0.0526772 0.0453672 0.0322801 0.243184 0.360736 0.265755
0.0214302 0.0260842 0.0276033 0.219111 0.362111 0.34366
0.0263372 0.0282491 0.889808 0.0153387 0.014447 0.0258204
0.0125472 0.0127224 0.013673 0.199285 0.287044 0.474728
0.0159403 0.0089568 0.0130736 0.252311 0.474508 0.23521
0.0115458 0.00936427 0.0201116 0.134323 0.122638 0.702017
0.028474 0.00609035 0.0111238 0.258858 0.530426 0.165027
0.0957356 0.435706 0.361367 0.038399 0.0307966 0.0379955
0.222964 0.200505 0.487906 0.0390019 0.0320857 0.0175369
0.168783 0.196903 0.492952 0.0443443 0.0157281 0.0812891
0.180363 0.414625 0.296522 0.0442399 0.0325591 0.0316918
0.931281 0.00839311 0.0216943 0.0161773 0.0122728 0.010182
0.00929112 0.00357228 0.0044551 0.286546 0.484234 0.211901
0.777191 0.0358024 0.0470447 0.04715 0.0406293 0.0521825
0.0504787 0.146648 0.697708 0.0321015 0.0226047 0.0504585
0.400352 0.195255 0.249905 0.0548123 0.0563897 0.0432862
0.567456 0.0282705 0.288166 0.0534098 0.038449 0.0242491
0.0198484 0.00847643 0.0128288 0.126773 0.14655 0.685523
0.0342818 0.0105795 0.0107094 0.313413 0.387742 0.243275
0.0114314 0.0333634 0.896043 0.0156533 0.00889636 0.0346124
0.0115903 0.00534128 0.00701349 0.247345 0.460806 0.267904
0.17364 0.491222 0.224359 0.0436665 0.0320632 0.0350494
0.273821 0.018575 0.628994 0.0359357 0.0238393 0.0188351
0.0189037 0.0100275 0.152666 0.075681 0.0357628 0.706959
0.621433 0.125504 0.115937 0.0586722 0.0310812 0.0473714
0.834207 0.0248178 0.0842041 0.0200276 0.0127267 0.024017
0.0289677 0.0303173 0.0315556 0.223123 0.398206 0.287831
0.0185598 0.0112831 0.0127101 0.287578 0.356092 0.313778
0.115343 0.0181468 0.0221374 0.341327 0.159489 0.343557
0.386035 0.176183 0.298802 0.0606572 0.0432703 0.0350521
0.00834937 0.00562417 0.0366465 0.107623 0.0948481 0.746909
0.0263973 0.00713952 0.0107534 0.297552 0.187664 0.470494
0.00890491 0.0106859 0.00722636 0.267941 0.54302 0.162222
0.816514 0.0383974 0.0346572 0.0504141 0.0348123 0.0252045
0.924515 0.010606 0.0391481 0.0126496 0.00784835 0.0052333
0.0363579 0.0229586 0.023962 0.237405 0.521176 0.158141
0.280155 0.286719 0.18134 0.0915386 0.107579 0.0526688
0.00574294 0.00504224 0.0112082 0.115415 0.137439 0.725153
0.0693543 0.366856 0.474722 0.0304318 0.0243746 0.0342606
0.0348585 0.0133698 0.0146081 0.260738 0.52974 0.146686
0.396032 0.146941 0.0859804 0.156491 0.135965 0.0785915
0.214366 0.469077 0.199966 0.0496347 0.0311785 0.0357775
0.0893321 0.0481452 0.578226 0.0949539 0.0580411 0.131302
0.618393 0.128934 0.110638 0.0675942 0.0480987 0.0263422
0.015873 0.152203 0.736775 0.0277488 0.0167452 0.0506549
0.0292826 0.0260465 0.0176851 0.246684 0.53877 0.141531
0.0217684 0.00771009 0.0112918 0.430776 0.405401 0.123052
0.0188369 0.0128141 0.0168117 0.206139 0.421684 0.323715
0.273329 0.158781 0.258567 0.121165 0.110247 0.0779115
0.0299442 0.0179616 0.884391 0.0191734 0.0170084 0.0315214
0.571009 0.0896088 0.250893 0.0398315 0.033404 0.0152534
0.00330239 0.0111638 0.94812 0.0104967 0.00559867 0.0213189
0.0275558 0.018158 0.0293325 0.179259 0.152971 0.592724
0.0173323 0.0141343 0.0157415 0.227086 0.486977 0.238729
0.0141741 0.0428561 0.892427 0.0163581 0.0114759 0.0227093
0.0176393 0.0191485 0.0129401 0.26665 0.506598 0.177025
0.00590408 0.00397186 0.0049692 0.356312 0.315933 0.31291
0.036241 0.28591 0.503852 0.0415026 0.0293709 0.103123
0.0172775 0.00622485 0.00649353 0.332969 0.307997 0.329038
0.0097332 0.00414901 0.00425639 0.316276 0.343641 0.321944
0.0394495 0.403293 0.41221 0.0409243 0.031441 0.0726824
0.0371002 0.0731495 0.764837 0.0262904 0.0147457 0.0838773
0.00957305 0.00628555 0.00901889 0.240048 0.292052 0.443023
0.032034 0.0425252 0.875269 0.0179347 0.011199 0.0210379
0.0336186 0.00894906 0.00938546 0.278331 0.441146 0.22857
0.587502 0.0791932 0.196366 0.0507131 0.0474879 0.0387369
0.0253041 0.0662757 0.685517 0.0357671 0.0257124 0.161424
0.00916882 0.00394965 0.00473967 0.336876 0.356588 0.288679
0.910603 0.0151393 0.0347026 0.0163672 0.0122989 0.0108888
0.00568966 0.00178933 0.00252712 0.0799317 0.0520113 0.858051
0.0066096 0.00459717 0.0111059 0.0711486 0.0636747 0.842864
0.21795 0.113318 0.197105 0.130613 0.0635273 0.277487
0.0119664 0.0116978 0.00904059 0.231073 0.490976 0.245246
0.00728046 0.00328605 0.00514665 0.120222 0.126073 0.737991
0.360461 0.194118 0.259666 0.0578466 0.030684 0.0972242
0.0128157 0.00824966 0.00845278 0.224311 0.214337 0.531834
0.0131301 0.0093171 0.940347 0.0101684 0.00612514 0.020912
0.0283005 0.00810879 0.00799094 0.285558 0.18911 0.480932
0.0277923 0.031862 0.0254208 0.255872 0.306745 0.352308
0.0044298 0.00526078 0.953237 0.00722107 0.00448145 0.0253699
0.0110723 0.00483625 0.00597759 0.276517 0.53134 0.170257
0.0296055 0.0353581 0.0333423 0.21856 0.320339 0.362795
0.00494494 0.00587769 0.0166082 0.106672 0.119605 0.746293
0.555971 0.0593546 0.127834 0.0857444 0.0480443 0.123051
0.602011 0.149814 0.132553 0.0474146 0.0321324 0.036075
0.163318 0.165385 0.515875 0.0575855 0.0409631 0.0568727
0.104395 0.571732 0.225489 0.0440424 0.0253722 0.0289692
0.317076 0.326181 0.180049 0.0689327 0.0454677 0.0622934
0.0578382 0.162845 0.687227 0.0311645 0.0210496 0.0398756
0.0150465 0.00612077 0.955394 0.00748642 0.00417768 0.0117745
0.0244213 0.00875422 0.0119349 0.270312 0.282052 0.402525
0.00548965 0.00375354 0.00471448 0.210083 0.23215 0.54381
0.069621 0.154628 0.67972 0.0394021 0.0307662 0.0258631
0.00605952 0.00162718 0.00314629 0.177694 0.0892267 0.722246
0.858642 0.00705306 0.0485283 0.0246843 0.0115091 0.049583
0.00816851 0.00390122 0.00663628 0.109134 0.161032 0.711129
0.00397872 0.00414853 0.00423868 0.333761 0.417021 0.236852
0.00343713 0.00238485 0.00796802 0.0612147 0.0442315 0.880764
0.0165329 0.0277542 0.905874 0.0114061 0.00946029 0.0289729
0.037044 0.0379505 0.0244211 0.24163 0.521343 0.137612
0.0302185 0.0103025 0.0115738 0.346648 0.225375 0.375882
0.143525 0.110671 0.552423 0.0468557 0.0204771 0.126048
0.0285046 0.0100458 0.0113287 0.309226 0.432118 0.208777
0.0535555 0.105466 0.764333 0.03083 0.0267517 0.0190639
0.0155458 0.00400484 0.00550853 0.216931 0.495357 0.262653
0.696344 0.0203988 0.127625 0.0212336 0.00969466 0.124705
0.0779297 0.0525212 0.767339 0.0337787 0.0209012 0.0475298
0.128037 0.524044 0.241342 0.0397755 0.0303635 0.0364385
0.259414 0.426337 0.196646 0.0482629 0.0403164 0.0290237
0.0493004 0.401142 0.446126 0.0406383 0.0272712 0.0355221
0.0110801 0.0808177 0.834486 0.0212663 0.0138296 0.0385202
0.00619174 0.00495729 0.00350813 0.196625 0.677936 0.110782
0.0319993 0.00935971 0.0158953 0.259639 0.460212 0.222895
0.0212467 0.0149833 0.0176397 0.27274 0.271442 0.401948
0.0146881 0.00508162 0.00748031 0.210358 0.408576 0.353816
0.0698255 0.618595 0.144503 0.0595923 0.0477599 0.0597244
0.00547038 0.00356445 0.013006 0.0550321 0.0482797 0.874647
0.0169868 0.0205471 0.0517927 0.134355 0.135157 0.641161
0.00557388 0.00406975 0.00559274 0.334658 0.288012 0.362094
0.838735 0.0133723 0.0302752 0.0581953 0.0240126 0.0354097
0.140204 0.225357 0.508862 0.0399757 0.0171954 0.0684057
0.692873 0.121418 0.0865344 0.0470251 0.0240376 0.0281119
0.00584907 0.00582791 0.00576478 0.23475 0.468287 0.279522
0.0163358 0.0133327 0.0318617 0.139116 0.198311 0.601043
0.044221 0.335609 0.468568 0.0372093 0.0287719 0.0856214
0.00543248 0.0159717 0.932743 0.0130088 0.00760524 0.0252386
0.179567 0.516706 0.191852 0.0467773 0.0299324 0.0351659
0.0379496 0.112065 0.756488 0.0265175 0.0153957 0.0515837
0.01637 0.00585573 0.0100531 0.209871 0.235813 0.522037
0.0340062 0.037807 0.0323905 0.214317 0.369018 0.312461
0.0100504 0.00243772 0.0030304 0.203873 0.1478 0.632809
0.0366614 0.0205651 0.0229127 0.273863 0.440335 0.205663
0.0186869 0.0195594 0.0179503 0.245108 0.296303 0.402393
0.0178475 0.00508714 0.0081827 0.383394 0.237082 0.348406
0.0112686 0.00230486 0.00515689 0.135463 0.147664 0.698143
0.925256 0.0126953 0.019692 0.0219726 0.0121199 0.00826423
0.263165 0.274574 0.307506 0.0639928 0.0521854 0.0385766
0.0144665 0.00441971 0.00490178 0.259413 0.511713 0.205086
0.0188036 0.00710274 0.00664 0.223193 0.483231 0.261029
0.681519 0.11621 0.113484 0.0386582 0.0250326 0.0250965
0.0122896 0.00233108 0.00362996 0.183341 0.209718 0.588691
0.949539 0.00659302 0.0234355 0.00913694 0.00651137 0.00478475
0.0283051 0.0156041 0.0171156 0.209461 0.430694 0.29882
0.00644976 0.00188271 0.00827633 0.0500334 0.0312255 0.902132
0.884105 0.0170818 0.0237043 0.0335335 0.0226555 0.0189197
0.0294685 0.214976 0.650654 0.029778 0.0216688 0.0534546
0.012341 0.00502186 0.00626371 0.224874 0.510488 0.241011
0.021441 0.0271134 0.0203457 0.260232 0.500165 0.170702
0.139583 0.130354 0.596986 0.0421605 0.0228489 0.068068
0.0267708 0.0142363 0.0111639 0.282885 0.342557 0.322387
0.950039 0.00287861 0.0124701 0.0131625 0.0113076 0.0101427
0.0126764 0.0132468 0.0153029 0.192146 0.278288 0.48834
0.192439 0.126169 0.310809 0.0821276 0.0565373 0.231918
0.511378 0.100482 0.201161 0.0516302 0.0255023 0.109846
0.0107461 0.00391787 0.00509427 0.219568 0.272573 0.488101
0.171405 0.260313 0.442644 0.048759 0.0252343 0.0516448
0.0125257 0.00532729 0.00652045 0.235722 0.545756 0.194148
0.663052 0.0785157 0.0935808 0.0609699 0.0578865 0.0459954
0.609122 0.00856538 0.11747 0.0960746 0.0335176 0.13525
0.385648 0.0336485 0.521331 0.0278897 0.0165744 0.0149079
0.226742 0.114697 0.306483 0.113194 0.0889151 0.149969
0.0397448 0.0234555 0.0228408 0.251718 0.486247 0.175994
0.539262 0.186712 0.121563 0.0745205 0.0461653 0.0317765
0.897888 0.011585 0.0234875 0.0280697 0.0199246 0.0190451
0.558798 0.0376076 0.215598 0.0290439 0.0131364 0.145816
0.502471 0.217095 0.156404 0.0532468 0.0327267 0.0380567
0.0192058 0.00682907 0.0126659 0.245615 0.367685 0.347999
0.0297797 0.0096774 0.01268 0.218207 0.472108 0.257548
0.102752 0.624189 0.187262 0.0357371 0.0193839 0.0306763
0.0260253 0.0126707 0.0147337 0.22061 0.171551 0.554409
0.0153448 0.00382167 0.00559904 0.336052 0.189727 0.449456
0.012482 0.00592081 0.00707306 0.223544 0.34954 0.401439
0.231935 0.133577 0.448351 0.0641549 0.0603614 0.0616203
0.016683 0.00672175 0.00943112 0.397365 0.305594 0.264205
0.127604 0.558637 0.206487 0.042953 0.0285889 0.0357302
0.877599 0.0179735 0.0233346 0.0356413 0.0236168 0.0218344
0.035777 0.013773 0.879074 0.013717 0.013835 0.0438243
0.0538882 0.0266445 0.0248197 0.320717 0.140841 0.43309
0.00460945 0.00318893 0.00448263 0.340729 0.432909 0.214082
0.00955094 0.00544313 0.00840474 0.351752 0.284728 0.340121
0.0213648 0.00786021 0.0150881 0.158029 0.0615674 0.73609
0.422828 0.136699 0.134708 0.116731 0.0407858 0.148249
0.018684 0.00535828 0.00596219 0.240846 0.411749 0.317401
0.198932 0.038437 0.690058 0.0363855 0.0195958 0.0165918
0.0240352 0.00730727 0.0129862 0.191769 0.181707 0.582195
0.00520244 0.0048468 0.0039066 0.261857 0.317156 0.407031
0.0781515 0.35815 0.342933 0.0708716 0.061621 0.088274
0.0110235 0.00769761 0.0208999 0.0784177 0.0567238 0.825238
0.00370867 0.00250873 0.00463533 0.112016 0.125653 0.751477
0.912318 0.00566862 0.0425228 0.0144741 0.00626852 0.0187482
0.00781947 0.00646891 0.00762748 0.345749 0.352131 0.280205
0.00890719 0.00436244 0.00858536 0.157912 0.195109 0.625124
0.0135008 0.00737195 0.00639897 0.3678 0.352594 0.252334
0.0128809 0.00550083 0.00674949 0.337556 0.265983 0.37133
0.13007 0.537565 0.235759 0.0389636 0.0277394 0.0299036
0.126422 0.268671 0.478561 0.0467967 0.0383901 0.0411597
0.0109534 0.00342711 0.0054647 0.11863 0.0539836 0.807541
0.0132135 0.00431468 0.00598519 0.204866 0.403627 0.367993
0.0310085 0.0526155 0.836677 0.0201793 0.0107351 0.0487847
0.0138113 0.00839547 0.0125032 0.233321 0.476165 0.255805
0.0109909 0.0173831 0.0107002 0.234569 0.521825 0.204532
0.0305482 0.0262281 0.0215839 0.243217 0.583026 0.095397
0.062802 0.662822 0.186593 0.0348996 0.0244891 0.028394
0.908024 0.00887105 0.0183983 0.0254014 0.0178089 0.0214965
0.290485 0.425212 0.157567 0.0594959 0.027694 0.0395459
0.00732891 0.00261419 0.00341105 0.370468 0.311818 0.30436
0.00906776 0.00832938 0.0142614 0.134774 0.0867329 0.746835
0.105627 0.0428246 0.0560073 0.165967 0.12907 0.500504
0.0120207 0.00484978 0.00566951 0.362525 0.308699 0.306235
0.0618163 0.0194731 0.0241068 0.377327 0.206187 0.31109
0.0367005 0.292949 0.447759 0.0578564 0.0455449 0.11919
0.0539662 0.0364713 0.0413223 0.189786 0.367912 0.310542
0.488967 0.0249556 0.236928 0.042412 0.0230169 0.18372
0.204602 0.462749 0.241572 0.0369651 0.0220678 0.0320435
0.315926 0.248674 0.314673 0.0527764 0.0316821 0.0362681
0.207277 0.376695 0.305521 0.0439366 0.036457 0.0301128
0.00867534 0.00655554 0.0122631 0.101465 0.077467 0.793574
0.0206339 0.0214681 0.024244 0.234749 0.212098 0.486807
0.01572 0.0134223 0.0118334 0.285828 0.341489 0.331707
0.790304 0.0496757 0.0701817 0.0357831 0.0198521 0.034204
0.00449398 0.00404086 0.0450034 0.0475178 0.041437 0.857507
0.421536 0.129688 0.217823 0.100749 0.0792646 0.0509392
0.00660143 0.00786291 0.00840189 0.326281 0.407352 0.243501
0.0123524 0.00308897 0.00560815 0.172924 0.167307 0.638719
0.0216345 0.136481 0.761037 0.0246501 0.0172497 0.0389475
0.0103059 0.00551722 0.00673282 0.327259 0.290085 0.360101
0.264265 0.131993 0.344865 0.101098 0.0953998 0.0623795
0.0280865 0.0147165 0.0188833 0.22355 0.438291 0.276473
0.824918 0.0151663 0.0341299 0.0590859 0.0230523 0.0436476
0.00569215 0.00355304 0.00802573 0.107162 0.068672 0.806895
0.123315 0.536341 0.230133 0.0428808 0.0301801 0.0371501
0.0155674 0.0103675 0.0242258 0.129794 0.118847 0.701198
0.441866 0.0175445 0.0532242 0.12649 0.0545386 0.306337
0.206446 0.450007 0.238547 0.0462438 0.0286999 0.030057
0.0584239 0.250292 0.593885 0.0302333 0.0175895 0.0495761
0.00800674 0.00190513 0.00382511 0.144961 0.173928 0.667374
0.0146089 0.00406992 0.00656159 0.243361 0.312155 0.419244
0.00565083 0.00426093 0.00601957 0.281979 0.278537 0.423552
0.228767 0.174473 0.448026 0.0548782 0.02632 0.0675369
0.019383 0.0121241 0.0118667 0.219118 0.314966 0.422541
0.0118722 0.0128841 0.017623 0.152051 0.184096 0.621473
0.0172508 0.00532973 0.00763319 0.399379 0.306659 0.263749
0.845879 0.049181 0.0515264 0.0278555 0.0158978 0.00966029
0.00517025 0.00222049 0.00663395 0.112945 0.0870244 0.786006
0.281162 0.414618 0.159924 0.061732 0.0382012 0.0443626
0.559352 0.0714483 0.219252 0.0497037 0.0385011 0.0617421
0.348353 0.0653546 0.426215 0.0678558 0.0519629 0.0402587
0.0670024 0.587542 0.25576 0.0332219 0.0246117 0.0318627
0.0282801 0.0246516 0.0219719 0.225881 0.39195 0.307266
0.00905973 0.0114449 0.0207679 0.138697 0.151002 0.669028
0.796959 0.0317191 0.0388617 0.0468751 0.0389638 0.0466216
0.00914731 0.00455861 0.00450614 0.234925 0.467542 0.279321
0.0442777 0.00485188 0.0109651 0.201943 0.0771875 0.660775
0.0200509 0.0116501 0.0108065 0.199799 0.43999 0.317704
0.0239351 0.0156791 0.0153879 0.262989 0.237308 0.444701
0.936141 0.00687501 0.01866 0.0151798 0.0107822 0.0123616
