0.344634 0.186572 0.147285 0.133088 0.0944115 0.0940095
0.00671389 0.00265881 0.00355065 0.477277 0.373041 0.136759
0.270734 0.243292 0.164176 0.12333 0.0917244 0.106744
0.00433695 0.0010948 0.00137014 0.327177 0.257398 0.408623
0.290981 0.171352 0.142968 0.159972 0.13141 0.103317
0.00605239 0.00200584 0.00330017 0.511005 0.349383 0.128255
0.0473157 0.0331108 0.0401365 0.39485 0.309617 0.17497
0.185287 0.15875 0.153939 0.190881 0.176711 0.134431
0.213947 0.227957 0.209071 0.135683 0.107343 0.106
0.0110264 0.00595014 0.00618976 0.418816 0.294089 0.263929
0.0279817 0.018027 0.0286938 0.388935 0.291344 0.245019
0.0256295 0.0206934 0.0249855 0.411313 0.376443 0.140936
0.0140236 0.010709 0.00987333 0.49797 0.296751 0.170673
0.0258091 0.0110352 0.0158407 0.417682 0.311998 0.217635
0.321318 0.17713 0.136368 0.166809 0.114911 0.0834634
0.257394 0.180357 0.157818 0.149247 0.128715 0.12647
0.00970015 0.00472859 0.00549825 0.477352 0.36824 0.134481
0.0228093 0.0155011 0.0160118 0.423264 0.356251 0.166164
0.243306 0.225814 0.217258 0.120778 0.0910648 0.101779
0.0178548 0.00463215 0.00590096 0.46359 0.358616 0.149406
0.14376 0.107199 0.120775 0.2519 0.190624 0.185742
0.330975 0.14218 0.162891 0.132932 0.118285 0.112737
0.014057 0.00912671 0.0126019 0.427341 0.324839 0.212035
0.323119 0.110966 0.101676 0.189932 0.153783 0.120525
0.159324 0.141355 0.0821161 0.241294 0.21866 0.157252
0.0146708 0.00946398 0.0086223 0.40177 0.397135 0.168338
0.0533297 0.0155241 0.0244066 0.357706 0.21815 0.330883
0.0167525 0.0138143 0.0185107 0.44052 0.401125 0.109277
0.230655 0.217831 0.221291 0.132501 0.0940171 0.103706
0.359724 0.189581 0.145773 0.119148 0.083158 0.102617
0.236503 0.220962 0.196253 0.136685 0.115143 0.0944545
0.276121 0.230494 0.145126 0.139496 0.102848 0.105914
0.0114869 0.00470678 0.00682153 0.475704 0.352479 0.148802
0.228089 0.257986 0.175305 0.140924 0.108222 0.0894746
0.418042 0.111729 0.108341 0.160738 0.114784 0.0863658
0.0229971 0.0198331 0.0270435 0.395848 0.328072 0.206206
0.0344741 0.0158939 0.0187477 0.473467 0.318221 0.139196
0.515941 0.098254 0.0720518 0.134723 0.100387 0.0786439
0.301408 0.140435 0.116436 0.1762 0.165202 0.100319
0.0242474 0.0112373 0.0151981 0.441382 0.319692 0.188242
0.227448 0.192281 0.182972 0.14872 0.123125 0.125454
0.0173731 0.00972931 0.0129781 0.587344 0.239502 0.133074
0.0320898 0.021348 0.0243202 0.369205 0.265973 0.287064
0.00480521 0.00224956 0.0034263 0.441545 0.380945 0.167028
0.389892 0.0765924 0.0862769 0.222048 0.119426 0.105765
0.0224608 0.0148783 0.0147538 0.394261 0.430165 0.123481
0.0222823 0.0112069 0.0120306 0.520978 0.28268 0.150822
0.295166 0.15556 0.131077 0.163442 0.144578 0.110177
0.245215 0.274327 0.185267 0.109984 0.0950946 0.0901116
0.0105529 0.00500456 0.00627885 0.50526 0.333246 0.139658
0.023589 0.0147257 0.0133948 0.358006 0.472258 0.118026
0.253849 0.185379 0.187058 0.134641 0.122483 0.11659
0.120771 0.115569 0.0919265 0.277606 0.254947 0.139181
0.234396 0.0640793 0.0626701 0.274588 0.178339 0.185928
0.18322 0.237863 0.271643 0.123436 0.0858841 0.0979526
0.283342 0.18716 0.18214 0.142063 0.122846 0.0824498
0.259543 0.186638 0.134933 0.148577 0.142399 0.127911
0.357362 0.1417 0.178069 0.137966 0.0852677 0.0996349
0.315554 0.207103 0.186687 0.116924 0.0860898 0.0876415
0.339434 0.20481 0.154842 0.121795 0.0866087 0.0925096
0.0280653 0.0199944 0.0216228 0.458883 0.332877 0.138558
0.282319 0.23132 0.171826 0.1169 0.0921156 0.10552
0.26909 0.192129 0.169142 0.154263 0.114413 0.100964
0.255641 0.177624 0.167363 0.152651 0.127142 0.119579
0.0176647 0.00993065 0.0179462 0.403175 0.298988 0.252296
0.308743 0.181047 0.143605 0.153162 0.111832 0.101611
0.0393695 0.0212926 0.0276833 0.416046 0.34272 0.152889
0.375085 0.183849 0.149161 0.125496 0.0732438 0.0931656
0.0438129 0.0261846 0.0345564 0.426059 0.308934 0.160454
0.276912 0.227426 0.180784 0.117156 0.111218 0.0865041
0.28477 0.208938 0.188274 0.129727 0.094732 0.0935597
0.268893 0.248579 0.170949 0.108405 0.103721 0.0994534
0.305853 0.190499 0.161286 0.138118 0.104845 0.0993994
0.0384145 0.0241762 0.0296277 0.337134 0.365289 0.205359
0.0332763 0.0172417 0.0202306 0.449564 0.363026 0.116661
0.00752789 0.00424663 0.00438511 0.472297 0.392322 0.119222
0.2281 0.275939 0.190381 0.115985 0.105211 0.0843834
0.0253056 0.0126535 0.0214538 0.390428 0.266069 0.28409
0.393858 0.139464 0.12471 0.14487 0.109744 0.0873535
0.070013 0.0447619 0.0452674 0.373815 0.311727 0.154416
0.0143693 0.0107755 0.0106657 0.528595 0.241144 0.194451
0.0281361 0.0229732 0.0182089 0.336102 0.453217 0.141363
0.0211927 0.00942396 0.0104805 0.513965 0.313124 0.131814
0.233436 0.262458 0.198213 0.11389 0.0910484 0.100954
0.0463186 0.0191803 0.0231913 0.502416 0.271793 0.1371
0.262481 0.191181 0.174337 0.160512 0.103969 0.10752
0.206164 0.289016 0.195903 0.119353 0.108866 0.0806983
0.308974 0.201536 0.0889277 0.186582 0.112911 0.101069
0.0235194 0.0172102 0.0247853 0.403294 0.369507 0.161684
0.199195 0.140257 0.0931144 0.26069 0.179055 0.127689
0.0752549 0.016169 0.0289287 0.309232 0.246744 0.323672
0.0125871 0.00525856 0.00603068 0.499544 0.316181 0.1604
0.288083 0.189297 0.169628 0.141001 0.1101 0.10189
0.0224328 0.0157059 0.0152368 0.327827 0.51449 0.104308
0.249465 0.247282 0.190072 0.126882 0.0840128 0.102286
0.0243387 0.0125423 0.0186336 0.377122 0.289012 0.278351
0.0171091 0.00840318 0.00914797 0.427311 0.334393 0.203636
0.0414287 0.0219414 0.0206682 0.407807 0.359545 0.14861
0.269547 0.212762 0.127305 0.161313 0.105925 0.123147
0.0215758 0.00855609 0.00914706 0.498104 0.251807 0.21081
0.0255645 0.0159314 0.0207631 0.442866 0.329007 0.165868
0.026765 0.0147842 0.0143368 0.399869 0.393943 0.150303
0.0286256 0.0138293 0.0210514 0.487847 0.297723 0.150924
0.0128097 0.0084952 0.0148104 0.427401 0.282322 0.254162
0.0490449 0.016119 0.0264394 0.365221 0.255124 0.288051
0.202661 0.236546 0.237322 0.124732 0.108923 0.0898171
0.0186582 0.00967362 0.0111276 0.432298 0.279987 0.248255
0.0433419 0.0170978 0.0239582 0.392828 0.296991 0.225783
0.257148 0.119205 0.176081 0.235377 0.113911 0.0982779
0.256413 0.149642 0.101127 0.233357 0.153862 0.105599
0.227402 0.200024 0.172392 0.141187 0.138561 0.120433
0.298333 0.217419 0.162567 0.113659 0.0967656 0.111257
0.252784 0.122034 0.0814434 0.284323 0.146223 0.113192
0.00888348 0.00747079 0.00876277 0.391241 0.480375 0.103267
0.00976208 0.0091485 0.011165 0.380367 0.495212 0.0943457
0.0132677 0.00861669 0.00938318 0.474811 0.334886 0.159036
0.261269 0.0973644 0.0781586 0.307519 0.133992 0.121698
0.250568 0.180349 0.168161 0.151024 0.132726 0.117172
0.278848 0.14137 0.0914366 0.235389 0.137945 0.115011
0.48334 0.0951793 0.0847885 0.155524 0.0902402 0.0909275
0.0141197 0.00651567 0.0098518 0.503282 0.327723 0.138508
0.0377474 0.0152792 0.0230579 0.321144 0.250957 0.351814
0.219673 0.25398 0.194336 0.122574 0.10454 0.104898
0.0376953 0.0267567 0.0290505 0.391506 0.368217 0.146775
0.204028 0.102057 0.162514 0.241774 0.133222 0.156405
0.0288075 0.0132242 0.0211034 0.359116 0.253175 0.324573
0.370527 0.0991272 0.109087 0.166869 0.140898 0.113491
0.0492448 0.0273956 0.0225072 0.326619 0.439994 0.13424
0.0194264 0.0161341 0.022165 0.373535 0.399137 0.169602
0.233438 0.167809 0.131497 0.165537 0.135705 0.166014
0.212903 0.270254 0.190947 0.124088 0.099522 0.102287
0.431737 0.14483 0.0910768 0.144031 0.103706 0.0846195
0.285813 0.182478 0.142024 0.145966 0.131216 0.112504
0.00500644 0.0012543 0.00177043 0.456068 0.31478 0.22112
0.0251365 0.0156603 0.0219407 0.452374 0.34249 0.142399
0.018074 0.00869845 0.0146399 0.440709 0.287004 0.230875
0.00687862 0.00260255 0.00332477 0.4397 0.337097 0.210397
0.0231078 0.0116445 0.0129985 0.369591 0.391044 0.191614
0.0277583 0.025404 0.0301397 0.419302 0.339088 0.158308
0.00941672 0.00452851 0.0059343 0.487162 0.361224 0.131734
0.180029 0.247764 0.253157 0.126333 0.0908539 0.101864
0.0224074 0.0154858 0.018444 0.456839 0.299899 0.186925
0.00810521 0.00299612 0.00446754 0.46954 0.385363 0.129529
0.261885 0.231047 0.191572 0.119494 0.100083 0.0959195
0.0270465 0.00962842 0.0150292 0.505592 0.294844 0.147859
0.254965 0.232407 0.204206 0.12276 0.0889802 0.0966831
0.221195 0.253549 0.183719 0.138418 0.099298 0.103821
0.235594 0.216558 0.131043 0.183315 0.14334 0.0901495
0.385134 0.179793 0.133243 0.118846 0.0840343 0.0989499
0.00540546 0.00276451 0.00456434 0.500736 0.344648 0.141881
0.263353 0.178009 0.177103 0.13886 0.123896 0.118779
0.172846 0.249138 0.233892 0.148746 0.0956594 0.0997185
0.0287062 0.0202807 0.0289839 0.342215 0.277453 0.302361
0.0183874 0.017325 0.0180883 0.422397 0.36043 0.163373
0.173574 0.249338 0.232167 0.140308 0.0978576 0.106756
0.00640096 0.00194353 0.00274575 0.504868 0.360947 0.123095
0.0133443 0.0101395 0.011601 0.433598 0.375362 0.155955
0.0247549 0.0121188 0.0179021 0.430519 0.320769 0.193936
0.353907 0.179683 0.146197 0.129911 0.101061 0.0892401
0.0332256 0.0250253 0.0270395 0.397803 0.31032 0.206586
0.206057 0.232627 0.169936 0.157418 0.125801 0.108161
0.393018 0.103907 0.0941425 0.178759 0.127085 0.103088
0.0356895 0.0207779 0.0231089 0.41579 0.336507 0.168127
0.0296944 0.0251471 0.0304297 0.47456 0.269394 0.170775
0.22444 0.137657 0.144577 0.192821 0.148648 0.151857
0.267042 0.212783 0.200186 0.116669 0.102608 0.100711
0.0291012 0.0269421 0.0386643 0.37088 0.31399 0.220422
0.202474 0.139089 0.119147 0.19062 0.158647 0.190023
0.310043 0.207453 0.179276 0.107312 0.0965481 0.0993681
0.0207754 0.0100389 0.0126804 0.439715 0.34644 0.170349
0.270358 0.136485 0.0935248 0.232674 0.14908 0.117877
0.193162 0.228014 0.203483 0.131422 0.116215 0.127704
0.0272708 0.0257437 0.0288432 0.354293 0.393653 0.170196
0.0135898 0.00690272 0.00739257 0.513915 0.351467 0.106733
0.34652 0.112242 0.116265 0.176436 0.139109 0.109427
0.0602656 0.042396 0.0468752 0.3791 0.259189 0.212174
0.206933 0.281256 0.214662 0.111644 0.0965232 0.0889814
0.0113386 0.00574079 0.00621655 0.468312 0.389424 0.118968
0.0115075 0.00579508 0.00489683 0.463478 0.318651 0.195672
0.0418458 0.0154209 0.0251403 0.264808 0.246465 0.40632
0.00881191 0.0035382 0.00453508 0.49129 0.361089 0.130735
0.0219415 0.0111181 0.0149601 0.387148 0.304938 0.259894
0.0206123 0.012465 0.0132897 0.445533 0.385102 0.122998
0.0323528 0.0216618 0.0286328 0.325186 0.317759 0.274408
0.246117 0.162787 0.103867 0.227718 0.150789 0.108721
0.437665 0.14936 0.123809 0.119888 0.0843165 0.0849631
0.0185546 0.00799878 0.0117101 0.46842 0.312326 0.180991
0.284296 0.149746 0.107979 0.225035 0.134119 0.0988252
0.235414 0.142651 0.102855 0.229323 0.164669 0.125089
0.247031 0.246741 0.196707 0.122006 0.0868504 0.100664
0.235663 0.0995163 0.176791 0.249089 0.125946 0.112994
0.0208215 0.0116887 0.0133745 0.393243 0.288452 0.27242
0.0252889 0.0129802 0.0148758 0.514051 0.285112 0.147692
0.385968 0.191035 0.130627 0.137128 0.0750925 0.0801482
0.276386 0.170367 0.162843 0.145357 0.0804071 0.164641
0.00827135 0.00366091 0.00482767 0.483141 0.35763 0.142469
0.0205514 0.0128391 0.0131442 0.425146 0.250463 0.277856
0.0335127 0.0196139 0.0263831 0.427601 0.302227 0.190662
0.0418126 0.0305245 0.0448831 0.335443 0.293969 0.253367
0.0161632 0.00744166 0.00961511 0.466003 0.390226 0.110551
0.209735 0.278413 0.200299 0.124924 0.115282 0.0713469
0.0282388 0.0193942 0.0224103 0.44305 0.31972 0.167187
0.261368 0.171608 0.126675 0.197086 0.136782 0.10648
0.284945 0.206259 0.210388 0.120171 0.0863705 0.0918672
0.00882478 0.00469251 0.00445964 0.485745 0.378315 0.117962
0.0366939 0.0228997 0.0253995 0.388822 0.268635 0.25755
0.216815 0.259815 0.153602 0.138022 0.110393 0.121353
0.00654607 0.00494851 0.00603039 0.362751 0.520708 0.0990162
0.221574 0.0783274 0.0814748 0.26101 0.193848 0.163766
0.275596 0.192823 0.150678 0.138108 0.13103 0.111764
0.209375 0.134808 0.101076 0.22034 0.192172 0.142228
0.257034 0.1657 0.117633 0.183097 0.150355 0.12618
0.0337292 0.0131755 0.0217877 0.378872 0.262929 0.289507
0.045092 0.0263307 0.0348005 0.398905 0.317655 0.177217
0.0181102 0.00886403 0.0126562 0.517163 0.276616 0.166591
0.265606 0.23331 0.140277 0.144398 0.115654 0.100755
0.318862 0.228492 0.165049 0.0983686 0.0737678 0.11546
0.219426 0.24309 0.179141 0.137256 0.106982 0.114105
0.312424 0.181826 0.208369 0.118378 0.0848226 0.094179
0.0456089 0.0242909 0.0223723 0.363954 0.375086 0.168689
0.354863 0.0605211 0.156926 0.216245 0.117719 0.0937253
0.0112979 0.00783049 0.0104887 0.376516 0.468102 0.125765
0.0223943 0.012562 0.0211643 0.37528 0.267302 0.301297
0.00613814 0.0029158 0.0038133 0.479818 0.41369 0.0936241
0.16569 0.200069 0.1915 0.161274 0.148351 0.133115
0.00430169 0.00105096 0.0013015 0.367993 0.221969 0.403383
0.448549 0.10654 0.101202 0.145107 0.109238 0.0893631
0.248271 0.269639 0.160677 0.123728 0.0962478 0.101438
0.00592084 0.00527744 0.00665929 0.372095 0.514374 0.0956738
0.17863 0.200995 0.179277 0.167319 0.14926 0.124518
0.281877 0.104815 0.0934505 0.213432 0.191542 0.114883
0.018301 0.0089955 0.0112684 0.402899 0.40877 0.149767
0.313718 0.154283 0.130399 0.160476 0.155956 0.0851679
0.27007 0.226033 0.180313 0.127916 0.084519 0.111149
0.193607 0.142829 0.101456 0.243959 0.180858 0.137291
0.00459134 0.0014566 0.00129553 0.406387 0.29865 0.28762
0.0118631 0.00751831 0.00795829 0.472961 0.354183 0.145517
0.0223577 0.0143267 0.0137012 0.345076 0.482371 0.122167
0.320304 0.211599 0.158406 0.123388 0.0875017 0.0988006
0.00670235 0.00310108 0.00319965 0.52116 0.298634 0.167203
0.358522 0.0700806 0.149676 0.227269 0.115396 0.0790556
0.312367 0.0879647 0.0833259 0.224974 0.166051 0.125317
0.261972 0.176705 0.144903 0.188817 0.123531 0.104072
0.323448 0.146106 0.12914 0.168376 0.152784 0.0801451
0.234886 0.199263 0.173597 0.160223 0.111334 0.120697
0.0349072 0.0233107 0.0351974 0.332749 0.320259 0.253576
0.0296521 0.0169257 0.0180518 0.438006 0.328869 0.168496
0.0258878 0.0156089 0.0189141 0.461793 0.350275 0.127521
0.277033 0.190964 0.182182 0.144645 0.123597 0.0815789
0.119835 0.087615 0.0782984 0.28891 0.260241 0.165101
0.00953833 0.00526139 0.00553597 0.448696 0.404864 0.126105
0.0151683 0.0109866 0.0123871 0.385083 0.458884 0.117491
0.0408789 0.0200348 0.0267825 0.372827 0.349191 0.190286
0.0163454 0.00763051 0.0089164 0.556162 0.291202 0.119744
0.293253 0.188304 0.129432 0.183544 0.117631 0.0878362
0.00768895 0.00288798 0.00432896 0.420661 0.310247 0.254186
0.0170513 0.00915257 0.0113964 0.479001 0.35948 0.123919
0.0237308 0.0194847 0.02847 0.407931 0.287409 0.232974
0.211155 0.27046 0.227084 0.113161 0.0905948 0.0875449
0.261077 0.233307 0.197201 0.112661 0.0831515 0.112603
0.183253 0.201177 0.165656 0.197835 0.142049 0.110031
0.371851 0.122678 0.133911 0.143928 0.0926549 0.134976
0.182101 0.115984 0.0947122 0.240589 0.195893 0.17072
0.259092 0.251239 0.176451 0.120531 0.091581 0.101106
0.0320934 0.0150712 0.0170069 0.413862 0.336977 0.184989
0.0224576 0.0172199 0.0192757 0.428533 0.325848 0.186666
0.309035 0.0779232 0.0737717 0.228895 0.166881 0.143495
0.0290321 0.0189595 0.0249379 0.420337 0.326328 0.180406
0.226894 0.243899 0.189417 0.129384 0.107412 0.102994
0.016145 0.00900851 0.0100142 0.458083 0.293845 0.212904
0.303776 0.199185 0.144632 0.123053 0.11918 0.110174
0.3582 0.132404 0.109468 0.168678 0.126543 0.104708
0.413303 0.108692 0.0814628 0.175423 0.136843 0.0842762
0.0212067 0.01135 0.0203453 0.376308 0.260169 0.310621
0.220479 0.221065 0.171944 0.156148 0.118545 0.111819
0.225983 0.241577 0.191424 0.132037 0.102025 0.106954
0.020375 0.0110425 0.0153727 0.482985 0.298268 0.171957
0.0141752 0.00854172 0.0106115 0.385989 0.473121 0.107561
0.336304 0.0800071 0.148846 0.245151 0.0985962 0.0910959
0.274247 0.21871 0.167419 0.125219 0.125296 0.0891086
0.0200544 0.0139018 0.0149819 0.452577 0.32001 0.178475
0.0136366 0.00630719 0.00668144 0.538795 0.311292 0.123288
0.321006 0.200552 0.126591 0.171673 0.0920487 0.0881294
0.0144028 0.00811414 0.00837786 0.450865 0.367083 0.151158
0.0376474 0.0191694 0.0211362 0.430455 0.339799 0.151793
0.00468076 0.00169205 0.00184219 0.402022 0.370958 0.218804
0.40805 0.166382 0.09401 0.154822 0.100148 0.0765889
0.0265468 0.00848614 0.012539 0.352734 0.291695 0.307999
0.0396032 0.0270705 0.0289677 0.443105 0.302309 0.158945
0.0261072 0.015508 0.0225652 0.357925 0.377585 0.200309
0.250961 0.186929 0.140266 0.162814 0.148833 0.110197
0.0106194 0.00768003 0.0084449 0.452265 0.428256 0.0927351
0.00905677 0.00597044 0.00762588 0.512037 0.319657 0.145653
0.0114397 0.00516902 0.00597041 0.539231 0.313674 0.124516
0.262139 0.147159 0.136343 0.166523 0.185675 0.10216
0.0651667 0.0310306 0.0413079 0.386001 0.260286 0.216208
0.207713 0.247116 0.184223 0.125121 0.107547 0.128279
0.320358 0.212023 0.144346 0.125665 0.0902881 0.10732
0.354075 0.20064 0.128172 0.151264 0.0825594 0.0832908
0.0191764 0.0127326 0.0200661 0.379875 0.296929 0.271221
0.328898 0.185318 0.136911 0.132853 0.0847822 0.131238
0.385935 0.185548 0.138505 0.116761 0.0809498 0.0923005
0.0249209 0.019683 0.0231711 0.39923 0.338879 0.194116
0.0173751 0.0119587 0.017273 0.397055 0.41751 0.138829
0.36609 0.180701 0.150672 0.127375 0.0873257 0.0878359
0.229956 0.218223 0.128342 0.166033 0.14037 0.117075
0.0357347 0.0172592 0.0139991 0.49642 0.24464 0.191947
0.0094982 0.00549077 0.00731236 0.381422 0.484989 0.111287
0.00500807 0.00145239 0.00150124 0.355503 0.26648 0.370055
0.258143 0.252382 0.175894 0.114929 0.107036 0.0916166
0.0333609 0.0135244 0.011271 0.453074 0.233699 0.25507
0.331657 0.194921 0.138304 0.136478 0.105214 0.0934272
0.0134961 0.00483221 0.0064762 0.468729 0.402304 0.104163
0.281394 0.186034 0.180541 0.150474 0.125987 0.0755716
0.0329545 0.0184401 0.0195768 0.359816 0.411985 0.157227
0.273284 0.23357 0.170999 0.122682 0.0933184 0.106147
0.178166 0.172718 0.159526 0.177362 0.183909 0.12832
0.368425 0.0965181 0.0960573 0.202948 0.142354 0.0936981
0.0149997 0.0106706 0.0107731 0.468529 0.298757 0.196271
0.356761 0.205091 0.142747 0.112166 0.0860164 0.0972194
0.0287014 0.0200737 0.02914 0.419045 0.31625 0.18679
0.00678782 0.00285858 0.00353654 0.393449 0.343983 0.249385
0.21498 0.248816 0.154546 0.144468 0.108384 0.128806
0.354938 0.143319 0.103487 0.177553 0.0979301 0.122772
0.358804 0.137824 0.128778 0.159303 0.114673 0.100619
0.26346 0.167126 0.119499 0.193162 0.140081 0.116671
0.207704 0.261763 0.219506 0.120554 0.0988918 0.091581
0.300436 0.155523 0.130452 0.149687 0.124636 0.139267
0.353829 0.176212 0.162853 0.132779 0.0839593 0.0903689
0.0144821 0.00803494 0.00658495 0.435684 0.279925 0.255289
0.0226051 0.0172946 0.0168464 0.375321 0.415164 0.152769
0.045058 0.0332916 0.0378823 0.421868 0.28722 0.174679
0.015729 0.00531945 0.00582066 0.53423 0.314992 0.12391
0.0189645 0.0111306 0.0112038 0.452944 0.272953 0.232804
0.0292046 0.0100749 0.0155973 0.552644 0.256699 0.13578
0.0695796 0.0438867 0.0433763 0.375004 0.327266 0.140887
0.241346 0.104407 0.175324 0.256463 0.126875 0.0955852
0.324342 0.188287 0.0826486 0.178505 0.117413 0.108806
0.0241435 0.0178283 0.0197766 0.453583 0.265919 0.21875
0.347562 0.15151 0.171876 0.133283 0.0834135 0.112355
0.0226177 0.0185994 0.0264446 0.403225 0.384249 0.144865
0.331023 0.176912 0.0987831 0.166082 0.122577 0.104623
0.260467 0.153067 0.107767 0.197715 0.194784 0.0861994
0.289444 0.227815 0.143111 0.139995 0.100039 0.0995956
0.0199882 0.00930697 0.013557 0.438729 0.395442 0.122976
0.0225171 0.00997397 0.0165533 0.544603 0.237845 0.168507
0.208858 0.212397 0.235483 0.129317 0.11898 0.0949645
0.0188643 0.00902193 0.0152997 0.478195 0.301579 0.17704
0.0340327 0.0255072 0.0314977 0.408867 0.325956 0.17414
0.0169978 0.00752856 0.0133886 0.54516 0.305612 0.111313
0.234033 0.187466 0.17999 0.147349 0.136352 0.11481
0.0274366 0.0182352 0.0318896 0.405479 0.28639 0.23057
0.257075 0.168718 0.171382 0.153429 0.12999 0.119406
0.0406991 0.0220417 0.0192623 0.445576 0.312209 0.160212
0.0771874 0.0386039 0.036244 0.399608 0.253671 0.194685
0.033231 0.0229361 0.0287491 0.422026 0.301154 0.191904
0.284927 0.169667 0.144461 0.145972 0.136897 0.118076
0.369859 0.133782 0.116951 0.161615 0.126009 0.0917836
0.21698 0.263902 0.176838 0.133055 0.106027 0.103198
0.294895 0.20985 0.181863 0.125987 0.0933369 0.0940681
0.0213429 0.0153781 0.0204459 0.397093 0.283069 0.262671
0.292141 0.147028 0.136736 0.144697 0.139342 0.140055
0.357309 0.15356 0.139352 0.146112 0.1103 0.0933683
0.00998276 0.00780971 0.0084944 0.409721 0.464837 0.0991547
0.388095 0.117656 0.14187 0.137381 0.0832593 0.131739
0.20951 0.238227 0.202922 0.127891 0.0911108 0.130339
0.199916 0.0744946 0.0785301 0.253896 0.231884 0.161279
0.0468294 0.0221076 0.0281556 0.408146 0.364514 0.130247
0.374187 0.138015 0.170625 0.132572 0.0864987 0.0981014
0.16456 0.104441 0.100255 0.251684 0.236918 0.142143
0.00826926 0.00351039 0.00457628 0.468934 0.370758 0.143951
0.0998867 0.037087 0.0436781 0.371353 0.222014 0.225981
0.0121543 0.00657072 0.00815615 0.536481 0.318471 0.118167
0.0104586 0.00575961 0.00736668 0.408569 0.470026 0.0978198
0.0549708 0.0393645 0.040818 0.390901 0.283929 0.190017
0.333433 0.20407 0.163397 0.122391 0.0900199 0.0866886
0.376859 0.207167 0.148705 0.105119 0.0745129 0.0876373
0.313458 0.211162 0.168864 0.108078 0.0763884 0.122049
0.174486 0.184342 0.158763 0.197087 0.161459 0.123863
0.31982 0.0738582 0.0760032 0.24091 0.157665 0.131744
0.216232 0.150902 0.0933314 0.252311 0.183153 0.104071
0.0264189 0.0151167 0.0126127 0.381375 0.447327 0.117149
0.367878 0.145195 0.114752 0.152482 0.124561 0.0951333
0.0186903 0.0111576 0.0110082 0.347038 0.51734 0.0947655
0.230932 0.224524 0.163854 0.152368 0.118613 0.109708
0.0193724 0.0111702 0.012789 0.459041 0.341963 0.155664
0.257994 0.176476 0.133392 0.13899 0.129751 0.163396
0.136908 0.0956372 0.093978 0.268679 0.254545 0.150252
0.0111904 0.00770964 0.00949755 0.389227 0.484086 0.0982889
0.238906 0.195665 0.17034 0.158829 0.106022 0.130238
0.0175548 0.0146426 0.0165632 0.451875 0.326299 0.173065
0.173271 0.204222 0.193194 0.160096 0.147298 0.121919
0.0487393 0.0141886 0.0222807 0.450187 0.278944 0.18566
0.0148567 0.0071616 0.00948235 0.473788 0.327018 0.167694
0.031174 0.0139338 0.0164706 0.413232 0.39054 0.13465
0.278795 0.173844 0.167138 0.14728 0.124676 0.108267
0.468793 0.0990165 0.0856574 0.151639 0.113154 0.0817398
0.220498 0.235504 0.2 0.138142 0.105668 0.100188
0.00793332 0.00458709 0.00564058 0.48756 0.365754 0.128525
0.290055 0.227379 0.16912 0.133398 0.101497 0.078552
0.0278925 0.0183029 0.0189852 0.344243 0.443865 0.146712
0.0313673 0.0170289 0.0199448 0.454275 0.335189 0.142194
0.250775 0.205736 0.20259 0.126397 0.0904706 0.124032
0.00728579 0.00316288 0.00427724 0.411346 0.306638 0.267291
0.0173157 0.0144799 0.0149746 0.409135 0.33436 0.209735
0.169242 0.246726 0.206044 0.141104 0.122503 0.114381
0.305655 0.173296 0.130847 0.167236 0.116051 0.106915
0.0420483 0.0208454 0.0228673 0.413232 0.340298 0.160709
0.267197 0.0923539 0.0837491 0.211761 0.200084 0.144855
0.0193513 0.0148999 0.0264009 0.41402 0.370196 0.155132
0.0479773 0.0203056 0.0237542 0.4445 0.265915 0.197548
0.235563 0.190045 0.155046 0.169965 0.136691 0.112691
0.0111088 0.0049226 0.00437377 0.462948 0.348309 0.168339
0.210402 0.176441 0.176177 0.1602 0.156924 0.119857
0.00986805 0.00482814 0.00644413 0.459906 0.379104 0.13985
0.0256613 0.0144589 0.017241 0.409541 0.362686 0.170412
0.031853 0.02582 0.0296844 0.404894 0.332367 0.175381
0.0185728 0.00677387 0.00796045 0.472311 0.342777 0.151605
0.345385 0.15087 0.124034 0.156982 0.127444 0.0952851
0.252175 0.185752 0.114643 0.186745 0.107404 0.153282
0.220011 0.182515 0.161404 0.166532 0.140693 0.128845
0.00961686 0.00465937 0.00647465 0.569674 0.287289 0.122286
0.00628009 0.00431113 0.00574788 0.373164 0.518558 0.0919397
0.371231 0.17774 0.112358 0.154557 0.106811 0.077303
0.258523 0.214233 0.21678 0.123758 0.0895626 0.0971424
0.3356 0.0800072 0.145577 0.250177 0.108381 0.0802575
0.0283301 0.0145604 0.0165705 0.423841 0.326495 0.190204
0.265016 0.211808 0.15483 0.172671 0.11548 0.0801952
0.063577 0.0147205 0.0291971 0.330378 0.182305 0.379822
0.0159668 0.0112972 0.0121247 0.390448 0.429207 0.140957
0.041905 0.0309237 0.0303855 0.455712 0.269203 0.171871
0.216694 0.259916 0.206336 0.128098 0.0958382 0.0931183
0.0152638 0.00670963 0.00737901 0.490047 0.329193 0.151408
0.0294623 0.0157823 0.0182102 0.444002 0.320302 0.172241
0.031042 0.0239219 0.0280897 0.44875 0.308103 0.160093
0.208413 0.182446 0.164356 0.164539 0.159101 0.121146
0.0217475 0.0114275 0.0162994 0.471376 0.370311 0.108839
0.319125 0.13982 0.10098 0.214605 0.122539 0.102931
0.0310214 0.0202255 0.0273802 0.439721 0.290263 0.191389
0.015406 0.015216 0.0154973 0.433568 0.350466 0.169846
0.241273 0.187404 0.188521 0.141111 0.125738 0.115952
0.0388555 0.0274138 0.031992 0.45026 0.291233 0.160246
0.0294595 0.0176178 0.0228165 0.497781 0.296079 0.136246
0.0135015 0.0097194 0.00959296 0.479917 0.308346 0.178923
0.0255808 0.00854703 0.0150797 0.388064 0.454992 0.107737
0.221503 0.180958 0.192875 0.160876 0.124545 0.119242
0.347444 0.193633 0.146963 0.137351 0.0985923 0.0760167
0.274755 0.229416 0.185761 0.134596 0.0781725 0.0973002
0.281426 0.218268 0.158886 0.134548 0.0993452 0.107526
0.411187 0.162568 0.108034 0.138276 0.0878785 0.0920558
0.0172373 0.00888861 0.0122239 0.437995 0.383036 0.140619
0.243607 0.205413 0.112307 0.175634 0.136075 0.126965
0.204235 0.261128 0.219409 0.116535 0.101318 0.0973759
0.253059 0.170598 0.135899 0.181802 0.143228 0.115414
0.369726 0.156323 0.124762 0.156384 0.106815 0.0859887
0.0345701 0.0216715 0.0254166 0.382228 0.360444 0.17567
0.0234067 0.00928183 0.00964638 0.460438 0.367769 0.129458
0.233045 0.234803 0.231277 0.117384 0.082288 0.101203
0.021827 0.0121252 0.0141609 0.372222 0.404007 0.175659
0.230218 0.252978 0.201878 0.123081 0.096709 0.0951355
0.351402 0.203763 0.143873 0.125811 0.0887996 0.0863518
0.101148 0.0435974 0.0403132 0.315167 0.310695 0.18908
0.329313 0.170665 0.153463 0.138844 0.110287 0.0974284
0.35907 0.194023 0.152709 0.111783 0.0830404 0.0993749
0.034805 0.0295673 0.0349426 0.467896 0.285343 0.147446
0.00784406 0.00426677 0.00480079 0.51595 0.344769 0.122369
0.0465796 0.0191164 0.0209409 0.419915 0.282071 0.211377
0.277895 0.182788 0.119682 0.210942 0.1137 0.094993
0.0242895 0.0196071 0.0323188 0.3686 0.333923 0.221262
0.024685 0.0117061 0.0205475 0.405359 0.288251 0.249451
0.0132527 0.009783 0.0105298 0.414077 0.405263 0.147095
0.291713 0.153446 0.105835 0.2143 0.130883 0.103824
0.368548 0.16928 0.15989 0.132364 0.0836563 0.0862606
0.0100763 0.00643946 0.00873059 0.411614 0.448252 0.114887
0.186663 0.12159 0.111084 0.210371 0.202832 0.167461
0.0431045 0.0259446 0.0271466 0.418078 0.290802 0.194925
0.204342 0.259267 0.219561 0.119173 0.113073 0.0845836
0.0182038 0.00845407 0.0124359 0.538923 0.286295 0.135688
0.261241 0.139767 0.0980029 0.227557 0.155313 0.11812
0.258214 0.194147 0.165086 0.152405 0.106085 0.124063
0.236486 0.123839 0.116547 0.208209 0.178596 0.136323
0.291352 0.147671 0.0918612 0.235397 0.131076 0.102644
0.173908 0.258477 0.217905 0.135668 0.110318 0.103726
0.0310237 0.0223295 0.0181795 0.353042 0.460432 0.114993
0.0211758 0.0106444 0.0138573 0.427296 0.350702 0.176324
0.0219253 0.0123503 0.0170813 0.488207 0.301614 0.158821
0.183111 0.108385 0.0995279 0.245114 0.161799 0.202063
0.221459 0.131724 0.188211 0.168882 0.177681 0.112043
0.431385 0.158813 0.124064 0.129267 0.0934833 0.062988
0.241874 0.241137 0.193871 0.128952 0.0925479 0.101619
0.0357518 0.0312012 0.0373429 0.391217 0.301156 0.203331
0.0408752 0.023592 0.0247126 0.406045 0.350896 0.153879
0.269005 0.257874 0.15802 0.113185 0.0889546 0.112961
0.0194337 0.00970047 0.0120455 0.447777 0.374601 0.136442
0.0181564 0.00813496 0.0147291 0.376038 0.274184 0.308757
0.223027 0.22788 0.168427 0.126381 0.110079 0.144207
0.0448009 0.0146802 0.0229027 0.362672 0.224947 0.329996
0.00337342 0.00164711 0.00162782 0.378486 0.321244 0.293621
0.202578 0.206477 0.194027 0.134194 0.11649 0.146235
0.225222 0.242637 0.21677 0.121646 0.0887772 0.104948
0.00936524 0.00630138 0.00604971 0.48055 0.321068 0.176666
0.262656 0.231817 0.192787 0.11729 0.0845791 0.110871
0.0326807 0.0201784 0.0194017 0.366508 0.408089 0.153142
0.231543 0.136903 0.142534 0.180412 0.165647 0.14296
0.180559 0.16112 0.179189 0.190329 0.154165 0.134639
0.0267293 0.0119277 0.0182926 0.340366 0.305824 0.296861
0.457512 0.16552 0.118254 0.113528 0.0681252 0.0770614
0.00464539 0.00146683 0.00150439 0.348568 0.290207 0.353608
0.0231694 0.0162921 0.0219959 0.378903 0.369631 0.190008
0.293516 0.100342 0.0932435 0.197727 0.201349 0.113823
0.0140845 0.0107613 0.00947617 0.52821 0.295599 0.14187
0.0087243 0.00366128 0.00467983 0.447982 0.37091 0.164043
0.25687 0.226484 0.131424 0.161103 0.0991122 0.125006
0.0143587 0.00780878 0.00723179 0.423218 0.403287 0.144096
0.261507 0.221462 0.208724 0.127824 0.089332 0.0911519
0.00473851 0.00148348 0.0016958 0.40997 0.309681 0.272431
0.0276949 0.0181754 0.0233702 0.460227 0.304796 0.165737
0.222351 0.193853 0.227618 0.134094 0.0999625 0.122121
0.0105714 0.00568988 0.00952146 0.407459 0.446634 0.120125
0.0339704 0.0211518 0.0283867 0.447374 0.276876 0.192241
0.0451393 0.0331859 0.0346128 0.416158 0.255702 0.215202
0.271243 0.128758 0.121353 0.174358 0.150615 0.153673
0.283401 0.174752 0.135807 0.186443 0.117494 0.102103
0.298214 0.183778 0.152099 0.137908 0.119108 0.108892
0.295597 0.221747 0.132477 0.144349 0.102099 0.10373
0.264162 0.197544 0.187234 0.132803 0.103761 0.114496
0.232605 0.11706 0.181966 0.232961 0.121359 0.114048
0.314734 0.193058 0.194373 0.117099 0.0816767 0.0990607
0.03202 0.0159396 0.0174537 0.424405 0.33505 0.175132
0.00552983 0.00416038 0.00426766 0.484737 0.375841 0.125464
0.287871 0.213917 0.180244 0.128994 0.0957896 0.0931847
0.0107558 0.00385158 0.00564531 0.400941 0.32769 0.251116
0.418798 0.105156 0.095432 0.159922 0.104331 0.116361
0.0295368 0.0162456 0.0152557 0.42744 0.28531 0.226212
0.0220492 0.016202 0.0265409 0.387799 0.317269 0.23014
0.0380798 0.0208304 0.0238765 0.427435 0.306786 0.182992
0.21997 0.223721 0.21932 0.12695 0.114526 0.095513
0.0239263 0.015871 0.0163216 0.345073 0.488503 0.110305
0.0430481 0.0132006 0.0205611 0.351904 0.222929 0.348357
0.275249 0.198033 0.18537 0.143367 0.0973509 0.100631
0.017975 0.012155 0.0116452 0.418393 0.404026 0.135806
0.231142 0.222271 0.235577 0.124385 0.0960486 0.0905763
0.0339768 0.017383 0.0141145 0.496676 0.24266 0.19519
0.292213 0.209382 0.17753 0.109735 0.0774686 0.133671
0.260916 0.192963 0.188876 0.146853 0.117114 0.0932784
0.227278 0.266862 0.182305 0.122601 0.103303 0.0976502
0.27161 0.214095 0.160612 0.132959 0.136787 0.0839362
0.267901 0.236175 0.164479 0.13851 0.111148 0.0817879
0.166636 0.229032 0.262091 0.142851 0.105392 0.093998
0.035642 0.0250203 0.0238195 0.418738 0.351365 0.145415
0.0399434 0.0227559 0.021656 0.472184 0.292017 0.151444
0.0106199 0.00516283 0.00467391 0.479078 0.349627 0.150838
0.0175883 0.0114498 0.0122399 0.548875 0.285092 0.124755
0.250523 0.122488 0.103733 0.200671 0.200697 0.121887
0.0501765 0.0308822 0.0336828 0.396994 0.260946 0.227319
0.0538743 0.0439397 0.0457409 0.380002 0.295699 0.180744
0.0275865 0.0172697 0.0269669 0.362861 0.31445 0.250867
0.384282 0.109136 0.0995204 0.161412 0.13398 0.111669
0.265725 0.243605 0.188503 0.12728 0.0766913 0.0981957
0.32047 0.180405 0.129385 0.154344 0.129779 0.0856173
0.005178 0.00370326 0.00402239 0.455898 0.395769 0.135429
0.0177706 0.0094329 0.0121306 0.471295 0.319994 0.169377
0.21908 0.245311 0.187569 0.118615 0.103752 0.125674
0.245165 0.247061 0.183211 0.131909 0.0930582 0.0995957
0.263771 0.185823 0.166669 0.156993 0.106022 0.120721
0.236648 0.249594 0.205726 0.115225 0.0911743 0.101633
0.0155123 0.00717233 0.0117334 0.562089 0.271961 0.131532
0.022988 0.016553 0.0160607 0.33378 0.483981 0.126637
0.0035689 0.000974631 0.00120609 0.373788 0.286973 0.33349
0.0373892 0.0221685 0.0271299 0.457885 0.304952 0.150475
0.0279526 0.025114 0.0349194 0.39533 0.359849 0.156835
0.0244266 0.0133023 0.0225918 0.403293 0.275353 0.261034
0.0352146 0.0207156 0.021973 0.36309 0.359697 0.19931
0.376678 0.179394 0.13504 0.141743 0.0764824 0.0906622
0.21834 0.219602 0.177182 0.148844 0.130009 0.106023
0.0310405 0.0183562 0.0188391 0.38623 0.418147 0.127388
0.0262277 0.00870494 0.00962499 0.471753 0.28281 0.200879
0.340581 0.212863 0.15327 0.111882 0.0843502 0.0970533
0.00621281 0.00205538 0.00312663 0.51177 0.351372 0.125463
0.392732 0.161692 0.145288 0.128379 0.0869851 0.0849239
0.0274311 0.0165905 0.0182474 0.454848 0.339413 0.143471
0.0254219 0.0150652 0.017285 0.41173 0.333134 0.197363
0.316843 0.144851 0.106451 0.20402 0.111045 0.116789
0.199279 0.226941 0.234484 0.128872 0.0982276 0.112197
0.0163781 0.00868163 0.0106526 0.544266 0.275173 0.144849
0.0262696 0.0189264 0.025764 0.380564 0.410897 0.13758
0.257364 0.214478 0.193606 0.135655 0.101538 0.0973582
0.00932805 0.00377149 0.00487826 0.535766 0.324084 0.122172
0.452224 0.101663 0.073436 0.154746 0.144258 0.0736728
0.0273942 0.0232409 0.0318921 0.372243 0.368761 0.176468
0.257464 0.13198 0.117972 0.176664 0.141332 0.174589
0.294962 0.195098 0.111799 0.162103 0.104287 0.131751
0.00688474 0.00302051 0.00437993 0.485203 0.377552 0.12296
0.235768 0.182254 0.182451 0.170103 0.118063 0.11136
0.0100289 0.00423545 0.00650066 0.543596 0.333364 0.102275
0.216705 0.121991 0.0895914 0.249925 0.187462 0.134325
0.328788 0.14085 0.113685 0.19269 0.128942 0.0950458
0.363813 0.184771 0.141426 0.105195 0.0948714 0.109923
0.227003 0.0665977 0.0619334 0.262818 0.242346 0.139302
0.0192268 0.0111796 0.0115945 0.41388 0.42748 0.116639
0.291379 0.161264 0.115494 0.200457 0.128696 0.10271
0.294097 0.120076 0.0944082 0.243132 0.126312 0.121975
0.300478 0.239103 0.164215 0.100043 0.0761905 0.119971
0.278712 0.185825 0.131678 0.1787 0.12258 0.102505
0.0182735 0.00773191 0.0112046 0.369847 0.459709 0.133234
0.0111636 0.00806175 0.0105706 0.408448 0.445756 0.116001
0.207739 0.285085 0.184282 0.12574 0.0935576 0.103595
0.0216255 0.0125477 0.0122 0.435291 0.314414 0.203922
0.00732111 0.00225731 0.00365003 0.483892 0.317229 0.18565
0.00697525 0.00314541 0.00469927 0.486245 0.368875 0.13006
0.220075 0.162771 0.115743 0.201192 0.173345 0.126875
0.031418 0.0184996 0.0209758 0.411811 0.31039 0.206906
0.266243 0.236081 0.17833 0.115448 0.107233 0.0966651
0.284371 0.155122 0.107711 0.21947 0.120503 0.112823
0.242649 0.128738 0.134646 0.196587 0.191578 0.105802
0.0155069 0.0079238 0.0106383 0.434477 0.292129 0.239325
0.0281301 0.0162488 0.0310223 0.363556 0.344425 0.216619
0.0155339 0.0099157 0.0146079 0.385241 0.301436 0.273265
0.020876 0.0119619 0.0142707 0.37217 0.272401 0.30832
0.364175 0.112634 0.097002 0.178004 0.145538 0.102647
0.0529528 0.0304315 0.0276898 0.370462 0.365815 0.152649
0.3884 0.204489 0.134138 0.115548 0.0774955 0.0799294
0.0419063 0.0192037 0.020054 0.411373 0.350387 0.157076
0.00719945 0.0055116 0.00491417 0.467045 0.372183 0.143147
0.142386 0.131157 0.115112 0.261417 0.240161 0.109767
0.050236 0.0301079 0.030973 0.414644 0.320267 0.153771
0.017321 0.00857438 0.00926078 0.504264 0.278011 0.182569
0.358951 0.142754 0.182621 0.129867 0.0861491 0.0996577
0.0298564 0.0195925 0.0360215 0.343866 0.325734 0.244929
0.00842646 0.0034698 0.00561851 0.489942 0.380566 0.111978
0.0337515 0.0116331 0.0213279 0.367452 0.245036 0.320799
0.00822671 0.00367057 0.00466207 0.430928 0.328447 0.224065
0.288456 0.231635 0.154981 0.129051 0.097067 0.0988101
0.21499 0.178312 0.186571 0.169185 0.131706 0.119237
0.0395345 0.0109557 0.0180405 0.329166 0.216847 0.385456
0.0217248 0.00625324 0.00647402 0.529081 0.225873 0.210594
0.251448 0.246707 0.197522 0.113164 0.0988797 0.0922791
0.0173611 0.00961489 0.0129752 0.524126 0.303062 0.13286
0.0170624 0.0112009 0.0118412 0.459766 0.379315 0.120815
0.00878611 0.00599937 0.00864737 0.437282 0.45404 0.085246
0.283946 0.185792 0.174629 0.148742 0.131644 0.0752467
0.283196 0.126438 0.093865 0.257094 0.11469 0.124718
0.256053 0.144919 0.0969377 0.205253 0.21216 0.0846785
0.0226005 0.00921221 0.0157568 0.365808 0.266844 0.319779
0.0182218 0.00792834 0.00865112 0.500193 0.318802 0.146203
0.0549339 0.0220609 0.017376 0.447253 0.262639 0.195737
0.0377066 0.0102987 0.0153725 0.329635 0.266289 0.340698
0.0228093 0.0114602 0.0130065 0.428098 0.295933 0.228693
0.177893 0.183686 0.16302 0.180642 0.167039 0.127719
0.0483203 0.0230796 0.0252235 0.45048 0.296411 0.156486
0.303492 0.187896 0.14718 0.140446 0.0788115 0.142174
0.215523 0.254893 0.201522 0.134881 0.11942 0.0737613
0.351278 0.152596 0.151889 0.130143 0.121519 0.0925748
0.236829 0.229746 0.18317 0.12115 0.124894 0.10421
0.0289651 0.0231217 0.0216477 0.410456 0.324389 0.19142
0.022918 0.0193005 0.025482 0.414276 0.34397 0.174053
0.024028 0.0178565 0.0251389 0.432888 0.358541 0.141548
0.411944 0.145773 0.123728 0.135866 0.107364 0.0753252
0.0221042 0.0153974 0.0165733 0.401984 0.326488 0.217453
0.353031 0.10149 0.0930985 0.194819 0.157656 0.0999054
0.0465797 0.0300378 0.0427526 0.352691 0.320037 0.207903
0.0173494 0.00882819 0.00936621 0.458223 0.400554 0.105679
0.204846 0.231998 0.219738 0.133081 0.101502 0.108835
0.0315773 0.0163753 0.0225233 0.368853 0.320455 0.240216
0.205934 0.0928136 0.0913232 0.249456 0.153319 0.207154
0.0316936 0.0187823 0.0214492 0.458582 0.325838 0.143655
0.361441 0.125439 0.108637 0.159281 0.120477 0.124724
0.0150816 0.0117285 0.0110625 0.463648 0.307573 0.190907
0.238144 0.262278 0.150877 0.129634 0.103621 0.115447
0.0214037 0.0183341 0.0240515 0.388991 0.387532 0.159688
0.273254 0.0954391 0.0747768 0.205548 0.169787 0.181196
0.310772 0.231075 0.149338 0.118338 0.0879177 0.10256
0.216105 0.243549 0.233322 0.12102 0.104049 0.0819547
0.0121516 0.00497287 0.00761054 0.579667 0.226669 0.168929
0.00848232 0.00492269 0.00685027 0.387818 0.479656 0.112271
0.0351467 0.0194872 0.0279361 0.353052 0.317884 0.246493
0.256745 0.170299 0.183956 0.16579 0.10614 0.117069
0.012546 0.0053028 0.00608187 0.530928 0.312943 0.132198
0.027311 0.0233681 0.0297143 0.391731 0.37907 0.148805
0.0152871 0.00700705 0.0129411 0.434939 0.282924 0.246902
0.306494 0.232539 0.142511 0.139977 0.0840478 0.094431
0.0195209 0.00950531 0.014687 0.464849 0.335487 0.15595
0.292663 0.208461 0.170928 0.134693 0.0959109 0.0973442
0.324379 0.162948 0.117872 0.147681 0.107009 0.140112
0.322189 0.20298 0.160239 0.128207 0.0952691 0.0911163
0.17754 0.289167 0.199169 0.11993 0.100926 0.113269
0.0608004 0.0423472 0.0452871 0.375893 0.329971 0.145702
0.038199 0.0266323 0.0314054 0.408247 0.298055 0.197462
0.383847 0.121094 0.106836 0.158808 0.129045 0.100371
0.0240503 0.0157903 0.0166892 0.399761 0.39177 0.151939
0.0281137 0.0112654 0.0182159 0.391453 0.255265 0.295688
0.035763 0.021938 0.0239878 0.453232 0.311571 0.153507
0.0163644 0.00693229 0.00977707 0.533844 0.314525 0.118557
0.401468 0.131983 0.100862 0.160465 0.116846 0.0883757
0.0302787 0.0134685 0.015707 0.391861 0.337387 0.211297
0.026189 0.0132756 0.0162268 0.457293 0.331893 0.155123
0.298744 0.19826 0.12523 0.171334 0.114516 0.0919153
0.0280691 0.0142594 0.0180808 0.412888 0.401795 0.124907
0.0292171 0.0154954 0.0164448 0.469102 0.31748 0.152261
0.234253 0.198679 0.202315 0.135728 0.107003 0.122022
0.277635 0.194325 0.208676 0.13168 0.0887668 0.0989169
0.259637 0.133568 0.0852104 0.278558 0.133559 0.109467
0.234963 0.108223 0.167867 0.25766 0.132677 0.0986097
0.0123768 0.00616904 0.00877307 0.379816 0.461439 0.131426
0.0339264 0.0235518 0.0216361 0.326393 0.473052 0.121441
0.0315829 0.0187347 0.0229908 0.39438 0.376445 0.155866
0.386183 0.15311 0.135913 0.136391 0.10316 0.0852437
0.339139 0.145553 0.12324 0.171685 0.123019 0.0973649
0.043946 0.0232888 0.02787 0.386448 0.270633 0.247814
0.267675 0.180245 0.130623 0.186218 0.136106 0.0991322
0.318139 0.183846 0.13572 0.169194 0.0976733 0.0954281
0.304344 0.12851 0.132043 0.15103 0.13567 0.148404
0.0164413 0.0115238 0.0113489 0.36989 0.484564 0.106233
0.0337806 0.0136591 0.018832 0.462364 0.279471 0.191893
0.264018 0.156512 0.120082 0.180651 0.197929 0.0808083
0.379419 0.159155 0.146004 0.13124 0.0944229 0.0897586
0.034525 0.0234015 0.0255891 0.444167 0.340951 0.131366
