0.984454 0.00517595 0.00410518 0.00480353 0.00094249 0.000519126
0.000290983 9.1272e-05 7.84426e-05 0.960471 0.0371333 0.00193473
0.000972447 0.000316434 0.997926 0.000310992 0.000221545 0.00025241
0.000154991 0.000138713 0.000912399 0.0034676 0.00153951 0.993787
0.000358876 0.000353492 0.997788 0.000822806 0.000468835 0.000207718
0.000621821 0.000233265 0.0002284 0.936243 0.01344 0.0492339
0.00292292 0.00217759 0.00491167 0.216791 0.747578 0.0256192
0.0480922 0.935463 0.00506594 0.0103106 0.000596763 0.000471932
0.00727699 0.77224 0.2004 0.00298417 0.0108935 0.00620611
0.00032353 0.000221205 0.000191198 0.070423 0.928023 0.000818481
0.00328274 0.000900182 0.000835535 0.84417 0.128288 0.022523
0.000246158 0.000161057 0.000134151 0.0330497 0.965926 0.000483004
0.000145436 7.63301e-05 0.000477679 0.0035288 0.000605865 0.995166
0.00645997 0.0015806 0.00231731 0.769069 0.198491 0.0220817
0.0532931 0.00501747 0.934683 0.0025406 0.00224919 0.00221706
0.000542101 0.998515 0.000610829 0.000171547 0.000107499 5.27615e-05
0.000311781 0.000265173 0.00107691 0.111882 0.00357482 0.882889
0.00234192 0.000415528 0.000323607 0.903647 0.0908818 0.00239052
0.000511238 0.00218207 0.995435 0.000451029 0.00112184 0.000298846
0.000257842 7.85242e-06 1.36684e-05 0.999315 0.000252144 0.000153959
0.0250806 0.952871 0.0123417 0.006656 0.00204783 0.00100278
0.994692 0.000688665 0.00268518 0.000786555 0.000217793 0.000930014
0.00254727 0.00130737 0.00322167 0.559901 0.0375013 0.395521
0.805905 0.164315 0.0071875 0.0195054 0.00222351 0.000863211
0.0167429 0.00132787 0.0699584 0.00246144 0.000645049 0.908864
0.000220961 0.000190516 0.000152497 0.155857 0.841466 0.00211279
0.00115423 0.000257264 0.00010208 0.981291 0.0163896 0.00080565
0.00226849 0.000579383 0.000328442 0.633701 0.362175 0.000947405
0.00503392 0.0058437 0.981325 0.00351254 0.00391634 0.000368359
0.976584 0.00806892 0.00811173 0.00513486 0.000956791 0.00114387
0.00068038 0.00169307 0.995735 0.000525621 0.00117194 0.000193855
0.000603153 0.990717 0.00687728 0.000992573 0.000603984 0.000206277
0.000119366 0.00010123 0.000584782 0.0370193 0.00201005 0.960165
0.000375381 0.998259 0.000919457 0.000257068 0.000139038 4.97861e-05
0.984997 0.00181954 0.00142124 0.00827918 0.00345375 2.95745e-05
0.000203433 0.000509278 0.00414584 0.00639025 0.0054513 0.9833
0.00322114 0.00160503 0.00516052 0.596709 0.117475 0.275829
0.991859 0.00288055 0.000625853 0.00432901 7.45822e-05 0.000231094
0.00017688 0.998248 0.00107791 0.000153287 0.000244139 9.98957e-05
0.00691432 0.00125823 0.00105747 0.814518 0.169159 0.00709234
0.00110395 0.00239234 0.993956 0.000733347 0.00149372 0.000321145
0.000108788 5.28118e-05 0.000418579 0.00213482 0.000180412 0.997105
0.000998978 0.000818862 0.00216583 0.027515 0.0185784 0.949923
0.00055406 0.00030889 0.000324428 0.379434 0.61685 0.00252844
0.997518 0.00010668 0.00123726 0.000952773 0.000174204 1.13311e-05
0.000360317 0.000364414 0.00292495 0.023569 0.00997996 0.962801
0.000203192 0.000109531 0.000186543 0.0349681 0.964034 0.000498489
0.0057823 0.0254429 0.95416 0.0110307 0.00181402 0.00176981
0.00483054 0.991182 0.00245977 0.000720623 0.000602105 0.000204426
0.000831813 0.00109617 0.00102132 0.725157 0.0344687 0.237425
0.00455941 0.00113754 0.000829744 0.898595 0.0864957 0.00838293
0.000718256 0.00886868 0.98723 0.0008869 0.00135372 0.00094275
0.97343 0.0101663 0.00947707 0.00354732 0.00103757 0.00234143
0.988434 0.000747984 0.00198954 0.00863196 0.000162656 3.3795e-05
0.0062347 0.987697 0.00292173 0.00218 0.000719802 0.000247174
0.000425556 0.997791 0.000786167 0.000813814 0.00011725 6.59911e-05
0.989715 0.000845638 0.00105364 0.00813788 8.99911e-05 0.000157912
0.997499 0.000284354 0.000800097 0.000937719 0.000416715 6.25904e-05
0.0058952 0.000178174 0.990525 0.00231453 0.000939003 0.000148652
0.992627 0.000808764 0.00371914 0.00212107 0.000396197 0.000327556
0.000946372 0.000324552 0.00262859 0.765421 0.204449 0.0262305
0.0547275 0.882433 0.0370114 0.0114825 0.0122506 0.00209462
0.000319221 0.000148839 0.998933 0.000174614 0.000255956 0.000168235
0.963301 0.0035164 0.0250702 0.001392 0.000487451 0.00623309
0.000990904 0.000508916 0.00106821 0.483828 0.493511 0.0200934
0.00246162 0.0379693 0.94986 0.00454574 0.00402343 0.00113986
0.000765827 0.000842726 0.00290321 0.352748 0.521429 0.121312
0.996033 0.000692317 0.00179756 0.0010385 0.000239454 0.000199587
0.000650246 0.00110627 0.0044957 0.166741 0.102111 0.724895
0.00574233 0.272241 0.705137 0.00748596 0.00716515 0.00222926
0.661015 0.044519 0.172395 0.0669895 0.0534985 0.00158293
0.00128615 0.994739 0.0026187 0.00084312 0.000351989 0.000161328
0.00623492 0.984077 0.0060264 0.00170186 0.00127638 0.000683024
0.00363161 0.000811752 0.000589629 0.701595 0.291415 0.00195671
0.00110412 0.000651847 0.000403986 0.14011 0.857218 0.000512194
0.00033244 0.00020132 0.00101036 0.171081 0.823294 0.00408107
0.00657973 0.982974 0.00628282 0.00287511 0.000767929 0.000520524
6.97029e-06 9.47805e-06 0.000135758 0.000307551 5.91545e-05 0.999481
0.980699 0.00127577 0.00106859 0.0086731 0.00826769 1.60899e-05
0.00135361 0.000750214 0.00482961 0.0461347 0.00611919 0.940813
0.000360777 0.000305381 0.00186136 0.044556 0.00845112 0.944465
0.0038304 0.00519558 0.00800234 0.310143 0.206926 0.465903
0.000785928 0.000348725 0.000402366 0.938067 0.0574378 0.00295789
0.0757907 0.860702 0.0392418 0.0146117 0.00642175 0.00323166
0.00263706 0.000816711 0.00944536 0.71758 0.204975 0.0645462
0.0413698 0.797481 0.135477 0.00541482 0.00426468 0.0159921
0.00252536 0.992882 0.00289589 0.00111483 0.00036715 0.000215097
0.0067212 0.989665 0.00215288 0.000881098 0.000446252 0.000133895
0.00159168 0.00139518 0.0015417 0.198252 0.781468 0.0157509
0.0159135 0.95711 0.0174561 0.00474662 0.00280541 0.00196871
0.000127184 4.36761e-05 0.00109946 0.00018243 3.93897e-05 0.998508
0.000206857 3.57084e-05 0.00011651 0.968092 0.00192051 0.0296283
0.00192717 0.987003 0.00801455 0.000946768 0.0010111 0.0010971
0.00416072 0.00110061 0.00121204 0.473949 0.511192 0.00838491
0.0868488 0.829453 0.0616221 0.0150159 0.00332029 0.00373965
0.000764648 0.000241424 0.000225196 0.955917 0.0364038 0.006448
0.00179687 0.000642536 0.000457247 0.1447 0.850942 0.0014613
0.00154456 0.000936658 0.0017188 0.711416 0.125924 0.15846
0.987161 0.00422038 0.00315651 0.00381263 0.00115524 0.000493732
0.000532819 0.000414385 0.0010058 0.551097 0.0877913 0.359159
0.00199473 0.000990234 0.000814843 0.541855 0.449172 0.00517383
0.000391617 0.000190218 0.000897058 0.0147707 0.00163098 0.982119
0.00027051 0.000172738 0.00123093 0.806091 0.160671 0.0315635
0.00069893 0.000427168 0.000568162 0.283748 0.704154 0.0104036
0.0058122 0.00268491 0.00169252 0.864656 0.0672087 0.0579454
4.02587e-05 8.69479e-06 0.999827 5.01407e-05 5.3763e-05 2.03371e-05
0.00194178 0.000794636 0.000229276 0.968021 0.0268464 0.00216714
0.0209006 0.00359612 0.00176352 0.926724 0.033278 0.0137377
2.87109e-05 0.999213 0.00061995 3.0587e-05 7.69773e-05 3.06031e-05
0.00568677 0.94785 0.0397808 0.0020605 0.00278361 0.001838
0.0005773 0.00262613 0.99464 0.000584565 0.00131199 0.000260339
0.0075907 0.970597 0.0171127 0.00257403 0.00123582 0.000889451
0.00973572 0.96479 0.0210179 0.00193988 0.00143468 0.00108128
0.000158714 4.36217e-05 4.62664e-05 0.0133144 0.986332 0.000105123
0.009119 0.00271766 0.00972435 0.795026 0.135468 0.0479455
0.00153756 0.000471757 0.00056133 0.966076 0.0136387 0.0177145
0.974675 0.0045711 0.016038 0.00263617 0.000852254 0.00122694
0.00434907 0.00551516 0.977875 0.0101722 0.00145839 0.000629666
0.00593225 0.947811 0.0419942 0.00147189 0.00161914 0.00117114
0.956018 9.46083e-05 0.04067 0.00291069 0.000112671 0.000193791
0.0010479 0.000486902 0.000468922 0.754553 0.240376 0.00306702
0.000425873 0.000531458 0.000929349 0.055958 0.934708 0.00744784
0.000119705 0.998822 0.000795534 8.14116e-05 0.000130235 5.15251e-05
0.000684235 0.000946828 0.000499802 0.0664903 0.92922 0.00215845
0.00038244 0.00021295 0.998433 0.000252524 0.000323052 0.000395843
0.000957717 0.00078162 0.00100813 0.206025 0.0153391 0.775888
0.981766 0.00955075 0.00234667 0.00494695 0.00118696 0.00020298
0.00786632 0.00297445 0.00552018 0.289304 0.0543116 0.640023
0.000126713 0.000117142 0.00164607 0.00154734 0.000740164 0.995823
0.0679192 0.882966 0.030952 0.0114411 0.00121567 0.00550627
0.00176961 0.994036 0.00192998 0.00116285 0.00102327 7.81804e-05
0.490005 5.21457e-05 0.507321 0.00135614 0.00112125 0.000144451
0.0265996 0.951011 0.0138511 0.00616406 0.00142998 0.00094459
0.000164976 0.0001138 0.000530707 0.00897422 0.00211854 0.988098
0.00192382 0.000703459 0.00163631 0.661831 0.321192 0.0127139
6.59857e-05 4.8273e-05 0.000765332 0.000520065 0.0002733 0.998327
0.000620808 0.000207367 0.000213194 0.952246 0.0418761 0.00483611
4.54682e-05 6.51123e-05 0.000436654 0.00540583 0.000637627 0.993409
0.00877814 0.000891704 0.00164862 0.638667 0.346037 0.00397746
0.000739755 0.000366216 0.000336198 0.737053 0.260017 0.00148711
0.00388245 0.990446 0.00328303 0.00141509 0.000694129 0.000279461
0.00226027 0.00086022 0.000415021 0.809378 0.182611 0.00447591
0.00248317 0.000799049 0.000644119 0.760959 0.214294 0.0208209
0.00271007 0.0415385 0.946706 0.00412752 0.00390741 0.00101068
0.00114061 7.13867e-05 9.33457e-05 0.991524 0.00357823 0.00359214
0.00030855 0.000122337 0.998907 0.000276572 0.000245803 0.000140041
0.000283536 0.98783 0.0104988 0.000227168 0.000569665 0.000590844
0.000213034 0.999366 0.000186488 0.000189484 2.8781e-05 1.58062e-05
0.926313 0.0413025 0.014121 0.0114653 0.00276893 0.00402982
0.0015495 0.00416105 0.00214197 0.764775 0.120442 0.106931
0.00283822 0.137034 0.851944 0.00168585 0.00322903 0.00326834
0.00215523 0.00206889 0.993678 0.000771587 0.000966793 0.000359513
8.00518e-05 0.000157518 0.000481141 0.0146894 0.0069745 0.977617
0.00191376 0.000417778 0.00050081 0.951688 0.0365167 0.00896285
0.000133439 0.00168313 0.997162 0.00036313 0.000523978 0.000134755
0.000289978 8.07756e-05 7.57262e-05 0.975943 0.0216033 0.00200736
0.000825574 0.00105239 0.000741709 0.113138 0.875566 0.0086754
0.00203366 0.00129388 0.00271996 0.249242 0.0491919 0.695519
0.00062881 0.996579 0.00168091 0.00048528 0.000440603 0.000185619
0.00220727 0.00108217 0.00411626 0.103261 0.00866238 0.880671
0.0588924 0.393445 0.508684 0.0164609 0.0197545 0.00276281
0.992673 0.00284046 0.000931681 0.00332004 9.38411e-05 0.00014147
0.00655109 0.000807181 0.000931909 0.956507 0.0138632 0.0213396
6.61739e-05 0.00019037 0.00400589 0.00952103 0.00685957 0.979357
0.0621743 0.280388 0.594555 0.0531409 0.00600704 0.00373385
0.0524251 0.834185 0.0929768 0.0129083 0.003661 0.00384366
0.000228179 0.000346833 0.00228027 0.00523572 0.00249177 0.989417
0.0080372 0.0293802 0.926707 0.027415 0.00503774 0.00342287
0.995198 0.000719378 0.00187582 0.00184947 0.000249144 0.000108163
0.00699619 0.00109889 0.000770396 0.88639 0.100666 0.00407804
0.00749937 0.951229 0.0344664 0.00208976 0.00272395 0.00199147
0.00616936 0.975526 0.0137432 0.00255277 0.00132403 0.000684818
0.000506529 0.00126388 0.0080573 0.015087 0.021307 0.953778
2.93078e-05 2.0113e-05 3.10475e-05 0.00343414 0.996391 9.42522e-05
0.966386 0.00100932 0.00067887 0.03166 0.000152488 0.000113472
7.76455e-05 0.000280566 0.00360984 0.00160868 0.000358082 0.994065
0.00645746 0.987203 0.0042125 0.000854648 0.000955591 0.000317069
0.000558606 0.000321106 0.000273435 0.206137 0.790239 0.00247104
0.00233674 0.00139697 0.00138277 0.552605 0.42398 0.0182985
0.000962552 0.000999794 0.00372953 0.0124883 0.00662567 0.975194
0.00119745 0.0005744 0.000610919 0.416074 0.576971 0.0045718
0.000966164 0.000630056 0.000760816 0.29868 0.681585 0.0173782
0.000252345 0.000126518 0.000199548 0.0297851 0.969178 0.000458664
0.00342378 0.00304688 0.00628638 0.099254 0.0497507 0.838238
0.00484108 0.98345 0.0083133 0.0015713 0.00105301 0.00077114
0.941986 0.000371652 0.0519451 0.00359679 0.00187079 0.000229856
0.00143978 0.00031745 0.000544515 0.968113 0.0200747 0.00951055
0.00330735 0.0917336 0.887198 0.00934194 0.00533786 0.00308115
0.963375 0.0004265 0.031908 0.00248166 0.0012188 0.000590194
0.00249996 0.0017427 0.991553 0.00206359 0.00122427 0.000917003
0.000448645 0.00102339 0.997099 0.000163893 0.000509574 0.000755779
0.00279173 0.000975033 0.000626285 0.905018 0.0834898 0.00709938
0.000226112 7.00012e-05 8.35045e-05 0.0933712 0.905485 0.000764565
0.985825 0.00498531 0.00316138 0.00347073 0.00234246 0.000214881
0.649973 0.0260105 0.166263 0.00373895 0.00144311 0.152572
0.000151413 1.61897e-05 3.39172e-05 0.997028 0.00192389 0.00084651
8.3138e-05 1.75161e-05 0.000116133 0.229848 0.000173409 0.769762
0.00259083 0.00120965 0.00118377 0.911779 0.00942825 0.073809
0.000662962 0.00134535 0.00245653 0.0922855 0.135577 0.767672
0.00255195 0.000815398 0.00386453 0.528363 0.428916 0.0354893
0.00827657 0.982541 0.00523501 0.00288761 0.000703952 0.000356292
0.000223361 0.000420416 0.00199233 0.0445221 0.911274 0.0415674
0.00338304 0.00417516 0.986298 0.00199276 0.00219446 0.00195642
0.0199261 0.000390921 0.972975 0.0037409 0.00288808 7.84867e-05
0.000734964 0.000402755 0.000954703 0.592871 0.399858 0.00517885
0.000247474 0.000665967 0.00705819 0.00933247 0.00954194 0.973154
0.03116 0.947526 0.00862532 0.0106635 0.00145881 0.000566103
0.00310869 0.000264623 0.000231565 0.17461 0.821622 0.000162848
1.97337e-05 6.27389e-06 0.99943 0.000462917 2.32999e-05 5.77474e-05
0.0223139 0.949836 0.0197883 0.00517817 0.00167769 0.00120579
0.047686 0.903502 0.0229703 0.0101274 0.0123967 0.00331777
0.0534769 0.879937 0.0329852 0.0105441 0.0179781 0.00507851
0.000342871 4.75003e-05 3.03133e-05 0.993642 0.00468613 0.00125126
0.000699318 0.000489994 0.00146145 0.22336 0.743674 0.0303149
0.000451328 5.3579e-05 4.42796e-05 0.992377 0.00426793 0.00280629
0.000179544 0.998864 0.000685105 0.000135991 0.000101166 3.40544e-05
0.993799 0.00188798 0.00156333 0.00169456 0.000925881 0.000129528
0.00639049 0.985629 0.00462925 0.00232344 0.000722356 0.000305212
0.00321176 0.857614 0.129551 0.00105446 0.00157681 0.00699151
0.000615997 0.000258805 0.00135391 0.0261439 0.00268906 0.968938
0.965121 0.02228 0.00602144 0.00445173 0.00144492 0.000681185
0.000230523 0.000254506 0.000297444 0.0434257 0.952006 0.00378581
0.000674311 0.000448562 0.00092849 0.200239 0.0368374 0.760872
0.00025747 0.000213244 0.000256305 0.0160869 0.981899 0.00128678
0.000341008 0.00026553 0.998693 0.000349788 0.000204079 0.000146827
0.00220483 0.00049971 0.000247949 0.940362 0.0494159 0.00726963
0.99786 0.000275925 0.000655767 0.00093144 2.50782e-05 0.000251309
0.372447 0.547953 0.00856502 0.0686595 0.00167977 0.000695687
0.00543147 0.000756003 0.000522472 0.304181 0.688118 0.000990954
0.000143318 0.000131774 0.999295 0.000179016 0.000136528 0.000114615
0.00038401 0.996894 0.00157031 0.000781986 0.000144347 0.000225537
0.000693258 0.000394043 0.000267394 0.353746 0.643082 0.00181649
0.998648 9.53796e-05 0.000760266 0.000306455 9.87983e-05 9.13491e-05
0.00249328 1.95592e-05 0.99708 9.89134e-05 6.89187e-05 0.000239306
0.975663 0.000580929 0.020091 0.00190781 0.00127644 0.000480478
7.61229e-05 0.000135197 0.000312079 0.0181442 0.976871 0.00446124
0.00111335 0.000975456 0.00413924 0.203241 0.0342797 0.756251
0.00270321 0.000153735 0.000219734 0.876491 0.120246 0.000185584
0.987814 0.00304938 0.00377255 0.0044886 0.000471075 0.000404276
0.000357058 0.000171605 0.00141881 0.595105 0.0229225 0.380025
0.956138 0.0285117 0.00839738 0.00357869 0.00235357 0.00102037
4.67723e-05 1.55376e-05 0.999579 0.000292844 3.07561e-05 3.48794e-05
0.000955471 9.13541e-06 0.998559 0.000259976 0.000105912 0.000110923
0.998578 9.76767e-05 0.000750372 0.000366991 0.000134201 7.29478e-05
0.00627915 0.985128 0.00594852 0.00137249 0.000667026 0.000604788
0.00121489 0.000995551 0.00057199 0.81792 0.158371 0.0209264
0.00157742 0.00020428 0.000201454 0.947308 0.04903 0.00167886
0.000452059 0.000416277 0.000372276 0.0266199 0.971037 0.00110244
0.000802559 0.996979 0.000924987 0.00110145 0.00012351 6.84875e-05
0.0818551 0.827573 0.043759 0.0188481 0.0161858 0.0117794
0.000625167 0.00033437 0.000580616 0.803971 0.175738 0.018751
0.00025985 0.000388679 0.000749841 0.0461705 0.938374 0.0140573
0.00157548 0.00198017 0.00187676 0.11269 0.877785 0.00409295
0.00326909 0.00106343 0.00242943 0.741869 0.220678 0.030691
0.0233041 0.0293172 0.937557 0.00386948 0.0036599 0.00229222
5.67054e-05 0.000135011 0.00130196 0.00372295 0.00141166 0.993372
0.00221711 0.000536817 0.00058855 0.451425 0.543818 0.00141474
8.99727e-05 0.000101903 0.00107061 0.00302586 0.0007159 0.994996
0.0107043 0.981264 0.00528802 0.0011911 0.00122874 0.000323913
0.000789662 0.000370367 0.996763 0.000895552 0.000912804 0.000268635
8.94498e-05 0.996009 0.00268378 0.000142667 0.000879634 0.000195243
0.980898 0.00532207 0.00726694 0.00274467 0.000523648 0.00324496
0.0170633 0.958029 0.0150208 0.00635754 0.00205459 0.00147501
0.0031876 0.989938 0.00358371 0.00132298 0.00170188 0.000265586
0.000324414 0.000290753 0.00137941 0.0159174 0.00356232 0.978526
0.00219458 0.00104189 0.00146382 0.821116 0.0902863 0.0838976
0.996284 0.00011928 0.00192121 0.00157566 7.38122e-05 2.65336e-05
0.000107332 0.000367262 0.0041552 0.0549703 0.0450136 0.895386
0.000628751 0.997549 0.00116501 0.000315491 0.000252349 8.958e-05
1.77229e-05 5.32873e-05 0.000409851 0.00265008 0.000163244 0.996706
0.00353867 0.948375 0.0434776 0.0013295 0.00158251 0.00169677
0.991252 0.00126234 0.00441839 0.00114624 0.00181428 0.000106687
0.993488 0.000173093 0.00430516 0.000820079 0.00112646 8.75296e-05
0.000604754 0.00018257 0.00019313 0.969553 0.00819755 0.0212687
0.031708 0.953563 0.00830602 0.00283859 0.00296455 0.000619776
0.00602918 0.986551 0.00461466 0.000893541 0.00163051 0.000281574
2.99174e-05 1.72053e-05 0.000161519 0.00373543 4.99509e-05 0.996006
0.00252728 0.000167532 0.000167791 0.886012 0.110844 0.000282177
0.88215 0.0851323 0.0197698 0.00606238 0.00450369 0.00238201
0.0201964 0.959846 0.0147965 0.00187788 0.00231271 0.000970435
0.000571385 0.000255776 0.000204977 0.463211 0.534683 0.00107393
0.0019106 0.00222457 0.00175949 0.802047 0.0563638 0.135694
0.9928 0.00220729 0.000793279 0.00364623 0.000514822 3.85398e-05
0.00100623 0.00034494 0.000508517 0.964764 0.0087612 0.0246148
0.00407486 0.00116545 0.00556906 0.625062 0.204638 0.15949
0.000289531 0.000171883 0.000298935 0.0155231 0.982653 0.00106374
0.974682 0.000193557 0.0205578 0.00330932 0.000973112 0.000284075
0.000216597 0.000200161 0.00116034 0.0137313 0.00439474 0.980297
0.000475737 0.000313934 0.000811605 0.501241 0.470049 0.0271087
0.000389584 0.000552159 0.000516286 0.133113 0.857012 0.00841742
0.0677049 0.910041 0.00478434 0.016447 0.000614716 0.000408493
0.0020981 0.00019771 0.000180153 0.989543 0.00753829 0.00044248
9.38519e-05 0.000123012 0.00147881 0.00556511 0.00089088 0.991848
0.000712244 0.000627705 0.000623176 0.312963 0.673016 0.0120569
3.13788e-05 0.999457 0.000359494 4.06832e-05 8.3506e-05 2.83961e-05
0.0202109 0.0031176 0.00195101 0.820777 0.150293 0.0036507
0.00257497 0.970712 0.02308 0.0012125 0.00122923 0.00119103
0.072478 0.88045 0.0291132 0.0124602 0.00280824 0.00269076
0.994199 0.00162925 0.00113028 0.00245544 0.000533216 5.30526e-05
0.000590268 0.000747511 0.00118329 0.0781581 0.909925 0.00939558
0.81278 0.00390997 0.171059 0.00361862 0.00130832 0.00732317
0.989827 0.00159206 0.00293275 0.00439579 0.000937636 0.000314596
0.00211457 0.000942246 0.000924438 0.915056 0.0501965 0.0307662
0.000108799 0.000118759 9.15286e-05 0.0249853 0.97375 0.00094607
0.974223 0.000523606 0.0113008 0.00309617 0.0108134 4.23693e-05
0.949141 0.00280061 0.0230283 0.00868731 0.000616303 0.0157268
0.000611589 6.05917e-05 0.000251512 0.973901 0.0235596 0.00161546
0.00241123 0.000164997 0.000264826 0.969083 0.0270077 0.00106864
0.00228505 0.00101949 0.00272987 0.108549 0.0341031 0.851314
0.000702947 0.995258 0.00303469 0.000508479 0.000316115 0.00018024
0.000856806 0.000364396 0.00112503 0.789231 0.0459064 0.162517
0.908253 0.0120242 0.0365922 0.0102152 0.0323251 0.000590033
0.000243968 9.56646e-05 0.000229936 0.0143488 0.984802 0.000279326
0.00206091 0.993746 0.000759984 0.00323275 0.000130395 6.99716e-05
0.000289038 0.000192993 0.000560901 0.039972 0.00207891 0.956906
0.0091924 9.57594e-05 0.989633 0.000260469 0.000153362 0.000664811
0.0335433 0.953185 0.00414396 0.00823652 0.000509913 0.000381723
0.972808 0.000833503 0.00389632 0.00877682 0.0136629 2.26716e-05
6.93691e-06 1.97731e-05 0.000312029 0.000833137 0.000204194 0.998624
0.993111 0.00283954 0.00113523 0.00210912 0.000768234 3.67815e-05
0.00258378 0.00100894 0.000923049 0.940759 0.0332018 0.0215233
0.0014666 0.000750996 0.000624189 0.869128 0.118493 0.00953788
0.0129405 0.974974 0.00564405 0.00508466 0.000953436 0.000403227
0.954007 0.00703258 0.0244742 0.00165781 0.000596657 0.0122321
0.989931 0.00307642 0.00252903 0.00197436 0.00236576 0.000122941
0.00180242 0.00499718 0.988811 0.00145914 0.00238487 0.000545078
0.00192647 0.956727 0.0360247 0.000837885 0.00288655 0.00159739
0.0919057 0.822453 0.0405088 0.0323583 0.00115131 0.0116226
0.989744 0.000513555 0.00180047 0.00257476 0.0053494 1.75357e-05
0.00152318 0.000775751 0.000220913 0.959168 0.0313168 0.00699543
6.73771e-05 8.36296e-05 0.00010503 0.00934597 0.990037 0.000360921
0.00020212 0.000397526 0.00441661 0.116171 0.0705898 0.808223
0.00147026 0.000456114 0.000530608 0.924884 0.0608797 0.0117796
0.00165888 0.0010548 0.000600701 0.483121 0.508754 0.00481001
0.00135319 9.7752e-05 0.000379581 0.150525 5.27417e-05 0.847592
0.00192763 0.00119253 0.00238087 0.453273 0.510375 0.0308504
0.00028222 0.996771 0.00241095 0.000150059 0.000252363 0.000133517
0.0134805 0.980233 0.00376758 0.00145014 0.000850216 0.000218785
6.91562e-05 0.000190128 0.00101163 0.00323568 0.000764813 0.994729
0.997947 0.000198434 0.000414869 0.000939173 0.000478662 2.16244e-05
0.00243276 0.00154321 0.000909586 0.592142 0.386711 0.0162621
0.0527275 0.927701 0.0131983 0.00382818 0.00162801 0.000917164
0.00419127 0.992513 0.000583233 0.00256832 9.04564e-05 5.41399e-05
0.000197138 0.997701 0.00153044 0.000301437 0.000195342 7.46434e-05
0.00159982 0.00021054 0.000344403 0.977093 0.0127469 0.00800524
0.000114512 2.48087e-05 0.000335332 0.00223719 6.17918e-05 0.997226
3.19847e-05 1.0598e-05 0.99984 4.71268e-05 5.24143e-05 1.83547e-05
6.72804e-05 0.000189886 0.00357231 0.0110595 0.00813082 0.97698
0.0110172 0.00130676 0.0028548 0.915753 0.0485372 0.0205313
0.00043177 0.000176206 9.8785e-05 0.0867877 0.912137 0.000368355
0.00356555 0.093196 0.893482 0.00207796 0.00656137 0.00111713
0.000560205 0.000699233 0.00408364 0.0409447 0.00309521 0.950617
0.00332436 0.188838 0.797584 0.00279005 0.00430982 0.00315368
0.00104109 0.000463544 0.00127513 0.855889 0.113166 0.0281657
0.0189008 0.000969535 0.000448725 0.96462 0.0143778 0.000683198
0.000309014 0.000635671 0.00192979 0.0153699 0.00543329 0.976322
4.7891e-05 2.50289e-05 0.999542 0.000177563 7.26604e-05 0.000135304
0.9771 0.00619689 0.00120777 0.0145306 9.44429e-05 0.000869769
0.00161185 0.995555 0.00164562 0.000667894 0.000382946 0.000136417
0.000126177 0.998225 0.00118902 0.000110421 0.000256673 9.24152e-05
3.23071e-05 2.68798e-05 0.000318576 0.000531328 0.000168856 0.998922
0.00359262 0.00031835 0.99422 0.000878392 0.000206911 0.000784078
0.0169685 0.619325 0.25752 0.0785447 0.00606561 0.0215761
0.00525595 0.000783586 0.00131094 0.446323 0.54341 0.00291628
0.983033 0.00483482 0.00539798 0.00282793 0.000567165 0.0033392
0.000234315 0.974227 0.0238732 0.000370175 0.000844461 0.000451152
3.18495e-05 1.55891e-05 0.9997 0.000156317 3.44754e-05 6.15408e-05
0.00144178 0.000317565 0.000852257 0.674432 0.317888 0.00506888
0.99719 0.000275884 0.00106337 0.00121797 0.000159056 9.36728e-05
0.816849 0.003745 0.165863 0.00646093 0.00394853 0.00313331
0.000265409 0.000190055 0.000705221 0.104201 0.00381599 0.890822
0.342728 0.00126228 0.00884378 0.106232 0.000116008 0.540817
0.000358447 0.000254269 0.000198911 0.325353 0.667845 0.00599042
0.00225641 0.00015562 0.000204755 0.942683 0.0540222 0.000678027
0.000460978 0.000581517 0.00240867 0.0139608 0.00292031 0.979668
0.97335 0.000521015 0.0228977 0.00193916 0.00117738 0.000114844
0.993282 0.00133984 0.00277717 0.0018958 0.000534917 0.000169817
0.971752 0.0119998 0.00761268 0.00584874 0.00135493 0.00143176
0.00384799 0.959244 0.0238581 0.00267539 0.00938384 0.000990274
0.998511 0.000146376 0.000386752 0.000814259 0.000136181 5.88959e-06
0.0239097 0.956112 0.0115836 0.00502103 0.00213546 0.00123784
0.00210027 0.00204987 0.00526106 0.223456 0.115404 0.651729
0.941873 0.00678502 0.00292381 0.0467887 0.000925002 0.000704089
0.00268052 0.00137753 0.00167096 0.225228 0.751556 0.017487
0.0231372 0.331196 0.606271 0.0134869 0.0234924 0.00241671
0.000462676 0.000397086 0.000688401 0.696364 0.294336 0.00775148
0.0686864 0.875627 0.0214795 0.0282564 0.000763726 0.00518632
0.0904362 0.818149 0.0538254 0.0141378 0.0128049 0.0106469
0.00136384 7.47494e-05 7.41304e-05 0.979537 0.0187533 0.000196587
0.0116238 0.979943 0.00475541 0.00242578 0.000790624 0.000461612
0.00149579 0.000905525 0.000855572 0.712244 0.233881 0.0506189
0.000774727 5.29846e-05 0.99881 8.16176e-05 8.27899e-05 0.000198054
0.000671014 2.71186e-05 0.000223431 0.00848119 5.15892e-06 0.990592
0.000804064 0.00056738 0.000865608 0.560402 0.425998 0.0113629
0.00357796 0.0015125 0.00441302 0.573677 0.275025 0.141795
0.000150587 0.000366382 0.998434 0.000505738 0.000355478 0.0001873
0.99772 0.000368321 0.000398471 0.00136418 2.9872e-05 0.000118796
0.000454291 0.00587549 0.991041 0.000561649 0.00181861 0.000248685
0.00334657 0.000769029 0.00268861 0.652925 0.291375 0.0488964
0.0113683 0.138005 0.815579 0.0257367 0.00751247 0.00179834
0.000214764 8.89301e-05 0.00011714 0.983859 0.00732894 0.00839104
0.000770615 0.000166196 0.000311657 0.795854 0.201896 0.0010009
0.000445521 0.992011 0.00634097 0.000284729 0.000559381 0.000358305
0.000896635 0.000375825 0.00030262 0.236043 0.759685 0.00269646
0.000872071 0.000475692 0.0007756 0.927931 0.0363283 0.0336172
0.000111378 4.14493e-05 0.999606 9.19702e-05 7.54069e-05 7.35908e-05
0.00592212 0.00659846 0.979839 0.00303213 0.00314128 0.00146735
0.00283859 0.00152168 0.00308368 0.677965 0.161697 0.152894
0.000198643 0.000148387 0.998933 0.000493993 0.000106207 0.000119334
0.00192864 0.00121207 0.00175925 0.723915 0.153566 0.117619
0.00239114 0.000404557 0.00192842 0.906238 0.0857917 0.00324653
0.963143 0.0191827 0.00796158 0.00603463 0.00314197 0.000535712
0.0036264 0.00201503 0.000850968 0.638409 0.346183 0.00891533
0.00251046 0.00982731 0.983703 0.00118894 0.00233074 0.000439307
0.00024939 0.000198626 0.000967634 0.0368554 0.0017333 0.959996
0.00202078 0.00163819 0.00466332 0.688065 0.157638 0.145975
0.000747825 0.000517525 0.00321927 0.551702 0.388607 0.0552063
0.0028342 0.00132728 0.00100646 0.545277 0.428516 0.0210395
0.988943 0.00265887 0.000591214 0.00751386 8.10567e-05 0.000211839
0.00278297 0.976003 0.017805 0.000799939 0.00101352 0.00159587
0.000564406 0.00194383 0.99508 0.000636936 0.00150129 0.000273056
0.00116637 0.000548141 0.000364065 0.93919 0.0521285 0.00660342
0.000114219 5.53926e-05 4.72363e-05 0.012587 0.987078 0.000117774
0.395079 0.0230367 0.55153 0.00913238 0.0201365 0.00108541
0.00709307 0.950575 0.0366871 0.00227937 0.00150813 0.00185746
0.974801 0.0142025 0.005791 0.00296667 0.00158602 0.000652641
0.000237702 0.000588611 0.00557059 0.00479088 0.00453138 0.984281
0.0206367 0.639665 0.316586 0.00232402 0.00497576 0.0158133
0.000118421 0.00015683 0.00185076 0.000753116 0.000212125 0.996909
0.00140001 0.000740591 0.000993113 0.908515 0.0244804 0.063871
0.000849212 0.000861347 0.00293594 0.181355 0.103531 0.710467
0.000434497 0.997824 0.00115176 0.000274347 0.000246374 6.87064e-05
0.000337647 0.000116302 0.000742783 0.179061 0.00358875 0.816153
0.00204802 0.000287596 0.0001615 0.982107 0.0147615 0.000634819
0.00195707 0.000277855 0.000305694 0.950672 0.0446205 0.00216688
0.0329525 0.95084 0.00678974 0.00808989 0.000600004 0.000727772
0.00114967 0.0023244 0.00199444 0.207679 0.765995 0.020857
0.964082 0.0119744 0.0181839 0.00318461 0.00119169 0.00138283
0.00163801 0.000833456 0.000976486 0.212009 0.779486 0.0050566
0.000844977 0.00133292 0.000605873 0.382064 0.598872 0.016281
0.00024562 4.89927e-05 0.999134 0.000158907 0.000330726 8.16108e-05
0.00048535 0.000631282 0.00313226 0.029043 0.0103951 0.956313
0.000382305 0.000234268 0.00043401 0.572438 0.41834 0.00817142
0.00620253 0.00318701 0.00656022 0.511003 0.0339166 0.439131
0.0010509 0.000388197 0.000328924 0.933107 0.0553927 0.00973226
0.00543873 0.255689 0.726139 0.00391472 0.00709166 0.00172723
0.767043 0.0714092 0.141007 0.00833783 0.0110935 0.00110975
0.0321943 0.700443 0.242293 0.00524415 0.00388717 0.0159385
0.44448 0.472522 0.0232189 0.0506282 0.00685095 0.00229986
0.965288 0.000347915 0.0302032 0.00262426 0.0010286 0.000508194
0.00135175 0.000509237 0.000636535 0.645494 0.345074 0.00693403
0.992044 0.000222987 0.00137533 0.0061507 0.000150427 5.62252e-05
0.00228846 0.0203774 0.968157 0.00171684 0.00570199 0.00175775
0.070503 0.010228 0.868202 0.0140549 0.0315584 0.00545354
0.988535 0.000387013 0.00589189 0.0033726 0.00178867 2.47021e-05
7.95761e-05 5.04364e-05 0.00030893 0.00573824 0.000244397 0.993578
0.000364469 2.39131e-05 2.2923e-05 0.987595 0.0119372 5.63619e-05
0.00513295 0.0613182 0.920711 0.00359042 0.00583525 0.00341257
0.000202458 0.000205249 0.000200789 0.0923455 0.905142 0.00190445
0.0428661 0.939831 0.00395438 0.00934052 0.00376206 0.000245442
0.983104 0.000404122 0.0140159 0.00155816 0.000841944 7.62136e-05
0.000118415 5.33352e-05 0.996289 0.00028477 3.52649e-05 0.00321961
0.0052294 0.976024 0.0131806 0.00204786 0.00184403 0.00167362
0.993348 0.000581875 0.00130035 0.00370317 0.000995945 7.08146e-05
0.000130752 0.000111891 0.00132554 0.604344 0.274537 0.11955
0.00366059 0.00090073 0.00264181 0.648437 0.235023 0.109337
0.00442793 0.000586977 0.000343919 0.963961 0.0280685 0.0026115
0.000218135 0.00231117 0.995379 0.00113003 0.000562213 0.00039961
0.00135588 0.00123584 0.0049677 0.101675 0.00875854 0.882007
0.000538518 0.000400379 0.00186975 0.0115475 0.00474971 0.980894
0.000307924 0.000166631 0.000100134 0.0816747 0.917539 0.000211184
0.935427 0.0425681 0.0124875 0.00540627 0.000981848 0.00312905
0.992267 0.000366746 0.00180651 0.00331353 0.00223193 1.4203e-05
0.0043486 0.000382125 0.000529277 0.960423 0.0330832 0.00123422
0.0157882 0.95181 0.0244005 0.00543419 0.00154083 0.00102592
2.10637e-05 3.52196e-05 0.000763502 0.0015641 0.000174087 0.997442
0.00363721 0.926248 0.0614712 0.00158201 0.00519459 0.001867
0.000685321 0.000269282 0.000182784 0.326526 0.671242 0.00109507
0.0127609 0.933338 0.0408773 0.00585965 0.00427783 0.00288623
0.00141347 0.99693 0.00100481 0.000410323 0.000153694 8.78147e-05
0.00406047 0.00158989 0.981629 0.0103465 0.00100262 0.00137143
0.0169766 0.945564 0.0317042 0.00285147 0.00171596 0.00118762
0.00115428 0.978271 0.0179709 0.000546253 0.00147641 0.000581126
0.0103071 0.00215374 0.00440141 0.706698 0.210133 0.0663062
0.00206444 0.000873008 0.00078552 0.439638 0.555622 0.00101677
0.000581856 0.000311044 0.000850037 0.74124 0.244641 0.0123762
0.0182646 0.0523072 0.863991 0.0525385 0.0109014 0.00199698
0.000556751 0.000180306 0.99843 0.000319139 0.000437892 7.62177e-05
0.779371 0.0184665 0.17097 0.00981326 0.0208001 0.000578594
5.59729e-05 2.63472e-05 0.99979 4.25195e-05 4.22454e-05 4.25013e-05
0.00186929 0.000767228 0.000913739 0.918365 0.0484941 0.0295904
0.000690922 0.000569821 0.000734567 0.298391 0.689613 0.0100014
0.00068513 3.51509e-05 0.998812 0.000208636 0.000116864 0.000142435
0.000620792 0.000260413 0.000210425 0.122635 0.875792 0.000481522
0.000274146 0.00018386 0.000188897 0.0436073 0.955159 0.000587364
0.000122201 0.987026 0.0118925 0.000143205 0.000431506 0.000384537
0.00086701 0.000542558 0.000721093 0.103247 0.891356 0.00326622
0.000368718 0.000288453 0.000332374 0.0439856 0.953477 0.0015483
4.32508e-05 0.997129 0.00247114 5.85812e-05 0.000200519 9.75077e-05
0.0257078 0.938612 0.0249736 0.00785413 0.00159965 0.00125293
0.000455367 8.30019e-05 0.000227547 0.944257 0.0519014 0.00307571
0.000892186 0.00717827 0.98723 0.00146664 0.00265469 0.000577864
0.00228293 0.000612847 0.000824462 0.929827 0.025084 0.0413684
0.0277383 0.0366765 0.89677 0.034268 0.00290547 0.00164205
0.0141239 0.893557 0.0629487 0.00493753 0.0193967 0.00503644
0.00234126 0.00106645 0.000834496 0.546032 0.439539 0.0101866
0.99165 0.000395796 0.00198116 0.0032492 0.0026323 9.18844e-05
0.000191819 0.000231998 0.000746232 0.00968953 0.00648314 0.982657
9.22489e-05 9.11365e-05 0.00115901 0.00141464 0.000320065 0.996923
0.0116935 0.881455 0.0738823 0.0230587 0.00159035 0.00832002
0.000292332 0.000419621 0.00111892 0.0927657 0.867429 0.0379743
0.00031164 0.000248937 0.000882088 0.0319222 0.00422126 0.962414
0.00274613 0.987547 0.00750239 0.000793053 0.000681254 0.000729757
0.000147334 0.000171251 0.000337094 0.0394884 0.956342 0.00351353
0.000494282 0.000291169 0.997632 0.000663576 0.000597238 0.00032185
0.00417413 0.000707576 0.00054704 0.854054 0.136721 0.00379578
0.00619569 0.0026618 0.00135667 0.712618 0.264623 0.0125456
8.69769e-05 2.83369e-06 0.999851 1.12708e-05 1.6035e-05 3.22847e-05
0.000279984 0.000143938 0.000122099 0.0406518 0.958174 0.000627776
0.00178611 0.00247589 0.00502031 0.45167 0.222488 0.316559
7.38146e-05 7.11086e-05 0.00163955 0.00183499 0.000616899 0.995764
0.972759 0.00549251 0.0118007 0.0048424 0.000240903 0.00486389
0.0394781 0.905752 0.0339251 0.00718452 0.00812893 0.00553155
0.0212591 0.117902 0.830633 0.0225378 0.00502319 0.00264449
0.000185801 0.998622 0.000866103 0.000148963 0.000136193 4.12359e-05
0.000561496 0.991309 0.00669312 0.000325175 0.000684007 0.000427514
0.00235474 0.207776 0.778175 0.00131153 0.00794593 0.00243669
0.00272079 5.08523e-05 0.996555 0.000254411 0.000248525 0.0001699
0.0017232 0.00027642 0.000261386 0.964056 0.0329276 0.000755042
0.00105895 0.000588042 0.000846151 0.738946 0.0215037 0.237057
0.00986652 0.271815 0.697232 0.00822553 0.00931497 0.00354599
2.13529e-05 4.46925e-05 0.000383303 0.00245591 0.000592371 0.996502
0.990831 0.000148134 0.00631125 0.00258118 8.04495e-05 4.83376e-05
0.00171315 0.000311662 0.00114522 0.40066 0.00420473 0.591966
0.00047534 0.000464718 0.000393527 0.295164 0.695752 0.00774999
5.59312e-06 1.32159e-05 0.000715173 0.000166845 3.12197e-05 0.999068
7.71262e-05 2.83123e-05 0.999757 3.48493e-05 5.21598e-05 5.0239e-05
0.00438105 0.000869013 0.000917314 0.895851 0.0869265 0.011055
0.0013857 0.000324594 0.000143177 0.971254 0.025932 0.000960651
0.107054 0.253822 0.569381 0.00573602 0.00584301 0.058163
0.000297789 2.49831e-05 3.66037e-05 0.984711 0.0148088 0.000120478
0.0521723 0.224135 0.683388 0.0153324 0.0234868 0.00148511
0.000196813 3.21227e-05 0.000156717 0.970362 0.0267569 0.00249573
0.934454 0.0149158 0.0310165 0.00366827 0.00102066 0.0149252
0.000541474 9.84247e-05 0.998776 0.000190677 0.000200776 0.000192645
0.0027077 0.991036 0.00314668 0.00118756 0.00176776 0.000154185
0.010692 0.976196 0.00916946 0.00154959 0.00179011 0.000602743
0.00147379 0.0416787 0.946564 0.00604318 0.00278843 0.00145229
5.72533e-05 0.000185904 0.999403 9.41363e-05 0.000164848 9.51981e-05
6.45171e-05 3.32591e-05 4.46775e-05 0.0158111 0.983905 0.000141916
0.000374362 9.56611e-05 0.000133054 0.661702 0.336525 0.00117075
0.00454433 0.00236553 0.00280308 0.720758 0.0522761 0.217253
0.000401155 0.000250402 0.000303709 0.279242 0.714623 0.00517986
2.56277e-05 0.999439 0.000388354 3.69401e-05 8.06428e-05 2.91443e-05
5.69678e-06 7.25896e-06 0.000192428 0.000226894 2.29949e-05 0.999545
0.00385301 0.00894518 0.0145301 0.314063 0.274025 0.384584
0.000324356 0.000465873 0.000856271 0.309764 0.653672 0.0349172
0.953683 0.0316688 0.00508512 0.00757634 0.00103716 0.000949757
0.0569393 0.761751 0.157626 0.0094465 0.00377493 0.0104624
0.99575 0.00150454 0.0010128 0.00129223 0.000163025 0.000277495
4.5523e-05 4.30949e-05 0.000119756 0.0140349 0.985022 0.00073462
0.000486685 0.00129726 0.00628324 0.138056 0.0826638 0.771213
0.000387521 0.974707 0.0228967 0.000362445 0.00079105 0.000855171
6.60766e-05 3.7112e-05 0.999728 5.35234e-05 6.17728e-05 5.34726e-05
0.00034637 0.998863 0.000540272 0.000117157 8.77173e-05 4.50828e-05
0.0102426 0.795447 0.179592 0.00294411 0.00833718 0.00343736
0.000499974 3.02041e-05 4.42399e-05 0.996057 0.00153715 0.00183135
0.00258235 0.00276633 0.00616754 0.11455 0.0689678 0.804966
0.00147381 0.000358187 0.000275398 0.963452 0.0198213 0.0146189
0.00211966 0.00109347 0.00149923 0.757874 0.232218 0.00519625
0.0016507 0.00104024 0.000566933 0.602548 0.38946 0.00473402
0.00550325 0.00155697 0.00261757 0.706761 0.217761 0.0658005
6.33859e-05 5.54835e-05 0.000327007 0.00807318 0.000748805 0.990732
0.990252 0.00307925 0.00183394 0.00372966 0.000917032 0.000187589
0.608883 0.265146 0.065921 0.03953 0.0193255 0.00119485
0.000579307 0.00039656 0.000709388 0.0501102 0.935815 0.0123893
0.000252655 2.24883e-05 1.95713e-05 0.996903 0.00156715 0.00123481
0.978088 0.00790626 0.00486942 0.00712511 0.00160673 0.000404846
0.000431522 0.000108132 0.000116736 0.982047 0.00860405 0.00869259
0.979523 0.000953636 0.00369577 0.00345499 0.0123397 3.27636e-05
0.000840301 0.00045922 0.00161052 0.705698 0.273435 0.0179575
0.000482536 0.000145332 0.00108214 0.0129319 0.00126352 0.984095
0.984926 0.00537805 0.00631731 0.00203436 0.000454542 0.000889535
0.00476709 0.334981 0.630717 0.0138038 0.0111316 0.00459929
0.000305367 0.000131407 0.000213794 0.640102 0.356601 0.00264641
0.000442954 0.000543654 0.000568479 0.041494 0.954871 0.00207961
0.0174093 0.934882 0.038394 0.00509562 0.00182846 0.00239021
0.000602252 0.000288633 0.000191853 0.96872 0.0236725 0.00652514
0.990999 0.00013568 0.00757113 0.000724715 0.000469732 9.98305e-05
0.00159306 0.000965999 0.000728859 0.304307 0.684921 0.00748418
0.0189224 0.941694 0.0292198 0.00500437 0.00121388 0.00394517
0.00684868 0.977445 0.0118053 0.00150054 0.0011258 0.00127473
0.000833955 0.000641328 0.00077174 0.357419 0.626449 0.0138849
0.0229827 0.255356 0.700856 0.00424259 0.00695652 0.0096062
0.00014197 8.51792e-05 0.0001152 0.175567 0.82292 0.00117058
0.956337 0.000795374 0.0370505 0.00321531 0.00144575 0.00115572
0.949952 0.0012644 0.00144877 0.0464887 0.000401777 0.00044453
0.996321 0.000976165 0.000710496 0.00147088 0.000511247 1.03455e-05
0.000795863 0.00531738 0.98818 0.00406857 0.000574512 0.00106332
0.00680693 0.000566887 0.000978601 0.95357 0.0358614 0.00221582
0.0019606 0.992004 0.00444351 0.000811609 0.000454744 0.000325486
0.977466 0.00647662 0.0120382 0.00215299 0.000711039 0.00115475
0.959073 0.0217583 0.00533489 0.0105052 0.00273947 0.00058972
0.0140135 0.964455 0.0135742 0.00248687 0.00347232 0.00199855
0.000783968 0.00018161 0.000258834 0.949267 0.043559 0.00594957
0.00959007 0.00466307 0.0138055 0.541157 0.287044 0.14374
0.000359553 0.998443 0.000788444 0.000186418 0.000160392 6.20959e-05
0.00340123 0.00105612 0.000787774 0.926867 0.0584516 0.00943651
0.000738919 0.000229881 0.000163658 0.966732 0.0258818 0.00625412
0.000751518 0.000611269 0.000466393 0.453546 0.525 0.0196248
0.00195851 0.000227985 0.993908 0.00204813 0.00138363 0.000474298
0.00228215 0.000724916 0.000407557 0.844751 0.14954 0.00229438
0.00252677 0.988866 0.00634328 0.00131031 0.000585268 0.000368177
0.944155 0.0262125 0.0204439 0.00535468 0.00186927 0.00196449
0.000183841 2.27446e-05 0.999538 4.57438e-05 0.000162978 4.62657e-05
0.0129553 0.00686946 0.00556474 0.549668 0.0782574 0.346685
0.000202137 0.000204153 0.000218838 0.673396 0.312909 0.0130704
0.000304454 0.000260673 0.000525657 0.021532 0.97541 0.00196728
0.000100313 0.00011806 0.000513437 0.00329925 0.00103481 0.994934
0.000450003 0.996059 0.0021268 0.000858839 0.000147177 0.000357849
0.000848686 0.00100092 0.00174008 0.0731783 0.890633 0.0325985
0.968371 0.000249157 0.0286688 0.0018688 0.00073496 0.000107718
0.00436172 0.00166514 0.00458056 0.470507 0.0949818 0.423904
0.000231031 6.69232e-05 4.73509e-05 0.978113 0.0200914 0.00145064
