0.998269 0.000547887 0.000460102 0.000594613 6.71423e-05 6.15234e-05
0.0010453 0.000790692 0.000295128 0.924865 0.0608114 0.0121925
0.0250712 0.0116111 0.951561 0.000763055 0.00047985 0.0105139
0.000126413 0.000223528 0.00144592 0.000946834 0.00118913 0.996068
0.00925764 0.0249565 0.955934 0.0051496 0.00250278 0.00219972
0.00301004 0.00233489 0.00115556 0.777655 0.0227817 0.193063
0.00258682 0.00509524 0.00604116 0.0855316 0.726313 0.174433
0.0448948 0.942186 0.00142802 0.0112408 7.86436e-05 0.000171562
0.0226586 0.567063 0.378659 0.00183417 0.0130073 0.0167773
0.000486244 0.000387953 0.000181713 0.0786466 0.919439 0.000858647
0.0233152 0.00787359 0.00767546 0.61393 0.121515 0.225691
0.000206497 0.000237399 0.000172806 0.00472089 0.993882 0.000780191
1.07067e-05 1.87205e-05 0.000229896 0.000117059 3.50082e-05 0.999589
0.0163458 0.00629479 0.00695286 0.75735 0.0836852 0.129371
0.584353 0.0902639 0.300669 0.00514637 0.00158456 0.0179824
9.27849e-05 0.999676 0.000167902 3.16185e-05 1.84193e-05 1.30879e-05
0.000164243 0.000413838 0.000849966 0.0126523 0.00129134 0.984628
0.032164 0.00869445 0.0063641 0.542168 0.0711042 0.339506
0.000662946 0.00314111 0.994274 0.000238528 0.000948517 0.000734564
0.000484977 5.9159e-05 2.20235e-05 0.998161 0.000135448 0.00113745
0.00352515 0.992647 0.002865 0.00055647 0.000206722 0.000199614
0.996444 0.00120966 0.0013011 0.000610205 6.89019e-05 0.000366227
0.000357783 0.000453709 0.00233875 0.0040288 0.00271118 0.99011
0.9617 0.030559 0.00174705 0.00551572 0.000131681 0.000346535
0.00081364 8.06453e-05 0.0109809 2.32002e-05 9.33656e-06 0.988092
0.000138643 0.000518598 0.000267443 0.0481211 0.94381 0.00714414
0.00199685 0.000379965 5.37761e-05 0.995561 0.00175825 0.000250556
0.00572773 0.00129756 0.000304649 0.518846 0.472381 0.00144259
0.00863591 0.0262565 0.95248 0.00153752 0.010793 0.000297187
0.993826 0.00278451 0.00197807 0.000878952 9.83499e-05 0.000434546
0.000235423 0.000966003 0.998184 0.000150093 0.000265429 0.000198955
0.000293277 0.993281 0.00574169 0.000284611 0.000229906 0.000169734
0.000159149 0.000359849 0.00102263 0.00872231 0.000957238 0.988779
6.79652e-05 0.999179 0.00059614 5.53019e-05 4.26842e-05 5.84926e-05
0.995999 0.000886842 0.00031705 0.001473 0.0013135 1.06662e-05
2.95184e-05 8.91097e-05 0.00145718 0.000312526 0.000194994 0.997917
0.000322246 0.000578848 0.00197937 0.00495631 0.00406881 0.988094
0.997282 0.000830796 0.000226182 0.00115628 3.96238e-06 0.000500532
0.000263347 0.997654 0.00124209 0.000287733 6.37346e-05 0.000489246
0.0435376 0.00615813 0.00286382 0.85942 0.0682357 0.0197846
0.00115408 0.00515295 0.991544 0.000756803 0.00077622 0.000615438
3.84548e-05 3.12209e-05 0.000238571 0.000207324 2.60714e-05 0.999458
0.000291898 0.000331717 0.00210143 0.00211399 0.00258063 0.99258
0.00101212 0.000913409 0.000480085 0.168274 0.826122 0.00319819
0.999168 0.000225571 0.000216605 0.000341256 1.36308e-05 3.50745e-05
0.0012621 0.00161278 0.00591489 0.0075527 0.0125131 0.971144
3.33685e-05 2.58056e-05 3.4388e-05 0.00110291 0.998746 5.79555e-05
0.00760043 0.215487 0.752511 0.00870286 0.0016078 0.0140902
0.00986558 0.987988 0.00105398 0.000507492 0.000524644 6.00739e-05
0.00240791 0.00655382 0.00208526 0.504388 0.0307665 0.453799
0.0182212 0.00334415 0.000858799 0.771266 0.202077 0.00423359
0.00212559 0.0428722 0.947624 0.000995238 0.00125694 0.00512606
0.993674 0.00439668 0.000660628 0.00107292 0.000101805 9.35911e-05
0.992391 0.00302142 0.00104898 0.00308106 4.88975e-05 0.000408879
0.00605783 0.991566 0.000731398 0.00145705 0.000154027 3.32801e-05
0.000161785 0.99904 0.000451324 0.000216943 7.11995e-05 5.818e-05
0.996494 0.000667615 0.000825057 0.00136384 1.40243e-05 0.000635133
0.999521 8.21729e-05 3.86875e-05 0.000348646 7.21748e-06 2.2116e-06
0.0517496 0.00384367 0.935178 0.00514222 0.00394254 0.000144531
0.999411 9.65682e-05 0.000221244 0.00021936 1.44263e-05 3.7382e-05
0.00467186 0.00364482 0.0046029 0.219838 0.368124 0.399118
0.0832519 0.832975 0.0483334 0.00611231 0.0268367 0.00249096
0.00179933 0.000453176 0.99591 0.00026891 0.000118061 0.00145107
0.704238 0.0171667 0.144635 0.000738638 0.000577506 0.132645
0.00839915 0.00595359 0.00684366 0.261767 0.482533 0.234504
0.0145576 0.717109 0.252596 0.00837784 0.0049572 0.00240233
0.0013441 0.00179472 0.00557415 0.0537075 0.126509 0.811071
0.999155 0.000244141 0.000145024 0.000409893 2.87827e-05 1.73546e-05
0.000178197 0.000461691 0.00302342 0.00519842 0.00704824 0.98409
0.00409117 0.69451 0.294039 0.00209098 0.00425304 0.00101594
0.67288 0.128163 0.0680144 0.00711369 0.121914 0.00191502
0.00269811 0.992304 0.00319427 0.00130403 0.000115778 0.000383596
0.00100258 0.994607 0.00349063 0.000271654 0.000180163 0.000448357
0.00488722 0.00155403 0.000586445 0.867275 0.124781 0.00091623
0.00034413 0.000537964 0.000137624 0.0280114 0.970837 0.000131871
0.000327046 0.000507961 0.000947346 0.0743568 0.915885 0.00797575
0.0014383 0.994605 0.00293039 0.000619613 0.000186947 0.000219885
2.94892e-05 3.8077e-05 0.000342862 0.000214132 9.42938e-05 0.999281
0.994013 0.000334693 0.000218777 0.00130245 0.00412823 3.0923e-06
0.00010171 0.000365307 0.0021807 0.00100713 0.000369661 0.995976
7.36691e-05 6.87527e-05 0.000446505 0.000995968 0.000258259 0.998157
0.00920853 0.0243666 0.0151773 0.213623 0.356746 0.380879
0.00435316 0.00959433 0.00799939 0.224001 0.469193 0.28486
0.240448 0.730637 0.00568998 0.0183783 0.00465634 0.00019099
0.00214937 0.0040339 0.0070717 0.0530665 0.164031 0.769648
0.0251979 0.847714 0.111235 0.00320933 0.00163764 0.0110059
0.000327997 0.997837 0.00143775 0.000206226 7.8311e-05 0.000113074
0.00292208 0.996169 0.00043724 0.000376948 5.2073e-05 4.31395e-05
0.0030991 0.00447966 0.00409213 0.153018 0.628076 0.207235
0.000503076 0.998641 0.000561461 0.000166608 7.68276e-05 5.13232e-05
9.61691e-05 9.8472e-05 0.00256333 7.48257e-05 2.96002e-05 0.997138
0.000543618 0.000556999 0.00064855 0.338984 0.00212258 0.657144
0.000389298 0.98453 0.0127779 0.000237688 0.000286591 0.00177843
0.000996473 0.000510237 0.000184109 0.0341194 0.963383 0.000807293
0.237509 0.695327 0.0351768 0.0284 0.000922131 0.00266527
0.00285716 0.000962667 0.000349554 0.943098 0.0454607 0.00727161
0.00787898 0.00400107 0.00147726 0.36225 0.618708 0.00568441
0.000819231 0.0016693 0.0029753 0.0182678 0.00731671 0.968952
0.996835 0.00102751 0.000306263 0.00173555 4.59595e-05 4.96319e-05
0.000528795 0.00153874 0.00181425 0.0286524 0.0744579 0.893008
0.0082268 0.00565229 0.00152437 0.739977 0.226343 0.0182759
0.000647169 0.00128292 0.00224523 0.00765849 0.00157122 0.986595
0.00114557 0.00173631 0.00205003 0.19194 0.411678 0.39145
0.0059433 0.00253491 0.00181655 0.644953 0.29153 0.0532228
0.0111125 0.00640941 0.00113323 0.946562 0.00674846 0.0280344
3.93754e-05 1.5239e-05 0.999816 5.40772e-05 3.5041e-05 4.04319e-05
0.00462871 0.00230418 0.000266774 0.979358 0.0100949 0.00334783
0.0554355 0.00880244 0.00193479 0.909411 0.00449937 0.0199173
1.62204e-05 0.99967 0.000264991 1.42783e-05 1.73367e-05 1.72611e-05
0.000848165 0.995343 0.0030117 0.000285556 0.000306739 0.000204764
0.000216362 0.0026239 0.996086 0.000339641 0.00052248 0.000211245
0.00373157 0.882313 0.105831 0.00104565 0.000913028 0.00616577
0.00013485 0.99897 0.000746548 5.48627e-05 5.36232e-05 4.00553e-05
2.79274e-05 1.12154e-05 1.10963e-05 0.000469746 0.999465 1.50912e-05
0.0339743 0.0216291 0.0282312 0.267315 0.157419 0.491431
0.00543063 0.00189866 0.000755249 0.923559 0.0125138 0.0558425
0.996529 0.00200555 0.000765262 0.000498423 3.69381e-05 0.000164584
0.235265 0.5721 0.154681 0.032125 0.00153047 0.00429877
0.0011556 0.994904 0.00328857 0.000216651 0.000211567 0.000223244
0.995422 0.000111861 0.00287577 0.000636738 7.48246e-06 0.000945603
0.00472202 0.00455808 0.0034748 0.69787 0.161699 0.127676
0.000576504 0.000993429 0.00130565 0.0353547 0.953653 0.00811644
9.30372e-05 0.999351 0.000426527 5.98479e-05 4.8958e-05 2.03502e-05
0.000283543 0.00105372 0.000488202 0.0128457 0.982685 0.00264361
0.000241117 0.000373566 0.998466 0.00019246 0.000143571 0.000582997
0.000301134 0.000357507 0.000759482 0.0102818 0.00248698 0.985813
0.996763 0.00178595 0.000218 0.00116264 5.12701e-05 1.91769e-05
0.00361226 0.00333052 0.00626316 0.0286182 0.0169919 0.941184
5.12122e-05 0.000139813 0.00325007 0.000290099 0.000342815 0.995926
0.0212586 0.954902 0.00972111 0.0060895 0.000152063 0.00787687
0.000991539 0.996176 0.00102921 0.000447492 0.00133321 2.29156e-05
0.885808 0.000679037 0.111249 0.000660959 0.00146306 0.000140032
0.0233876 0.952049 0.016965 0.00592277 0.000486557 0.00118947
3.74629e-05 7.46318e-05 0.000588378 0.000518494 0.000398445 0.998383
0.00157643 0.00343681 0.00651405 0.0444794 0.724996 0.218998
0.000145329 9.26668e-05 0.00120475 0.000260087 0.0002485 0.998049
0.00244679 0.00248356 0.0015745 0.865041 0.0395974 0.0888563
2.80295e-05 0.000201263 0.000779213 0.000951582 0.000272465 0.997767
0.0178851 0.00697554 0.0157463 0.503509 0.230939 0.224946
0.00564686 0.00810461 0.00289166 0.700941 0.240119 0.0422973
0.00472308 0.993302 0.000827701 0.0009349 0.000169047 4.3708e-05
0.010045 0.0078216 0.00422311 0.634603 0.101212 0.242095
0.0114718 0.00323994 0.00157207 0.637175 0.302302 0.044239
0.00187192 0.159506 0.831435 0.00207691 0.00434144 0.000768844
0.00259425 0.000367743 0.000114765 0.983575 0.00104103 0.0123077
0.000654918 0.000278917 0.998413 0.000137524 0.000181465 0.000333835
0.00071504 0.957439 0.037145 0.00032631 0.000682167 0.0036923
0.001015 0.996237 0.000870905 0.00130973 2.52843e-05 0.000542404
0.997859 0.00103699 0.000267913 0.00074914 4.11237e-05 4.538e-05
0.000406538 0.0016201 0.00267892 0.0176927 0.00929212 0.96831
0.00350473 0.491132 0.493553 0.00138017 0.0014123 0.00901775
0.00248259 0.003371 0.992252 0.000539898 0.00060152 0.000753253
8.86385e-05 0.00022986 0.000948621 0.00220731 0.00321501 0.993311
0.0041021 0.00286953 0.00776086 0.086991 0.0253075 0.872969
0.000141974 0.00234582 0.996745 0.000158592 0.00032423 0.000284773
0.00182002 0.000757605 0.000248804 0.965478 0.0244841 0.00721136
0.00349412 0.00623039 0.0039379 0.10747 0.736179 0.142689
0.000335126 0.000465143 0.00193255 0.00665196 0.00525357 0.985362
0.000174156 0.998129 0.00133643 0.000123604 9.54491e-05 0.000141749
2.65042e-05 4.59193e-05 0.000794478 0.000195483 5.19248e-05 0.998886
0.0141377 0.904157 0.0716568 0.00167512 0.00778934 0.000584394
0.993578 0.00311326 0.000211912 0.00303805 1.31728e-05 4.58045e-05
0.0397711 0.00749221 0.00586001 0.468086 0.0127652 0.466026
5.35054e-05 0.000228862 0.0052332 0.000932998 0.00338659 0.990165
0.0433823 0.856365 0.0887141 0.0077668 0.00126683 0.00250475
0.132737 0.806317 0.0392396 0.0182505 0.00104267 0.00241316
3.0759e-05 6.96847e-05 0.00097383 0.000151655 7.35313e-05 0.9987
0.0469773 0.341508 0.56682 0.0292614 0.00936818 0.00606525
0.999757 3.18401e-05 0.000116362 6.64904e-05 1.96546e-06 2.66555e-05
0.00917418 0.00119928 0.000455141 0.920372 0.067735 0.00106467
0.00113033 0.995317 0.00276152 0.000290223 0.000307584 0.000192992
0.0214042 0.960257 0.0108564 0.00624222 0.000682628 0.000557264
4.1627e-05 0.000224287 0.00258676 0.000592415 0.000711298 0.995844
2.27335e-06 3.79413e-06 5.86658e-06 5.54062e-05 0.999919 1.37792e-05
0.997186 0.000173114 0.00033933 0.00197557 1.09524e-05 0.000314558
1.64384e-05 0.000112215 0.0023693 0.000152151 2.53879e-05 0.997324
0.0219037 0.971012 0.00466908 0.000656591 0.00153694 0.000221985
0.0013353 0.00166617 0.000743348 0.278534 0.698533 0.0191879
0.00651298 0.00695647 0.00814741 0.361558 0.253415 0.363411
0.000461948 0.00077127 0.00363471 0.00215107 0.00178977 0.991191
0.00851621 0.00737173 0.00577883 0.330819 0.417662 0.229853
0.00113132 0.00118975 0.00158523 0.265621 0.69277 0.0377024
1.27815e-05 1.75511e-05 2.58417e-05 0.000323516 0.999586 3.4453e-05
0.000295031 0.00103901 0.00687417 0.00453267 0.00638371 0.980875
0.000233721 0.999161 0.000425863 9.70241e-05 4.68456e-05 3.58016e-05
0.996521 0.000174892 0.00270876 0.000270727 8.80159e-05 0.000237168
0.0116328 0.00450868 0.00328726 0.801317 0.0415061 0.137748
0.00429721 0.870983 0.118771 0.00266941 0.00195244 0.00132716
0.998616 0.000279801 0.000724212 0.000283195 5.94406e-05 3.70949e-05
0.00347728 0.00250292 0.990969 0.000716574 0.000484958 0.0018488
0.0015943 0.00431847 0.991559 0.000306445 0.000504062 0.00171786
0.00771817 0.00599857 0.00447577 0.683534 0.0744582 0.223816
1.81141e-05 1.21745e-05 7.71905e-06 0.000680091 0.999235 4.74022e-05
0.996681 0.00152595 0.000706521 0.000725663 0.000308288 5.23706e-05
0.0252934 0.00166766 0.190855 7.89022e-05 5.32969e-05 0.782052
0.000849261 0.000366412 0.000246867 0.960504 0.006383 0.0316503
1.80114e-05 3.10885e-05 9.34903e-05 0.00689785 4.93362e-05 0.99291
0.00769524 0.00357713 0.00729557 0.0771676 0.00548269 0.898782
0.000899304 0.00258137 0.00590325 0.0210279 0.110295 0.859293
0.00664275 0.00624866 0.0116601 0.112119 0.0906928 0.772637
0.000544867 0.997252 0.00168933 0.00029774 9.65818e-05 0.000119236
8.83484e-05 0.000591185 0.00195725 0.00459778 0.944392 0.0483732
0.0272065 0.0835536 0.879565 0.00273564 0.00413387 0.00280546
0.0579968 0.00109119 0.930082 0.00178588 0.00900793 3.66848e-05
0.00172633 0.00248903 0.00130711 0.482434 0.494942 0.0171016
7.71017e-05 0.000378855 0.00568513 0.000978217 0.00113397 0.991747
0.0114552 0.979876 0.00383646 0.00428339 0.00035136 0.000197334
0.000101866 3.06804e-05 2.22304e-05 0.00108288 0.998749 1.28337e-05
0.0011376 0.00320184 0.929168 0.0169205 0.000373584 0.049198
0.0102457 0.974997 0.0111895 0.00260316 0.000420614 0.000544216
0.000290726 0.998165 0.00106595 0.000133179 0.000259879 8.57169e-05
0.000788597 0.995657 0.00253291 0.00032499 0.000464353 0.00023183
0.000805619 0.00013616 4.61922e-05 0.994765 0.00300248 0.00124415
0.00116875 0.00139328 0.00182804 0.0445351 0.915227 0.0358482
0.000891196 0.000268941 8.82777e-05 0.983581 0.0039782 0.0111928
0.000132216 0.999295 0.000433725 7.96189e-05 4.02923e-05 1.91477e-05
0.999666 8.67554e-05 5.99883e-05 0.000169461 1.2584e-05 4.85209e-06
0.0434465 0.934525 0.00786727 0.0129727 0.00054235 0.000646709
0.0057051 0.275442 0.447844 0.000923174 0.000672129 0.269413
0.00014539 0.000490454 0.00165249 0.00337974 0.00101616 0.993316
0.976937 0.0188727 0.00133933 0.00255738 0.000164891 0.00012886
0.000105082 0.000223548 0.000133283 0.00182453 0.997101 0.000612551
0.000409853 0.000635474 0.00173144 0.0127688 0.0181466 0.966308
9.51547e-05 0.00019887 0.000168249 0.00262011 0.995826 0.00109219
0.00280447 0.00203741 0.977315 0.00021778 0.00012478 0.0175005
0.00399416 0.00126108 0.000377133 0.954846 0.0133262 0.026195
0.998019 7.94317e-05 0.000230568 0.000195951 1.47352e-06 0.00147391
0.0611405 0.925396 0.0012693 0.0119257 0.000204475 6.36036e-05
0.000388447 0.000116562 6.62531e-05 0.00247609 0.996892 6.09134e-05
0.00412053 0.0027562 0.977422 0.000358031 0.000200432 0.0151424
6.13534e-05 0.998826 0.000713956 0.000138565 3.07696e-05 0.000229354
0.000250443 0.000480065 0.000156373 0.0221418 0.976561 0.000409883
0.99978 2.31394e-05 7.03596e-05 0.000103805 2.16821e-06 2.04025e-05
0.011763 0.000100276 0.980336 4.05813e-05 3.67717e-05 0.00772299
0.998169 0.000541708 0.000788008 0.000371899 8.84262e-05 4.13994e-05
4.22456e-05 0.000154556 0.000299179 0.00277622 0.993708 0.00301967
0.000107359 0.000323805 0.00143985 0.00630174 0.0017635 0.990064
0.0102413 0.000457791 0.000140088 0.962823 0.0260553 0.000282245
0.998903 0.00030951 0.000149347 0.000599516 2.02342e-05 1.851e-05
4.73083e-05 0.000116391 0.000453955 0.0126967 0.000548244 0.986137
0.969193 0.0257658 0.00230972 0.00216626 0.000163268 0.000402362
0.0047129 0.01194 0.860813 0.0244127 0.000460201 0.0976615
0.00390554 0.00025501 0.994764 0.000505777 0.000379665 0.000190326
0.999819 1.32551e-05 5.39048e-05 9.74828e-05 1.63674e-06 1.50873e-05
0.00143522 0.995816 0.00201062 0.000400029 0.000122768 0.000215856
0.00705124 0.00483681 0.00135845 0.804866 0.144972 0.0369161
0.00877146 0.00224307 0.000765677 0.94095 0.0355882 0.0116812
0.000707598 0.00168204 0.00158363 0.00887412 0.978655 0.00849745
0.000277623 0.998843 0.000461201 0.000303281 5.33565e-05 6.13407e-05
0.00140651 0.995224 0.00214562 0.000441956 0.000524495 0.000257054
0.000815557 0.00147969 0.00205139 0.283755 0.341275 0.370623
0.000428157 0.00192682 0.00185929 0.0169476 0.95222 0.0266182
0.000962443 0.00149082 0.00152674 0.0326116 0.961969 0.00143992
0.0065993 0.00554113 0.00870157 0.301223 0.212214 0.465722
0.169553 0.465473 0.341907 0.00731968 0.00301116 0.012736
3.01513e-05 0.000153751 0.00172282 0.000684098 0.000557562 0.996852
0.0083229 0.00469161 0.00217225 0.276922 0.694017 0.0138742
2.33637e-05 5.59872e-05 0.00121971 0.00018138 0.000122055 0.998398
0.0208991 0.970919 0.00555152 0.000623996 0.00180898 0.000197275
0.000718054 0.00066652 0.997505 0.000197582 0.000598667 0.000314179
2.60583e-05 0.992283 0.00694692 4.22951e-05 0.000194437 0.000506917
0.982152 0.00846723 0.00547614 0.00149311 0.000175259 0.00223595
0.00277296 0.992171 0.00381477 0.000645593 0.000219121 0.00037621
0.00715242 0.988151 0.00137539 0.00135367 0.0019116 5.57842e-05
6.13266e-05 0.000692026 0.00152298 0.00264439 0.000922358 0.994157
0.00112706 0.00170116 0.00401531 0.0689079 0.023968 0.900281
0.998385 0.000186134 0.00052138 0.000406738 8.35203e-06 0.000492371
4.92148e-05 0.000299961 0.00376636 0.00304434 0.00648123 0.986359
0.000411683 0.998796 0.000495632 0.000192077 7.75093e-05 2.72237e-05
7.6168e-06 6.5143e-05 0.00051322 0.000228565 4.29648e-05 0.999143
0.0018472 0.548205 0.394283 0.000546622 0.000850361 0.0542684
0.999221 0.000215806 0.000351254 0.000106905 7.28459e-05 3.22717e-05
0.999202 0.000214709 0.000252833 0.000159148 0.000159208 1.22788e-05
0.00390911 0.00213038 0.0011649 0.873274 0.00837488 0.111147
0.0059862 0.990462 0.00185726 0.000413093 0.0011809 0.000101045
0.00173262 0.993135 0.00342891 0.000152987 0.00143854 0.000112108
2.50015e-05 6.64388e-05 0.000453969 0.000537289 6.39838e-05 0.998853
0.00686221 0.000467536 9.46183e-05 0.96491 0.0274795 0.000185883
0.956189 0.0375878 0.00314426 0.00239551 0.000287974 0.000395521
0.00231833 0.995605 0.00153754 0.000196037 0.000244772 9.82714e-05
0.00415561 0.00432918 0.00410778 0.247853 0.665921 0.0736328
0.00633461 0.00798082 0.00236762 0.801606 0.0497085 0.132003
0.99895 0.000459524 8.75813e-05 0.000477471 1.55563e-05 9.98332e-06
0.0031841 0.0019399 0.00108387 0.682414 0.00902692 0.302351
0.00174456 0.00174843 0.00610857 0.0381727 0.0233164 0.928909
0.000249061 0.000304418 0.000256229 0.0191702 0.978202 0.00181773
0.99876 1.70051e-05 0.00101681 8.34903e-05 4.03467e-06 0.00011907
0.000339294 0.000306526 0.00114662 0.00540636 0.00181401 0.990987
0.000609719 0.000829545 0.0010418 0.0557594 0.872468 0.0692911
0.000376648 0.000999577 0.000484362 0.044058 0.949473 0.00460821
0.013045 0.982606 0.000641786 0.00359157 5.49453e-05 6.05778e-05
0.0425429 0.00295869 0.000538331 0.930172 0.0224437 0.00134389
1.42135e-05 4.90797e-05 0.000599376 0.000267556 6.658e-05 0.999003
0.00242439 0.00264995 0.00133172 0.186323 0.782212 0.0250586
1.7904e-05 0.999648 0.000254687 2.51837e-05 1.81967e-05 3.61904e-05
0.0442204 0.0051808 0.00108614 0.935221 0.0125445 0.00174672
0.00385009 0.913177 0.0743346 0.00135376 0.000903457 0.00638111
0.0897652 0.862585 0.0327174 0.00823718 0.00075314 0.0059425
0.998469 0.000734403 0.000213604 0.000512737 4.80587e-05 2.20409e-05
0.000584559 0.00119446 0.00165912 0.0574668 0.923036 0.0160592
0.795848 0.000956049 0.0629235 0.000275773 7.87386e-05 0.139918
0.99946 7.3566e-05 7.74724e-05 0.000341 4.15791e-05 6.86206e-06
0.00731339 0.00588511 0.0039983 0.378548 0.0750992 0.529156
0.000204151 0.000363066 0.000270496 0.0140591 0.980467 0.00463618
0.998973 0.000150376 0.000282721 0.000253471 0.000336983 3.73301e-06
0.710225 0.00226298 0.0295004 0.00146349 6.82066e-05 0.25648
0.00317074 0.00117239 0.00126801 0.676123 0.278506 0.0397599
0.026677 0.00304856 0.00161485 0.892821 0.0208684 0.0549699
0.000775095 0.000813965 0.00306006 0.00665929 0.00646455 0.982227
0.00109042 0.994551 0.00329662 0.000564058 9.56905e-05 0.000402011
0.000718775 0.00158037 0.00223614 0.0296593 0.0227339 0.943072
0.953814 0.0157567 0.0124513 0.00193936 0.0159079 0.000131362
7.64566e-05 3.91619e-05 5.50332e-05 0.00153937 0.998225 6.49914e-05
0.000486954 0.998706 0.000299101 0.000435643 4.44214e-05 2.81365e-05
0.0005174 0.000788746 0.00187061 0.0079572 0.00151135 0.987355
0.0324853 0.000392541 0.958008 0.000116204 9.37454e-05 0.00890433
0.0142901 0.980494 0.000889419 0.0041593 6.31031e-05 0.000103828
0.987079 0.000871826 0.000657294 0.00169996 0.00968279 9.26097e-06
1.51732e-05 7.56104e-05 0.000771052 0.000456888 0.000397806 0.998284
0.997475 0.00155114 0.000355614 0.000426961 0.000180912 1.02154e-05
0.00782778 0.00799171 0.00841313 0.288008 0.0262342 0.661526
0.00445963 0.00446778 0.0019649 0.893827 0.0499842 0.0452964
0.00571788 0.983147 0.00786168 0.00228589 0.000281536 0.000705803
0.991038 0.00266537 0.00308901 0.000572048 6.04045e-05 0.00257486
0.998849 0.000574216 0.00025723 0.000224269 6.78107e-05 2.77845e-05
0.00979235 0.12762 0.85075 0.00253611 0.00841058 0.000891358
0.00116219 0.94357 0.051376 0.000459876 0.000848476 0.00258374
0.0279229 0.919076 0.0128848 0.0201836 0.000142417 0.0197903
0.999355 0.000101085 0.000129473 0.00020329 0.000209046 2.04854e-06
0.00836274 0.0053722 0.00071813 0.924631 0.0244562 0.0364593
1.07589e-05 3.7455e-05 3.51462e-05 0.000197339 0.999647 7.27133e-05
6.37161e-05 0.000325372 0.00406567 0.00403087 0.0229053 0.968609
0.00609879 0.00324273 0.00125946 0.796871 0.180655 0.0118725
0.00292969 0.00175839 0.000754209 0.390295 0.601252 0.00301093
4.19989e-05 2.60687e-05 6.52587e-05 0.00274804 8.88111e-07 0.997118
0.00709393 0.0058611 0.00551553 0.110696 0.746141 0.124692
0.000201215 0.99828 0.00127825 7.60871e-05 7.47865e-05 9.02376e-05
0.00380538 0.995051 0.000584762 0.000437137 6.74493e-05 5.4307e-05
1.72341e-05 8.53966e-05 0.000772327 0.000332767 6.94005e-05 0.998723
0.999685 3.71798e-05 1.86417e-05 0.000252408 5.71987e-06 8.21157e-07
0.00458033 0.00497482 0.00249048 0.673743 0.142761 0.17145
0.0385966 0.955938 0.00284106 0.00210182 0.000245597 0.000277233
0.014193 0.973256 0.000726421 0.0115775 3.08999e-05 0.000215834
0.000132811 0.996831 0.0026481 0.000146887 0.000137724 0.000103822
0.00453924 0.00164854 0.000539858 0.968451 0.00766386 0.017157
3.19694e-05 1.53756e-05 0.000192772 9.82599e-05 1.205e-05 0.99965
0.00010903 0.000188478 0.999295 0.000146295 9.6136e-05 0.000164578
1.33815e-05 6.72442e-05 0.00231417 0.000241231 0.00047769 0.996886
0.0158663 0.00485009 0.0081149 0.376772 0.0325554 0.561841
0.000221233 0.000112829 4.26032e-05 0.00980839 0.98975 6.46996e-05
0.00281881 0.208531 0.781407 0.00189429 0.00459692 0.000752181
3.58912e-05 9.84335e-05 0.00314852 0.00021794 7.24531e-05 0.996427
0.00760745 0.760335 0.215496 0.00234528 0.00135502 0.0128614
0.00157609 0.00191889 0.00397984 0.0444845 0.0671422 0.880898
0.0585695 0.00218479 0.0006317 0.932279 0.00500136 0.00133395
5.14274e-05 0.000212611 0.00157846 0.000656524 0.000323149 0.997178
0.00101154 0.00277692 0.983668 0.00131755 0.000294993 0.0109307
0.774975 0.0191821 0.00992194 0.00799959 5.36526e-05 0.187867
0.00294335 0.994713 0.000942709 0.00121672 0.000121889 6.25457e-05
3.33825e-05 0.999158 0.000671631 3.05342e-05 5.5611e-05 5.12684e-05
3.48386e-05 6.0004e-05 0.000645061 0.000249634 0.000177498 0.998833
0.0296606 0.0969082 0.788473 0.00386375 0.000851982 0.0802421
0.00192016 0.976008 0.011106 0.00625286 0.000734981 0.00397804
0.0237933 0.00529298 0.00271375 0.209755 0.748251 0.0101934
0.989186 0.00504583 0.00305895 0.00121648 0.00012157 0.00137132
0.000442518 0.827289 0.168496 0.000517406 0.00130955 0.00194569
0.00141408 0.00298392 0.985835 0.00170705 0.000223307 0.00783695
0.00149324 0.00134223 0.00280823 0.127517 0.774646 0.0921933
0.999346 7.38508e-05 7.58473e-05 0.00048978 2.90236e-06 1.13602e-05
0.94529 0.00763835 0.0424026 0.00196647 0.0016615 0.00104133
7.08778e-05 0.000169467 0.00051558 0.00504392 0.000458442 0.993742
0.00117408 1.96566e-05 0.000435444 6.43324e-05 4.39154e-07 0.998306
0.00076551 0.00106796 0.000315715 0.207713 0.784045 0.00609262
0.0589141 0.00268125 0.00109886 0.819912 0.110549 0.00684515
8.14739e-05 0.000320937 0.00269748 0.000633309 0.000352877 0.995914
0.995864 0.00092627 0.0025395 0.000363275 0.000212547 9.45271e-05
0.999094 0.000325422 0.000227704 0.000292965 3.82089e-05 2.1262e-05
0.996228 0.00142761 0.000873803 0.0012181 0.000146283 0.000106537
0.000145018 0.95053 0.0465645 0.000152366 0.00142081 0.00118696
0.999622 9.55125e-05 6.92819e-05 0.000191225 1.70735e-05 5.06668e-06
0.00150166 0.997548 0.0004905 0.000311883 0.000107514 3.99774e-05
0.00162232 0.00464537 0.00792883 0.0245066 0.0337059 0.927591
0.985474 0.00339675 0.00241594 0.0075196 0.000262032 0.000931372
0.00136427 0.000947004 0.000391873 0.034113 0.960954 0.00222981
0.00449761 0.730178 0.241305 0.00170873 0.021481 0.000829795
0.00487574 0.00611882 0.00257491 0.186446 0.753241 0.0467431
0.0630461 0.886607 0.00600854 0.0388635 9.12026e-05 0.0053839
0.00398274 0.989599 0.00445769 0.000786153 0.000724369 0.00044982
0.0158521 0.0010262 0.000257314 0.953125 0.0289449 0.00079394
0.00208075 0.995788 0.00134871 0.000531479 9.80967e-05 0.000153227
0.000569273 0.00181716 0.00338297 0.0545458 0.0492986 0.890386
0.00902594 0.000780151 0.68671 4.91545e-05 5.88704e-05 0.303375
6.76232e-05 1.93948e-05 8.72005e-05 0.000318814 3.955e-07 0.999507
0.00181884 0.00246473 0.00396252 0.128172 0.608129 0.255453
0.00491246 0.00380288 0.00967001 0.0620935 0.0343296 0.885192
0.00072665 0.00446682 0.991641 0.00142597 0.000864011 0.000875714
0.999284 7.81664e-05 6.86796e-05 0.000434115 1.13061e-06 0.000134102
0.00018714 0.0024049 0.996472 0.00021409 0.00045563 0.000265856
0.00366315 0.00304295 0.00525512 0.246304 0.246542 0.495192
0.00145256 0.931458 0.0558066 0.00416954 0.00153072 0.00558233
0.00124368 0.00159822 0.000775487 0.87064 0.00525159 0.120491
0.00225382 0.00154882 0.00114268 0.157064 0.814931 0.0230591
8.38466e-05 0.993045 0.00641252 6.40485e-05 0.000164511 0.000229717
0.000625847 0.000333661 0.000217572 0.0461554 0.951241 0.00142672
0.00471162 0.00459477 0.00470995 0.54748 0.0563786 0.382125
0.0011711 0.000496973 0.990743 0.000128268 0.00010036 0.00736041
0.0343144 0.137412 0.814187 0.00444308 0.00783816 0.00180577
0.00368563 0.00302723 0.00441689 0.0725388 0.0107313 0.9056
0.00200299 0.00657626 0.98582 0.00113528 0.000693872 0.00377172
0.00627647 0.00416096 0.00571599 0.264612 0.0662866 0.652948
0.0168639 0.00792445 0.0147102 0.253476 0.189765 0.517261
0.973332 0.0204266 0.00299313 0.00192086 0.00121184 0.000115414
0.0163912 0.00868972 0.00212388 0.851429 0.0949042 0.0264625
0.0171801 0.0276978 0.942214 0.00209813 0.000831099 0.00997896
0.000475436 0.000299268 0.000955605 0.00684543 0.00069039 0.990734
0.000287939 0.000466519 0.00276906 0.00492604 0.00545934 0.986091
0.00115892 0.00178347 0.00539534 0.079398 0.318754 0.59351
0.0120391 0.00787827 0.004025 0.389989 0.453338 0.132731
0.97397 0.00565127 0.00316523 0.00448872 2.67317e-05 0.0126986
0.00859413 0.965347 0.0193466 0.00139115 0.000452815 0.00486844
0.000272472 0.00206274 0.996464 0.000382176 0.000541981 0.000276949
0.00141891 0.00296342 0.00233726 0.100531 0.0107646 0.881984
2.78954e-05 1.81934e-05 1.32016e-05 0.000581064 0.99934 1.93493e-05
0.200093 0.615157 0.172451 0.00386836 0.00639747 0.00203396
0.0227645 0.853523 0.106911 0.00304387 0.00123704 0.0125203
0.9896 0.00786334 0.00104235 0.00125198 8.26374e-05 0.000159745
0.000148101 0.000566956 0.00723676 0.000946011 0.00179303 0.989309
0.04248 0.854316 0.0880378 0.00232927 0.00166602 0.0111709
0.000108777 0.000183354 0.00234646 0.000178523 8.5059e-05 0.997098
0.00573058 0.0143905 0.00346486 0.734631 0.0116163 0.230167
0.000175133 0.000294573 0.00177111 0.00244644 0.00566349 0.989649
0.000217583 0.999115 0.000445715 0.00011893 8.40666e-05 1.82044e-05
0.000321789 0.000558383 0.00103107 0.0457255 0.00361364 0.94875
0.0127924 0.00327161 0.000660943 0.967174 0.00649397 0.0096071
0.00358348 0.000982224 0.000549791 0.953725 0.0322914 0.00886785
0.012219 0.982945 0.00145173 0.0031104 7.36245e-05 0.000200636
0.00296504 0.00882507 0.010425 0.0827164 0.684848 0.21022
0.992492 0.00562068 0.000713227 0.00100401 4.7345e-05 0.000122924
0.0103661 0.00594531 0.00466978 0.278717 0.650649 0.0496532
0.00309802 0.00862711 0.00419105 0.272262 0.503763 0.208059
0.000190103 9.74194e-05 0.999277 0.000154265 0.000160585 0.00012071
3.47962e-05 0.000142508 0.000929832 0.00036542 0.000158958 0.998369
0.000782156 0.000859627 0.000790373 0.116064 0.819239 0.0622645
0.00107409 0.00166437 0.00239108 0.03818 0.00233918 0.954351
0.00721696 0.00467427 0.00111187 0.922166 0.0412577 0.0235733
0.00506932 0.545316 0.441575 0.00314909 0.00382037 0.00107013
0.248334 0.49993 0.238168 0.00396417 0.00747964 0.00212358
0.0602546 0.487225 0.397329 0.00559632 0.00182926 0.0477659
0.596338 0.363307 0.00455047 0.0331481 0.00247234 0.000184067
0.997483 7.71555e-05 0.00207328 0.000254431 1.50535e-05 9.66373e-05
0.00487163 0.00408703 0.00167381 0.300206 0.681358 0.00780381
0.993091 0.000105022 0.00551884 0.000392176 3.40234e-05 0.000858923
0.00177626 0.040171 0.95338 0.000860528 0.00159852 0.0022135
0.144159 0.0914724 0.739308 0.00523596 0.0144138 0.00541164
0.999675 7.41255e-05 8.42566e-05 0.000145901 1.68232e-05 3.9417e-06
4.08063e-05 0.000154104 0.000516449 0.00108561 0.000113464 0.998089
0.00106058 0.00015013 3.73523e-05 0.9911 0.00745962 0.00019171
0.0143007 0.159387 0.813131 0.00262822 0.00408491 0.00646803
0.000121217 0.000536517 0.000241348 0.00826696 0.989281 0.00155328
0.0506053 0.932406 0.00218721 0.00407377 0.0106675 6.00715e-05
0.998113 0.000632718 0.000822554 0.000308968 8.54898e-05 3.71293e-05
0.000476732 0.00213005 0.777131 0.000577656 6.93105e-05 0.219615
0.00158778 0.986141 0.0101024 0.000558816 0.000443046 0.00116716
0.999461 4.16646e-05 3.7506e-05 0.000391513 6.63366e-05 1.52842e-06
8.83231e-05 0.000296388 0.000659627 0.0455352 0.11954 0.83388
0.00289595 0.00198816 0.00401696 0.102985 0.0766547 0.811459
0.06407 0.00439525 0.00164707 0.896842 0.0242919 0.0087534
0.00202945 0.189232 0.801817 0.00277444 0.00229364 0.0018534
0.000160136 0.000407566 0.00272827 0.00225734 0.000578237 0.993869
0.000536116 0.000217049 0.00158086 0.00107128 0.000768973 0.995826
2.37124e-05 2.8306e-05 1.26579e-05 0.00202832 0.997891 1.58076e-05
0.978475 0.0172393 0.000633349 0.00349518 6.54532e-05 9.1446e-05
0.999492 4.97333e-05 5.26636e-05 0.000290444 0.000114201 8.77617e-07
0.0478308 0.00252068 0.00102453 0.874778 0.0714713 0.0023743
0.00192765 0.994028 0.00323942 0.000504154 0.000145796 0.000155106
9.55751e-06 3.78297e-05 0.00044497 0.000170211 2.76094e-05 0.99931
0.00173115 0.897498 0.0963361 0.000735551 0.0016482 0.00205142
0.000131549 0.000117619 5.58516e-05 0.0150242 0.984505 0.000165448
0.0032123 0.992515 0.00291399 0.000677269 0.000419014 0.000262239
0.000133724 0.999554 0.000223741 4.7354e-05 2.35439e-05 1.79334e-05
0.0829097 0.106929 0.715367 0.0668518 0.00323453 0.0247073
0.000153292 0.998959 0.00073497 5.81397e-05 5.65125e-05 3.83777e-05
0.00122946 0.922086 0.0728542 0.00040269 0.00120335 0.00222405
0.0249887 0.0132614 0.0115669 0.226556 0.55351 0.170117
0.00230876 0.00184316 0.00168213 0.177889 0.814422 0.00185504
0.00421983 0.00317146 0.00359186 0.257479 0.25738 0.474158
0.0468819 0.228684 0.678483 0.0366812 0.00631898 0.00295041
0.00253244 0.000353489 0.995199 0.000342814 9.66689e-05 0.00147583
0.577384 0.234779 0.174495 0.00421967 0.00765199 0.0014705
0.00061248 0.000297595 0.998198 0.000105307 8.26076e-05 0.000704294
0.00559576 0.00520483 0.00403512 0.412813 0.0305489 0.541802
0.00138264 0.00149858 0.000750335 0.0573236 0.924899 0.0141454
0.0124475 0.000817115 0.981512 0.000265751 0.000178255 0.00477941
0.000976256 0.000733635 0.000312591 0.0408607 0.95642 0.000696799
0.000174124 0.000115331 8.91688e-05 0.0109495 0.988531 0.000141039
7.59479e-05 0.971105 0.0271816 7.41354e-05 0.000275842 0.00128752
0.00186615 0.00130439 0.000980049 0.149922 0.842876 0.0030512
0.000285509 0.000276968 0.000227526 0.0339926 0.964321 0.000896211
3.62387e-05 0.993339 0.00611063 3.93642e-05 0.000134028 0.000341264
0.0458372 0.907894 0.0371805 0.00472874 0.00122334 0.00313611
0.000840194 0.000874379 0.00117832 0.737339 0.104574 0.155194
0.000613689 0.00483534 0.991574 0.000415642 0.00215834 0.000403415
0.0106559 0.0065599 0.00277525 0.786483 0.0233023 0.170223
0.219923 0.68694 0.0693076 0.0175436 0.00105989 0.00522636
0.000764064 0.895631 0.0925424 0.000392951 0.0026123 0.0080575
0.00685287 0.00577243 0.00221143 0.617883 0.320948 0.0463319
0.999594 2.78052e-05 0.000102913 0.000150988 0.000118883 5.02197e-06
6.54836e-05 0.000171213 0.000739651 0.00108525 0.00159346 0.996345
3.93972e-05 0.000135841 0.0023176 0.000252 0.000196812 0.997058
0.00326883 0.936576 0.0273814 0.00517543 0.000344744 0.0272533
0.000332254 0.00129883 0.00304744 0.0191968 0.83397 0.142154
0.00100679 0.00117279 0.00185298 0.0240549 0.00530363 0.966609
0.00491371 0.986473 0.00629395 0.000997567 0.000252914 0.00106916
0.000110813 0.000441885 0.00048071 0.0102895 0.974837 0.0138401
0.000307109 0.000133246 0.998858 0.000196459 0.000196928 0.000308412
0.00396783 0.000801335 0.000178595 0.980905 0.0122782 0.00186862
0.0199787 0.01033 0.00371886 0.716263 0.177826 0.0718839
0.000133294 4.67948e-06 0.999618 5.80561e-06 1.07505e-05 0.000227153
2.52536e-05 3.16191e-05 1.91749e-05 0.00065 0.999233 4.06479e-05
0.00201268 0.00481496 0.0104168 0.0434747 0.0517627 0.887518
1.05836e-05 3.02571e-05 0.000736927 7.3468e-05 4.70684e-05 0.999102
0.797319 0.003606 0.0293447 0.0010787 7.59832e-05 0.168576
0.00107647 0.995693 0.00226248 0.000401582 0.000345997 0.000220082
0.0368811 0.876071 0.0717346 0.010353 0.00129219 0.00366821
0.000166688 0.998099 0.00147367 0.000104225 9.25703e-05 6.42819e-05
0.000136819 0.993073 0.00621395 8.34343e-05 0.000177862 0.000314861
0.00363864 0.221513 0.767853 0.00108405 0.00352326 0.00238845
0.00588742 0.000127025 0.993234 8.70495e-05 0.000186666 0.000477614
0.0152986 0.00332455 0.000932872 0.917926 0.0585465 0.0039713
0.000799023 0.000680019 0.000610857 0.185334 0.0012238 0.811352
0.00534277 0.83758 0.151063 0.00175224 0.00334678 0.000915637
1.09119e-05 6.42751e-05 0.000646729 0.00038073 0.000190404 0.998707
0.99782 0.000425135 0.000624555 0.000950119 1.01809e-05 0.000170041
0.000289916 0.000280729 0.000511909 0.0188725 0.00054487 0.9795
0.000279585 0.000601105 0.000317218 0.0906804 0.904748 0.00337393
1.04341e-05 5.98919e-05 0.00145353 0.000137238 4.75338e-05 0.998291
0.000229905 0.000601755 0.997916 7.89505e-05 9.87411e-05 0.00107445
0.0235091 0.0052191 0.00163187 0.703826 0.25167 0.0141438
0.00169074 0.000375501 6.64541e-05 0.993943 0.00360165 0.000322897
0.0745188 0.409611 0.473667 0.00272433 0.00301781 0.0364612
0.00195155 0.000538459 0.000204313 0.905889 0.0908703 0.000546455
0.0292018 0.221398 0.721176 0.00363031 0.0238777 0.000716378
0.00244159 0.00115301 0.000957336 0.515683 0.451126 0.028639
0.901678 0.00314325 0.0368145 0.000619059 0.00010952 0.0576358
0.000925715 0.000249394 0.997293 0.000148477 8.10825e-05 0.00130231
0.00112395 0.991979 0.00290377 0.00033459 0.00357986 7.92751e-05
0.00127117 0.997367 0.000916178 0.000138006 0.000255729 5.20511e-05
0.00170467 0.86111 0.117507 0.00642431 0.00215133 0.0111037
3.88285e-05 0.000189339 0.999445 3.06001e-05 0.000150035 0.000146463
1.02418e-05 1.84148e-05 1.9939e-05 0.000260998 0.999609 8.12352e-05
0.000208555 0.000345657 0.000130669 0.0468634 0.949828 0.00262339
0.00580903 0.00540101 0.00330336 0.293862 0.0162329 0.675391
0.000194786 0.000231836 0.000157409 0.0217437 0.974896 0.00277632
2.38043e-05 0.999378 0.000436313 3.86788e-05 2.31661e-05 9.96882e-05
4.80149e-06 1.80526e-05 0.000298252 0.000105073 1.94741e-05 0.999554
0.000314812 0.00197317 0.0116539 0.00741132 0.00395464 0.974692
0.000779148 0.00248015 0.00259232 0.336659 0.302859 0.35463
0.98907 0.00746314 0.00103635 0.00206824 8.94976e-05 0.000272964
0.154228 0.682081 0.132925 0.0160525 0.00130414 0.0134096
0.998626 0.000496906 0.000139621 0.000682643 6.10167e-06 4.86751e-05
8.64348e-06 1.77899e-05 3.44661e-05 0.00111416 0.998622 0.000203014
4.47599e-05 0.000224932 0.00191692 0.00164712 0.00321262 0.992954
0.000193591 0.904244 0.0912076 0.000168103 0.000594122 0.00359302
0.000454841 0.000268801 0.998417 9.80756e-05 8.11819e-05 0.000679807
6.64413e-05 0.999739 0.000140563 2.70762e-05 1.63101e-05 1.03557e-05
0.033576 0.534786 0.40494 0.00242859 0.00716537 0.0171034
0.00103312 0.000216497 9.01722e-05 0.977919 0.001174 0.0195669
0.00237527 0.00400772 0.00740287 0.0377776 0.033629 0.914807
0.00501697 0.00204274 0.000762213 0.908809 0.0151955 0.0681734
0.00718687 0.00950894 0.00933002 0.221068 0.538416 0.214491
0.00552625 0.00436297 0.00132402 0.812614 0.139006 0.0371659
0.0201786 0.0101539 0.00916753 0.342985 0.0718121 0.545703
5.20965e-05 0.000282104 0.000945374 0.00192115 0.000562275 0.996237
0.997617 0.00105991 0.000274837 0.000936125 8.65337e-05 2.54084e-05
0.0641363 0.887534 0.0209225 0.00298905 0.0241649 0.000252903
0.00115126 0.00265347 0.00200027 0.0289011 0.928018 0.0372757
0.000654795 0.000197173 8.91353e-05 0.984777 0.0025798 0.011702
0.997034 0.00148061 0.000306842 0.0010121 0.000142161 2.4671e-05
0.00267296 0.000929911 0.000310988 0.964654 0.00950604 0.0219259
0.998124 0.000257364 0.000347787 0.000262383 0.00100449 4.27615e-06
0.00263443 0.00228146 0.00475057 0.120874 0.21751 0.651949
9.65057e-05 0.000138963 0.00132497 0.000445266 0.000211445 0.997783
0.997239 0.00173637 0.000302051 0.000639418 3.8069e-05 4.53311e-05
0.00308692 0.470669 0.512944 0.00187946 0.00261528 0.00880518
0.000415552 0.000453456 0.000314514 0.0769612 0.91574 0.00611504
9.13761e-05 0.000362197 0.00033235 0.00242035 0.995913 0.000880728
0.0456736 0.915581 0.0256906 0.00895854 0.00061455 0.00348187
0.00439003 0.00524092 0.00134946 0.875585 0.0707982 0.0426367
0.999171 0.000119481 0.000509279 0.000118507 6.68742e-05 1.46736e-05
0.00268296 0.00508635 0.00529185 0.181626 0.0891386 0.716174
0.00212856 0.990579 0.00400367 0.00122747 9.09604e-05 0.00197069
0.0170551 0.97087 0.00771918 0.00247415 0.000340186 0.00154131
0.00163004 0.00270779 0.001304 0.23308 0.735185 0.0260933
0.0129838 0.466667 0.508259 0.0028044 0.00356319 0.00572221
8.07751e-05 0.000105854 7.3503e-05 0.0207949 0.978463 0.000482316
0.99578 0.00121425 0.00202831 0.000580115 0.000279545 0.000117296
0.996333 0.000255996 0.000598894 0.0019156 1.31801e-05 0.000883916
0.998903 0.000535332 0.00010559 0.000308201 0.000146464 1.32881e-06
0.0116015 0.166489 0.708855 0.0168887 0.00172082 0.0944447
0.0482063 0.00320119 0.00104852 0.884133 0.0594545 0.00395626
0.000115351 0.999414 0.00036016 5.17208e-05 3.37192e-05 2.46759e-05
0.994325 0.00395611 0.000598984 0.000955279 4.48852e-05 0.000119477
0.993737 0.00299588 0.0012739 0.00154702 0.000316845 0.000129442
0.000901253 0.996622 0.00173981 0.000266616 0.000288509 0.000181416
0.00505918 0.00382088 0.0019286 0.780729 0.131971 0.0764917
0.0276525 0.0218215 0.0233188 0.132971 0.270643 0.523594
0.000321615 0.999131 0.000344993 0.000134701 4.46684e-05 2.34005e-05
0.0189579 0.016188 0.0100486 0.502283 0.111646 0.340876
0.00579814 0.00289733 0.00150848 0.854163 0.0890405 0.0465926
0.00170569 0.00155404 0.000852085 0.310826 0.669247 0.015815
0.00505873 0.0044604 0.986596 0.00148994 0.00158625 0.000808832
0.004745 0.00156084 0.000438334 0.909837 0.0821671 0.00125191
0.00918199 0.977891 0.00865269 0.00298068 0.000232378 0.0010616
0.979322 0.0172748 0.00126139 0.00185046 0.00012353 0.000168004
0.0010407 7.72131e-05 0.997442 4.68102e-05 5.92129e-05 0.00133349
0.00276728 0.00194389 0.00350828 0.0159032 0.00477639 0.971101
0.000821974 0.0011675 0.000840693 0.504781 0.460511 0.0318782
0.00154328 0.00115446 0.0013424 0.112181 0.87188 0.0118986
1.79569e-05 5.28092e-05 0.000781387 0.000178149 0.000170897 0.998799
0.000112783 0.997486 0.00137354 0.000270386 5.18316e-05 0.000705546
0.00471894 0.0144573 0.00846524 0.118778 0.512911 0.340669
0.999493 5.4261e-05 0.000322392 9.64942e-05 1.40573e-05 1.99536e-05
