0.957918 0.0129218 0.0119257 0.0106638 0.00299433 0.00357635
0.00600244 0.00308587 0.00331209 0.624718 0.167855 0.195027
0.000890994 0.00166028 0.992244 0.00131972 0.00052733 0.00335804
0.00112541 0.00138338 0.00321376 0.0507269 0.00777593 0.935775
0.000675665 0.000911105 0.990114 0.00132344 0.00050169 0.00647355
0.00658442 0.00407525 0.00499199 0.394301 0.0828431 0.507204
0.0200983 0.0151516 0.0159623 0.46298 0.3396 0.146208
0.770864 0.136909 0.0622168 0.0157325 0.00715612 0.00712189
0.121619 0.124652 0.697282 0.0169996 0.0103627 0.0290846
0.0157817 0.00959086 0.00799314 0.50005 0.417596 0.0489887
0.0150341 0.0104536 0.0156198 0.413789 0.0892638 0.45584
0.00934844 0.00477176 0.00381215 0.406625 0.540063 0.0353806
0.00114126 0.00130318 0.00441169 0.027735 0.00307988 0.962329
0.0103643 0.00985399 0.0164098 0.510231 0.230284 0.222858
0.0515317 0.0123832 0.892134 0.0125166 0.00455648 0.0268781
0.0146935 0.922632 0.0491373 0.00545726 0.00447189 0.0036082
0.00296181 0.00252835 0.00511439 0.172329 0.0232989 0.793768
0.0265778 0.0111547 0.0151583 0.498797 0.181418 0.266895
0.00232156 0.00365106 0.987175 0.00200572 0.000943591 0.00390318
0.020389 0.0108096 0.0154168 0.507958 0.0713192 0.374108
0.339842 0.43793 0.127784 0.0465165 0.0240002 0.0239268
0.942548 0.00432731 0.0310095 0.00849443 0.00223675 0.0113843
0.0043859 0.00359522 0.00863387 0.160538 0.0355215 0.787326
0.481918 0.156418 0.129796 0.049483 0.0135879 0.168797
0.00985061 0.00138502 0.0144125 0.0143366 0.00128025 0.958735
0.00963664 0.0137685 0.00974321 0.528867 0.328315 0.10967
0.0156347 0.0114709 0.00970763 0.659093 0.170096 0.133998
0.0182163 0.00475564 0.00384409 0.408236 0.547726 0.0172226
0.00412919 0.00542099 0.98437 0.00284204 0.00124238 0.00199495
0.980775 0.00518173 0.00617197 0.00467255 0.00121205 0.00198684
0.000319317 0.00168724 0.994445 0.000827797 0.000376031 0.00234486
0.0501959 0.479995 0.433641 0.0150741 0.0104412 0.010652
0.00152899 0.00131358 0.00272716 0.153815 0.0153631 0.825253
0.0132104 0.823712 0.136501 0.00897279 0.00720955 0.0103951
0.978306 0.00399861 0.0102198 0.00460673 0.00131556 0.00155301
0.000849446 0.00150744 0.00597087 0.0356803 0.00738907 0.948603
0.00555263 0.00528991 0.00991874 0.14734 0.0256712 0.806227
0.936254 0.00291671 0.0363031 0.0082023 0.00151543 0.0148087
0.0114149 0.881327 0.0711738 0.0100431 0.00611551 0.0199253
0.0301956 0.0124123 0.0175989 0.569907 0.244491 0.125395
0.000523837 0.00182876 0.993835 0.0010124 0.00057334 0.0022269
0.00162976 0.000934828 0.00283596 0.0681209 0.00753285 0.918946
0.00254781 0.00311356 0.00758352 0.0943831 0.0200524 0.87232
0.00429053 0.00531636 0.0065559 0.520518 0.39312 0.0701991
0.594364 0.00159205 0.385615 0.00855113 0.00198503 0.00789287
0.00305874 0.0058888 0.0129168 0.124953 0.0452483 0.807935
0.00620432 0.00219866 0.00253496 0.464779 0.492601 0.0316818
0.00938448 0.0157591 0.914115 0.00944793 0.00365375 0.0476396
0.832801 0.11923 0.0258496 0.0125613 0.00671847 0.00283935
0.00556838 0.00588869 0.00820753 0.228173 0.0508415 0.701321
0.0103865 0.00753732 0.00570044 0.498445 0.429732 0.0481986
0.00129197 0.00413749 0.976645 0.0025818 0.0011105 0.0142328
0.82748 0.0822287 0.0355224 0.0289605 0.013187 0.0126215
0.117224 0.00326162 0.802867 0.0184822 0.00311365 0.055052
0.204058 0.646519 0.115013 0.0166409 0.0100141 0.00775511
0.00707228 0.868952 0.100209 0.00691724 0.00599149 0.0108576
0.944173 0.00608543 0.0167102 0.0136271 0.00258578 0.0168184
0.993963 0.000131682 0.00307565 0.00173755 0.00028081 0.000810942
0.0197341 0.0047541 0.966673 0.00461016 0.00185512 0.00237317
0.989919 0.00126913 0.0041833 0.00273186 0.00081048 0.00108668
0.0358728 0.00953494 0.00992709 0.542056 0.303109 0.0995002
0.358609 0.433173 0.133059 0.0356318 0.024517 0.0150097
0.000544344 0.00143715 0.992378 0.00107826 0.000457932 0.00410409
0.765433 0.00250969 0.148082 0.0130417 0.00272927 0.0682042
0.0125141 0.00941703 0.0144484 0.494752 0.177033 0.291835
0.00504296 0.00991076 0.965799 0.00476688 0.00211094 0.0123691
0.0119133 0.00976889 0.00938511 0.492513 0.300546 0.175873
0.987583 0.0033813 0.00342716 0.0036323 0.000825059 0.00115121
0.00554988 0.00601711 0.010422 0.219185 0.0696593 0.689167
0.020751 0.076926 0.882094 0.00902009 0.00473599 0.00647309
0.713009 0.0430042 0.193778 0.0257116 0.0169528 0.00754517
0.03448 0.853296 0.0889543 0.00822635 0.00639039 0.00865279
0.61131 0.18479 0.138791 0.0244604 0.0101102 0.0305392
0.0130225 0.0140467 0.0124706 0.555197 0.331032 0.0742311
0.0149914 0.00983024 0.007181 0.334135 0.616511 0.0173518
0.00849057 0.00818482 0.00869416 0.433711 0.495331 0.0455882
0.0524203 0.3143 0.574739 0.0160927 0.0111258 0.0313228
0.000521115 0.000603018 0.00198821 0.0375716 0.00389798 0.955418
0.971776 0.00460744 0.0089766 0.00993822 0.00286331 0.00183799
0.00577947 0.00648781 0.0180934 0.148423 0.0322089 0.789007
0.00630251 0.00380704 0.0111498 0.0800684 0.0118697 0.886802
0.00289584 0.00645942 0.0153017 0.148905 0.0660314 0.760407
0.0289308 0.0118435 0.0135503 0.538561 0.191506 0.215609
0.581411 0.268515 0.0781511 0.0378426 0.0214018 0.0126791
0.0180646 0.00541001 0.0115088 0.419495 0.137904 0.407617
0.0278233 0.0649942 0.78783 0.0142603 0.00627786 0.0988142
0.0285158 0.444704 0.47402 0.0141124 0.01161 0.0270378
0.0870846 0.706434 0.172176 0.0144106 0.011132 0.00876273
0.0100297 0.0129435 0.0113403 0.482039 0.302534 0.181113
0.291635 0.545666 0.103704 0.0278212 0.0142794 0.0168945
0.000342201 0.000262152 0.00114633 0.00966536 0.000559112 0.988025
0.00566471 0.00570686 0.0115399 0.304366 0.0429429 0.62978
0.105004 0.626883 0.17035 0.0256702 0.0133827 0.0587096
0.0087876 0.00722904 0.00577458 0.495358 0.328089 0.154762
0.067644 0.470458 0.396708 0.0157008 0.0126983 0.0367907
0.0119294 0.0102453 0.0118623 0.522132 0.211861 0.23197
0.0131362 0.00607456 0.00607733 0.493784 0.450435 0.0304931
0.0095318 0.00854355 0.0115623 0.291867 0.082473 0.596023
0.974218 0.00226347 0.0110453 0.00522316 0.00105095 0.00619957
0.00284667 0.00150851 0.00237716 0.308967 0.0636875 0.620613
0.0194219 0.0144954 0.0100835 0.511471 0.328842 0.115686
0.00210986 0.00243359 0.00505165 0.0789052 0.0139451 0.897555
0.0243745 0.0115057 0.00977441 0.57207 0.265006 0.11727
0.0105092 0.00979115 0.0113088 0.533938 0.277289 0.157163
0.0194649 0.0192079 0.0146165 0.583735 0.144015 0.218961
5.87682e-05 8.43692e-05 0.998756 0.00023972 0.00010044 0.000760846
0.0295155 0.0246244 0.0212794 0.546197 0.192055 0.186329
0.030845 0.01703 0.0195959 0.526649 0.117353 0.288527
0.0105459 0.881822 0.0861213 0.00633462 0.00646072 0.00871587
0.197747 0.463758 0.26865 0.0275114 0.0177785 0.0245545
0.000451959 0.00214863 0.99338 0.00106702 0.00059658 0.00235582
0.131992 0.379072 0.408455 0.0176578 0.0118298 0.0509941
0.694205 0.184757 0.0862953 0.0181228 0.00762216 0.00899774
0.00213572 0.000683209 0.00101248 0.243866 0.747963 0.00433977
0.0195593 0.00968345 0.0171614 0.446855 0.163852 0.342888
0.0221848 0.0166549 0.021165 0.423869 0.0835046 0.432622
0.990713 0.00218838 0.00251291 0.00311569 0.000840827 0.000629194
0.0539147 0.00759403 0.917822 0.00949264 0.00348754 0.00768891
0.390512 0.214118 0.342045 0.0227521 0.0120015 0.0185713
0.340805 0.000634991 0.621919 0.00836398 0.00136415 0.0269129
0.0132486 0.00665544 0.00900154 0.497403 0.224607 0.249085
0.00721346 0.00809918 0.00749804 0.503753 0.382586 0.0908503
0.00412463 0.964989 0.0236995 0.00266575 0.00241064 0.00211088
0.0193426 0.0187318 0.0146195 0.379705 0.500545 0.0670567
0.000559066 0.00204433 0.986667 0.00123551 0.000603359 0.00889108
0.00238518 0.00167184 0.00366287 0.0961521 0.0117792 0.884349
0.777044 0.0436529 0.077858 0.0251807 0.00658069 0.0696842
0.00501569 0.00828851 0.0195554 0.147785 0.0579388 0.761416
0.000462093 0.000746631 0.00347315 0.0192789 0.00358675 0.972452
0.0486171 0.0321561 0.330589 0.016006 0.00610714 0.566524
0.047974 0.865831 0.0544046 0.0137678 0.012069 0.00595407
0.919308 0.00230289 0.0703376 0.0042011 0.00143733 0.00241285
0.0609458 0.545225 0.34659 0.0125003 0.0097065 0.0250326
0.000669925 0.000747262 0.00257987 0.0524168 0.00757335 0.936013
0.00851656 0.00809413 0.0143156 0.359192 0.126232 0.48365
0.000807963 0.000808827 0.00209272 0.0330527 0.00463325 0.958605
0.00394059 0.00440272 0.00649092 0.418991 0.0863913 0.479784
0.000317025 0.000424781 0.00131731 0.032779 0.0039445 0.961217
0.0232545 0.00891019 0.0136557 0.493407 0.333154 0.127619
0.00974269 0.00512098 0.00475417 0.530111 0.397608 0.0526626
0.143348 0.734398 0.0945698 0.0130808 0.00827663 0.00632676
0.0151517 0.0134 0.01513 0.483745 0.239323 0.23325
0.00926673 0.00413931 0.00455148 0.568406 0.205749 0.207888
0.00941192 0.0745752 0.898718 0.0073513 0.00390255 0.00604107
0.0092686 0.00277535 0.00614673 0.3939 0.0534581 0.534451
0.00203958 0.00151572 0.990719 0.00175799 0.000675771 0.00329214
0.0309284 0.643401 0.283447 0.0117319 0.00998453 0.0205076
0.0140896 0.857166 0.0936691 0.00975398 0.00676826 0.0185531
0.959238 0.0151848 0.0101883 0.00935836 0.00254347 0.00348699
0.00665863 0.00580841 0.0111123 0.305993 0.0920848 0.578343
0.00356551 0.0285739 0.918234 0.00542728 0.00286575 0.0413331
0.00128674 0.00137636 0.992379 0.00125105 0.00051429 0.00319274
0.00072231 0.00102559 0.00253471 0.0610899 0.00997092 0.924657
0.0116138 0.0122491 0.019522 0.343491 0.109306 0.503818
0.00143312 0.0122803 0.976588 0.00271571 0.00140129 0.00558109
0.0106533 0.00383389 0.00393063 0.61171 0.204837 0.165035
0.011061 0.0110681 0.0165353 0.374628 0.305653 0.281055
0.00257272 0.00238433 0.00591753 0.0870238 0.0217241 0.880377
0.151676 0.66887 0.12325 0.0207783 0.0102373 0.0251882
0.00067194 0.000724789 0.00381907 0.0177303 0.00219541 0.974858
0.229483 0.122956 0.585834 0.032276 0.0169139 0.0125369
0.928498 0.0101719 0.0388293 0.00935277 0.00245337 0.0106951
0.045717 0.0141214 0.0163976 0.447778 0.0899774 0.386009
0.00506763 0.0112099 0.0360973 0.139768 0.0554779 0.752379
0.0425486 0.0387745 0.885282 0.0117549 0.00593274 0.0157069
0.188882 0.229498 0.509993 0.0213027 0.0126187 0.037705
0.000903837 0.00130486 0.00444777 0.0220251 0.00424257 0.967076
0.0359646 0.0504827 0.87704 0.0139511 0.00768193 0.0148797
0.993248 0.00101636 0.0019839 0.00263371 0.000614653 0.000503774
0.0229384 0.013377 0.0167825 0.533255 0.305069 0.108579
0.176745 0.491511 0.256734 0.0285228 0.0189647 0.027522
0.144341 0.435267 0.347026 0.0238775 0.0157258 0.0337623
0.00095148 0.00178865 0.00552745 0.0520064 0.0132348 0.926491
0.00782914 0.00459666 0.00344502 0.298204 0.672442 0.0134836
0.540727 0.00544534 0.277393 0.0388618 0.00504293 0.13253
0.000450973 0.000722844 0.00280784 0.0161428 0.00163055 0.978245
0.714299 0.115115 0.14249 0.0145027 0.00909767 0.00449518
0.00721306 0.00611619 0.00532014 0.562033 0.366714 0.0526032
0.0107896 0.0128892 0.0156745 0.422561 0.157858 0.380227
0.00168346 0.00180927 0.00473982 0.0569185 0.00795744 0.926892
0.0107336 0.00705386 0.00715983 0.521118 0.21493 0.239005
0.00579597 0.00547982 0.00589393 0.555301 0.333759 0.0937706
0.0032909 0.00159706 0.00149923 0.280673 0.706826 0.00611417
0.00117361 0.00227792 0.010504 0.0539119 0.0111855 0.920947
0.262667 0.579929 0.107028 0.0230058 0.0132485 0.0141212
0.45514 0.00204108 0.512972 0.0132247 0.00309533 0.0135275
0.0177867 0.00737182 0.0105061 0.460755 0.102086 0.401494
0.425826 0.173275 0.333932 0.0328047 0.0148601 0.0193029
0.950769 0.00639275 0.0286327 0.00753167 0.00284452 0.00382907
0.00534127 0.00473878 0.975417 0.00361703 0.0013013 0.00958444
0.000519877 0.00176881 0.987337 0.000866 0.000557626 0.00895051
0.00914199 0.00970059 0.0137305 0.478178 0.13599 0.353258
0.00860056 0.00221618 0.00248981 0.528849 0.386617 0.0712265
0.920543 0.0123312 0.0382321 0.0157606 0.00657942 0.00655395
0.0394937 0.00792621 0.0693931 0.0109396 0.00187114 0.870376
0.00731278 0.00599938 0.0106428 0.494449 0.117113 0.364483
0.000940401 0.000838022 0.00216999 0.090288 0.00804134 0.897722
0.0101851 0.00490298 0.00965652 0.164575 0.0214935 0.789187
0.00250087 0.00361492 0.00630059 0.176252 0.0485369 0.762795
0.0147923 0.00844714 0.00943155 0.516608 0.153478 0.297242
0.0339158 0.255849 0.659498 0.0138996 0.0107627 0.0260753
0.00709214 0.00900926 0.0116391 0.432188 0.260979 0.279092
0.0477066 0.0185389 0.916582 0.00663081 0.0033575 0.00718465
0.0186517 0.00253415 0.972448 0.00332696 0.00141436 0.00162454
0.0103003 0.0103912 0.0115605 0.471773 0.43589 0.0600842
0.00122046 0.00268977 0.0131832 0.0463255 0.010944 0.925637
0.0931854 0.588058 0.272069 0.0154775 0.010856 0.0203541
0.00501305 0.00117891 0.00146454 0.338235 0.645043 0.00906546
0.000604643 0.000612688 0.968793 0.00332779 0.000544647 0.0261168
0.0746942 0.596978 0.287927 0.0125881 0.00935226 0.0184609
0.202571 0.64045 0.106679 0.0215799 0.0130744 0.0156458
0.233503 0.583226 0.130391 0.0226618 0.0130045 0.0172131
0.0159281 0.00996374 0.011208 0.539067 0.178989 0.244844
0.019254 0.00957942 0.00758391 0.533442 0.325278 0.104863
0.00774942 0.0031329 0.00592398 0.458686 0.107699 0.416809
0.017282 0.901573 0.0651949 0.00634582 0.00532711 0.00427688
0.989962 0.00155254 0.00408814 0.00252509 0.000665512 0.00120714
0.43039 0.287076 0.211137 0.0302076 0.0154465 0.0257426
0.0223623 0.419799 0.501278 0.00898548 0.00727784 0.0402966
0.00134771 0.00101039 0.00234121 0.0709222 0.00848271 0.915896
0.795705 0.0170715 0.162691 0.0118452 0.00430643 0.00838056
0.00439428 0.00218052 0.00196275 0.404755 0.564669 0.0220384
0.00242995 0.00252496 0.00495454 0.124271 0.0265875 0.839232
0.00660645 0.0046509 0.00359736 0.457476 0.500527 0.0271426
0.00112317 0.00509628 0.982889 0.00196302 0.000992669 0.00793571
0.0158982 0.0130648 0.0119947 0.515567 0.149014 0.294461
0.86809 0.00135552 0.0802584 0.0107094 0.00153891 0.0380481
0.450765 0.411606 0.101881 0.017981 0.00882107 0.00894564
0.0083225 0.00229223 0.00264461 0.383829 0.58355 0.0193617
0.000864438 0.00284314 0.989366 0.00150503 0.00073859 0.00468228
0.0562437 0.215964 0.293695 0.0431746 0.0138074 0.377116
0.00167857 0.000923792 0.000696938 0.290749 0.701564 0.00438798
0.980172 0.000959597 0.0104476 0.00322557 0.000584984 0.00461026
0.000192041 0.000106925 0.996391 0.000321225 0.00010783 0.00288144
0.940293 0.0101613 0.0331756 0.00883622 0.00341688 0.00411702
0.00714231 0.0099458 0.00969227 0.500917 0.310559 0.161743
0.00709872 0.00914487 0.017449 0.183364 0.0426438 0.7403
0.0412377 0.00509075 0.0144625 0.491998 0.413388 0.0338229
0.98549 0.0039375 0.00399581 0.00418567 0.00116966 0.00122126
0.00187918 0.00272199 0.00685701 0.12153 0.0168431 0.850169
0.794425 0.0468011 0.110006 0.0219003 0.00756875 0.0192985
0.00107357 0.000561846 0.985053 0.00237123 0.000454327 0.0104857
0.0153972 0.00179022 0.97459 0.00354041 0.0011987 0.00348314
0.972021 0.00121217 0.0133795 0.00428334 0.000693329 0.00841081
0.0459663 0.554193 0.340096 0.0125318 0.00874945 0.0384633
0.0111948 0.0116017 0.0109734 0.512687 0.197911 0.255632
0.0370268 0.0103824 0.00983547 0.620212 0.204677 0.117866
0.00972524 0.00881143 0.00715608 0.433637 0.471933 0.0687373
0.00983163 0.873017 0.0950198 0.00692017 0.00634323 0.00886823
0.290191 0.53548 0.0971098 0.034975 0.0217591 0.0204851
0.00966937 0.0100722 0.0107507 0.519984 0.221203 0.228321
0.00324191 0.00440492 0.00399266 0.49524 0.370076 0.123045
0.00962304 0.00726366 0.00801143 0.528204 0.414596 0.0323019
0.0112242 0.00474371 0.00782766 0.54071 0.116646 0.318849
0.032086 0.0229242 0.903528 0.0119599 0.00508664 0.0244156
0.000435874 0.000620319 0.00266105 0.0328706 0.00460181 0.95881
0.0146479 0.00416142 0.00336828 0.487205 0.459288 0.0313294
0.000555015 0.00116014 0.00742823 0.0204404 0.00561737 0.964799
0.622554 0.131742 0.212409 0.0174228 0.010677 0.00519546
0.00282022 0.00240014 0.985211 0.00247495 0.000866144 0.00622715
0.00921325 0.738319 0.213397 0.00923343 0.00766902 0.0221681
0.879236 0.0312944 0.0356097 0.018453 0.0050543 0.0303524
0.201026 0.523412 0.191152 0.0346844 0.0190876 0.0306382
0.0891887 0.842903 0.0385268 0.0140966 0.00966397 0.00562113
0.00140438 0.000989242 0.00258168 0.0638826 0.00573141 0.925411
0.00340749 0.00502618 0.0158593 0.198868 0.0620195 0.714819
0.11646 0.00189459 0.805941 0.0172327 0.00217571 0.056296
0.00341095 0.00511336 0.0119393 0.176277 0.0648753 0.738384
0.0115425 0.937862 0.0386873 0.00464154 0.00402024 0.00324638
0.000378934 0.000644502 0.00256581 0.0183777 0.00195877 0.976074
0.0292056 0.228941 0.646697 0.00970967 0.00824325 0.0772037
0.931576 0.00895096 0.0429696 0.00873471 0.00329761 0.00447155
0.99486 0.000737576 0.00215507 0.00142853 0.000390801 0.000427719
0.0115636 0.00976424 0.01221 0.480628 0.105627 0.380207
0.759301 0.1748 0.0306342 0.0202096 0.0106782 0.00437657
0.380794 0.41308 0.163882 0.021521 0.0141991 0.00652329
0.000655556 0.000626432 0.00192755 0.035413 0.00416436 0.957213
0.0442953 0.00605737 0.0140352 0.469835 0.434187 0.0315902
0.618705 0.0596031 0.267113 0.0247672 0.00936674 0.0204451
0.787221 0.128331 0.060908 0.0125418 0.00634075 0.00465768
0.0109938 0.00728329 0.00632822 0.498248 0.42992 0.0472262
0.00949735 0.0149567 0.0192834 0.256497 0.0837581 0.616007
0.993332 0.00100919 0.00104232 0.00332023 0.00104633 0.000249679
0.0153686 0.00920683 0.0187365 0.393732 0.0855291 0.477427
0.00959868 0.00520302 0.00773278 0.417036 0.0981153 0.462314
0.0101742 0.00733081 0.00694217 0.430086 0.506042 0.0394251
0.989623 0.00178828 0.00370168 0.00304422 0.00100849 0.000834002
0.00365425 0.00322209 0.00578576 0.127362 0.0220592 0.837916
0.00782731 0.00571582 0.00708956 0.511327 0.294065 0.173975
0.00674298 0.0122495 0.0104698 0.450172 0.387835 0.132531
0.622311 0.168861 0.168493 0.0188614 0.00881756 0.0126564
0.0480587 0.00819351 0.0134403 0.598817 0.252638 0.0788529
0.00167002 0.00283416 0.0110166 0.0549219 0.00818095 0.921376
0.00731758 0.00423672 0.00356595 0.515254 0.411839 0.0577866
0.00307066 0.963675 0.0240315 0.00318346 0.00245102 0.00358827
0.0638864 0.0264368 0.0306128 0.560964 0.143444 0.174656
0.0889844 0.434662 0.396187 0.0199592 0.0127175 0.0474906
0.409777 0.371365 0.166261 0.021917 0.0116679 0.0190126
0.993246 0.00124859 0.00139766 0.00289494 0.000925937 0.000286639
0.00686971 0.00809062 0.0082301 0.43543 0.472311 0.0690683
0.323406 0.0132391 0.510907 0.0217022 0.00548285 0.125262
0.984603 0.00377887 0.00406053 0.00478766 0.00127747 0.00149279
0.0270407 0.0160874 0.0180508 0.514265 0.160705 0.263851
0.00778503 0.00739013 0.00538092 0.359784 0.578346 0.0413143
0.985688 0.000530518 0.0109365 0.00180956 0.000500107 0.000535058
0.43451 0.0115469 0.126792 0.0381317 0.00652761 0.382492
0.00960844 0.00281987 0.00362961 0.587943 0.220717 0.175282
0.053895 0.0079926 0.0175008 0.530622 0.123524 0.266466
0.00350825 0.00321529 0.00580026 0.150743 0.025607 0.811126
0.0338175 0.85666 0.0857219 0.00829812 0.00650503 0.00899715
0.00398305 0.00196623 0.00267905 0.392541 0.0845793 0.514251
0.971362 0.00132487 0.0215747 0.0036137 0.00131498 0.000809872
0.0104427 0.00311746 0.00360434 0.408971 0.557344 0.0165209
0.010419 0.880782 0.091635 0.00589773 0.00499415 0.00627231
0.00282755 0.00231632 0.0032241 0.148505 0.0225749 0.820552
0.000426441 0.000148319 0.99552 0.000481995 0.000150612 0.00327251
0.799916 0.115596 0.0547953 0.015998 0.00728016 0.0064149
0.946317 0.00475665 0.0291369 0.0123033 0.00384014 0.00364574
0.000658197 0.000873077 0.00333167 0.0296466 0.00441388 0.961077
0.969895 0.000259838 0.0268923 0.00191309 0.000507456 0.000532351
0.0103322 0.00937738 0.0143674 0.405544 0.0812292 0.47915
0.00979475 0.0107411 0.0132636 0.508828 0.197471 0.259902
0.0930562 0.52812 0.322359 0.0163213 0.0118039 0.0283399
0.949792 0.00596447 0.0131697 0.00873104 0.00159837 0.0207449
0.908505 0.0159465 0.0555654 0.010601 0.0042392 0.00514268
0.0128952 0.0192407 0.956112 0.0043249 0.00251193 0.00491527
0.0113278 0.132185 0.82075 0.00788476 0.00728253 0.0205701
0.0653618 0.0394335 0.260275 0.0201804 0.00665935 0.60809
0.989981 0.000611877 0.00693212 0.00157503 0.000457377 0.000442039
0.0216227 0.0189034 0.018563 0.365094 0.0824787 0.493339
0.00686613 0.00482974 0.00318968 0.398962 0.556412 0.0297402
0.00874477 0.0177056 0.0365761 0.239508 0.123481 0.573984
0.0115121 0.0052095 0.00463386 0.614669 0.261948 0.102027
0.00890334 0.00605925 0.00567518 0.638751 0.294274 0.0463372
0.000211186 8.28634e-05 0.000451566 0.0143473 0.000293673 0.984613
0.0275828 0.0130535 0.0109024 0.497233 0.282621 0.168607
0.046326 0.781699 0.131965 0.013865 0.0104393 0.0157061
0.101371 0.718967 0.146548 0.0136721 0.0105042 0.00893733
0.00106017 0.0021471 0.00570245 0.0362164 0.00690393 0.94797
0.993264 0.000128439 0.00403045 0.00162582 0.000284215 0.00066742
0.0104889 0.0124319 0.0127067 0.388808 0.132462 0.443103
0.274769 0.539441 0.134761 0.0232722 0.0132626 0.0144939
0.0401806 0.809235 0.105268 0.0141614 0.00939768 0.0217575
0.0404112 0.649681 0.276112 0.0137214 0.0109109 0.00916391
0.012191 0.00770114 0.00749852 0.615572 0.217668 0.13937
0.000986782 0.000697279 0.00259907 0.0404572 0.00409005 0.95117
6.81845e-05 0.000169707 0.99817 0.000341067 0.000143659 0.00110755
0.00102798 0.00184818 0.00947987 0.0501327 0.0116995 0.925812
0.0230043 0.00804402 0.0122363 0.373988 0.0647184 0.518009
0.00805426 0.00183412 0.00160737 0.397285 0.5842 0.00701897
0.00311106 0.0259982 0.961157 0.00325498 0.00206336 0.0044149
0.000811924 0.00120035 0.00740162 0.0297088 0.00573739 0.95514
0.00300928 0.0156555 0.942533 0.00481411 0.00229514 0.0316929
0.0309209 0.012418 0.0122069 0.488228 0.12025 0.335976
0.06582 0.0161628 0.0234701 0.445449 0.118225 0.330873
0.00132003 0.00186395 0.00431292 0.0398448 0.00725136 0.945407
0.000602499 0.00106104 0.984701 0.00164073 0.000615889 0.0113792
0.316323 0.0391792 0.0717969 0.0375609 0.00643334 0.528706
0.0192214 0.919781 0.0457043 0.0062351 0.00475861 0.00429927
0.0520739 0.835619 0.0829744 0.0113538 0.00728223 0.0106969
0.000355558 0.000407594 0.00118366 0.0329689 0.00333138 0.961753
0.0218513 0.00823628 0.782405 0.0105908 0.00339301 0.173523
0.11808 0.0833589 0.680639 0.0254907 0.0086898 0.0837417
0.0264047 0.00799567 0.0149462 0.523789 0.329501 0.0973629
0.915116 0.0199239 0.0261287 0.0148031 0.00396223 0.0200665
0.00730339 0.0908745 0.875075 0.00685053 0.00440436 0.0154927
0.000501144 0.000500786 0.971331 0.00169068 0.000397549 0.0255788
0.00973784 0.0072334 0.00900598 0.509543 0.226822 0.237658
0.983836 0.000207627 0.0114791 0.00242362 0.000452133 0.00160109
0.58974 0.0283696 0.324142 0.0260151 0.00987712 0.0218563
0.00249749 0.00182705 0.00334583 0.140387 0.0141933 0.837749
0.00801341 0.00136311 0.00856692 0.0214788 0.00131113 0.959267
0.00230771 0.00147851 0.00146015 0.424311 0.547722 0.0227205
0.0506137 0.00434994 0.0105202 0.576324 0.287135 0.0710568
0.00198897 0.00234141 0.00527466 0.0342423 0.00640399 0.949749
0.110032 0.000865086 0.875788 0.00509445 0.00141966 0.00680071
0.989969 0.00136132 0.00439825 0.00266003 0.000725845 0.00088541
0.937421 0.0137553 0.0224506 0.0122514 0.003342 0.0107801
0.010953 0.282903 0.63859 0.0168297 0.0143925 0.0363314
0.549063 0.00403777 0.416827 0.0148766 0.00364799 0.0115471
0.303786 0.541741 0.104913 0.0238001 0.0132723 0.0124888
0.00538794 0.00756075 0.0102244 0.251674 0.095946 0.629206
0.474208 0.0179022 0.1636 0.0491128 0.00791255 0.287264
0.00972743 0.0086193 0.00900003 0.421603 0.333959 0.217091
0.0554062 0.0409876 0.874832 0.0147692 0.00688325 0.00712187
0.0363837 0.018965 0.0163745 0.473085 0.376508 0.0786841
0.0749774 0.0246673 0.498442 0.0189636 0.00644527 0.376504
0.385309 0.41745 0.116269 0.0355114 0.0187899 0.0266718
0.0445202 0.00526574 0.0135075 0.502855 0.39969 0.0341611
0.0907739 0.488742 0.339581 0.0184934 0.0102977 0.0521113
0.00606463 0.00816476 0.0132287 0.368878 0.177763 0.4259
0.00106041 0.00223164 0.973948 0.00125011 0.000608421 0.0209012
0.000551999 0.000147685 0.000776748 0.0114268 0.000327372 0.986769
0.0112418 0.00685214 0.00636488 0.507536 0.378759 0.089246
0.0114517 0.00658353 0.00944276 0.38403 0.117772 0.47072
0.000893028 0.00152748 0.989564 0.00146347 0.000647007 0.00590493
0.822266 0.00248949 0.0979799 0.0152666 0.00215051 0.0598471
0.000737117 0.00884126 0.982645 0.00183792 0.00114681 0.00479154
0.0193367 0.0131269 0.0182615 0.420441 0.145545 0.383289
0.00885601 0.133406 0.823275 0.0112415 0.00698334 0.0162381
0.00403717 0.00456699 0.00702826 0.442563 0.14343 0.398375
0.0160428 0.00642021 0.00553021 0.573597 0.356165 0.0422451
0.0449205 0.732158 0.176374 0.0122347 0.00855055 0.0257626
0.00847796 0.00532407 0.00503468 0.491093 0.462758 0.0273119
0.00291803 0.00382173 0.0097253 0.221133 0.0474797 0.714922
0.000415634 0.000611912 0.994577 0.000772926 0.000301471 0.00332077
0.0423128 0.0216714 0.920143 0.00638233 0.00326565 0.00622535
0.00815309 0.00483902 0.00727479 0.308335 0.0560273 0.615371
0.000309792 0.000504842 0.9866 0.00111256 0.000319505 0.0111528
0.0142828 0.00833608 0.0133539 0.474787 0.189725 0.299515
0.101929 0.0190561 0.0288559 0.443391 0.159649 0.247118
0.974818 0.00447052 0.0125818 0.00512184 0.00176864 0.00123875
0.0270561 0.0219902 0.0235434 0.486986 0.165517 0.274908
0.000303478 0.000788208 0.995135 0.000776018 0.000346748 0.00265019
0.00533505 0.00262501 0.00542233 0.120357 0.0123848 0.853876
0.00803884 0.00607519 0.0142912 0.206426 0.0532603 0.711908
0.0105236 0.0093623 0.0160904 0.411909 0.202996 0.349118
0.0200626 0.0073523 0.00711692 0.602348 0.208365 0.154756
0.745249 0.027485 0.0392053 0.0336469 0.0055583 0.148855
0.0690329 0.530014 0.324442 0.0185364 0.0143644 0.0436102
0.000284295 0.000713807 0.996376 0.000664872 0.00035583 0.00160505
0.0196514 0.00995438 0.0104945 0.458416 0.113833 0.38765
0.00307735 0.00104672 0.00124706 0.268948 0.720622 0.00505834
0.97893 0.00325164 0.0125996 0.00333038 0.00125335 0.000634583
0.0511821 0.363743 0.529675 0.0130561 0.0101601 0.0321828
0.729848 0.0213978 0.203852 0.0204785 0.00639105 0.0180333
0.00127324 0.00221446 0.0105176 0.0513042 0.0141278 0.920563
0.142471 0.300734 0.461964 0.0233711 0.0160709 0.0553884
0.00100088 0.000627756 0.00185581 0.0245788 0.00167664 0.97026
0.00976241 0.0109955 0.0122863 0.456868 0.128118 0.381969
0.00728401 0.00723307 0.0120801 0.186418 0.0574189 0.729566
0.0424919 0.840163 0.0916612 0.0104232 0.0086887 0.00657233
0.00249984 0.00246202 0.00627098 0.0975501 0.0125646 0.878652
0.0415464 0.0092993 0.0100559 0.618153 0.206811 0.114134
0.023668 0.00838234 0.011364 0.498648 0.144136 0.313801
0.647509 0.154513 0.156835 0.0188008 0.00913085 0.0132103
0.00698175 0.0112419 0.0160386 0.428192 0.327972 0.209573
0.990869 0.00232518 0.00257935 0.00282827 0.000741058 0.000656732
0.0206649 0.0117094 0.0117662 0.525502 0.251561 0.178796
0.00855464 0.00666978 0.00726072 0.501252 0.364627 0.111636
6.18749e-05 4.85415e-05 0.999056 0.000188415 7.68134e-05 0.000568289
0.00275711 0.00440286 0.0100382 0.0663141 0.0136952 0.902793
0.0171576 0.00867605 0.00624351 0.526783 0.377563 0.0635766
0.0054674 0.0055367 0.0168091 0.0996593 0.0176537 0.854874
0.019407 0.00602355 0.00612781 0.591619 0.294406 0.0824164
0.00418836 0.0558991 0.926417 0.00490405 0.00290834 0.00568274
0.831261 0.0206769 0.132479 0.00893728 0.00419778 0.00244855
0.0231585 0.139615 0.734729 0.00864547 0.00711136 0.0867409
0.770204 0.148395 0.0430225 0.021384 0.0104836 0.00651041
0.991413 0.00127954 0.00401422 0.00181625 0.000548181 0.00092911
0.00439423 0.00244538 0.00223058 0.531555 0.42552 0.0338554
0.950028 0.00214016 0.0196988 0.0116236 0.00192369 0.0145865
0.00119405 0.00669387 0.982628 0.00211777 0.0013678 0.00599845
0.473954 0.0327012 0.456157 0.0154183 0.00710995 0.0146602
0.633874 0.00443244 0.331136 0.0174108 0.00481702 0.00832974
0.000360466 0.000502775 0.00141198 0.0307027 0.00297273 0.964049
0.016726 0.00487368 0.00431228 0.538304 0.419612 0.0161721
0.00337235 0.00591339 0.981162 0.00243879 0.00109558 0.00601827
0.00197686 0.00166558 0.00134109 0.335131 0.644543 0.0153422
0.324614 0.553734 0.057563 0.0329029 0.022154 0.0090326
0.108264 0.000481672 0.882147 0.00414756 0.0011197 0.00384021
0.00131267 0.00143838 0.345711 0.00729247 0.000907108 0.643338
0.330076 0.399012 0.167865 0.0310013 0.0136752 0.0583702
0.986315 0.00279666 0.00417575 0.00407559 0.00102065 0.0016159
0.00817369 0.0109155 0.011132 0.432517 0.231012 0.306249
0.027574 0.0155062 0.0210654 0.42671 0.131406 0.377738
0.0445105 0.0132795 0.0203756 0.479809 0.104358 0.337667
0.0594519 0.0387816 0.873279 0.0125598 0.00534983 0.0105785
0.000547659 0.000846383 0.00500724 0.0282287 0.00478506 0.960585
0.00278152 0.0025723 0.00628373 0.111147 0.0138848 0.863331
0.00783907 0.00587612 0.00366623 0.309328 0.662188 0.0111025
0.939635 0.0217967 0.0158954 0.01209 0.00355737 0.00702551
0.991759 0.000500096 0.00588913 0.0011617 0.000320813 0.000368988
0.0398755 0.00523409 0.00963046 0.558819 0.313164 0.0732764
0.191626 0.486711 0.265494 0.0250132 0.0142037 0.016952
0.00166031 0.0027745 0.00803054 0.0668597 0.011067 0.909608
0.00339774 0.0240649 0.958341 0.00371972 0.00283129 0.00764487
0.00548264 0.00146002 0.00144775 0.462219 0.518091 0.0112996
0.508179 0.334576 0.0907496 0.0331065 0.0167592 0.0166299
0.0176315 0.934505 0.0352555 0.00509239 0.00392829 0.00358703
0.00333646 0.00238287 0.954948 0.00541222 0.00146187 0.0324585
0.745787 0.142805 0.0818852 0.015403 0.00678387 0.00733654
0.0125287 0.0782407 0.880166 0.00726809 0.00515807 0.0166385
0.0117309 0.00703231 0.00522174 0.534464 0.318968 0.122583
0.00720769 0.00643757 0.00780228 0.435041 0.517154 0.0263572
0.0232127 0.0106634 0.00924214 0.543083 0.295181 0.118617
0.0515391 0.0937813 0.798335 0.0241009 0.0120811 0.0201626
7.23522e-05 7.73912e-05 0.99829 0.000269705 9.59398e-05 0.0011951
0.978599 0.00302078 0.0136196 0.00304436 0.00115513 0.000561249
0.000239954 0.000532255 0.996556 0.000578781 0.000231806 0.00186122
0.0109854 0.00753347 0.0129621 0.329592 0.0603649 0.578562
0.0210776 0.0129228 0.00804152 0.464335 0.417402 0.0762208
0.000476053 0.000287134 0.996691 0.000613581 0.000207772 0.00172474
0.00858198 0.00507021 0.00322376 0.388634 0.575278 0.0192115
0.007877 0.00417652 0.00445579 0.501004 0.448881 0.0336059
0.0102417 0.641514 0.285222 0.0105588 0.00859216 0.0438715
0.00546712 0.00464469 0.0042917 0.473172 0.479461 0.0329636
0.00722565 0.0072972 0.00635271 0.47847 0.45303 0.0476247
0.00971327 0.744308 0.199834 0.00969234 0.00786224 0.02859
0.0849536 0.411308 0.446529 0.0168053 0.0129666 0.0274366
0.00730639 0.00918978 0.0158292 0.509651 0.204978 0.253045
0.00422591 0.0134243 0.970203 0.00425976 0.00211369 0.00577327
0.01188 0.0101928 0.00972885 0.436686 0.118029 0.413484
0.116639 0.00957788 0.849256 0.0114589 0.00423437 0.00883419
0.0267905 0.265869 0.5674 0.0211361 0.0154461 0.103359
0.0193147 0.0098398 0.0100278 0.534694 0.332069 0.0940545
0.990228 0.00146095 0.00236313 0.00389185 0.00111149 0.000945059
0.000578392 0.000832171 0.00206887 0.0522511 0.00858401 0.935686
0.000625535 0.000793113 0.00335993 0.0178343 0.00304957 0.974338
0.0471347 0.0412979 0.412356 0.0336417 0.00818305 0.457387
0.00598705 0.00736594 0.00895368 0.42865 0.315856 0.233188
0.00354195 0.00206225 0.00372063 0.145649 0.0211779 0.823849
0.0962815 0.634806 0.20964 0.0173267 0.0118697 0.0300759
0.00856371 0.0126322 0.0135127 0.407692 0.188435 0.369164
0.00405627 0.0017109 0.9859 0.00265862 0.000992505 0.0046815
0.0190841 0.0108184 0.0104498 0.610553 0.221335 0.12776
0.0189926 0.0137514 0.0107399 0.556226 0.218572 0.181718
0.000112668 0.000110641 0.996938 0.00024953 8.79473e-05 0.00250067
0.00172827 0.000786611 0.000837989 0.26754 0.722587 0.00652014
0.0266599 0.0175954 0.0154094 0.447482 0.185248 0.307605
0.00125304 0.00188633 0.00593701 0.0447316 0.00782393 0.938368
0.610816 0.0402867 0.159836 0.0336101 0.00905051 0.146401
0.623514 0.225114 0.110947 0.0194724 0.00792111 0.0130312
0.00972984 0.0145656 0.940531 0.00760634 0.00301721 0.0245504
0.0315477 0.870154 0.0753472 0.00962557 0.00784903 0.00547649
0.051241 0.712956 0.176121 0.0142284 0.00887755 0.0365756
0.00389216 0.033806 0.940495 0.00393942 0.00299631 0.0148708
0.000632356 0.000154562 0.99584 0.000536905 0.000169665 0.00266679
0.039795 0.00985139 0.00959266 0.551111 0.323988 0.0656612
0.00483737 0.00495742 0.00712851 0.287935 0.0355541 0.659588
0.0261701 0.122831 0.824801 0.011428 0.00616436 0.00860478
0.000257445 0.000378936 0.00143001 0.0239315 0.00258227 0.97142
0.130762 0.000523043 0.851907 0.00488929 0.000948056 0.0109701
0.00182048 0.0011584 0.00254514 0.108828 0.0118555 0.873792
0.00438332 0.00639067 0.00519226 0.430389 0.511255 0.0423904
0.000472037 0.000874245 0.00469741 0.0176979 0.00248979 0.973769
5.96833e-05 0.000203033 0.996731 0.000277507 0.000152486 0.00257613
0.0111805 0.00704448 0.00579764 0.509019 0.398065 0.0688929
0.0143062 0.0139728 0.0102813 0.636516 0.23696 0.0879641
0.0393605 0.0390451 0.715898 0.0121243 0.0047258 0.188846
0.010175 0.00399007 0.00377834 0.465056 0.501136 0.0158648
0.0128012 0.0188829 0.958308 0.00466774 0.00248668 0.00285341
0.00498994 0.00170206 0.00194603 0.600005 0.271039 0.120318
0.888204 0.0140283 0.044333 0.0106503 0.00253109 0.0402536
0.000312941 0.000489617 0.995681 0.000672006 0.000260104 0.00258455
0.148051 0.743944 0.053562 0.0261662 0.0202413 0.00803497
0.385612 0.495226 0.087665 0.0154547 0.0097168 0.00632549
0.00522952 0.0937723 0.876753 0.00781511 0.00492028 0.0115093
0.000834096 0.00513515 0.986606 0.00173766 0.000879542 0.00480772
0.00654097 0.00473218 0.00410069 0.374628 0.572523 0.037475
0.0120502 0.00250513 0.00255125 0.573829 0.348572 0.0604922
0.0215143 0.016019 0.0200518 0.438582 0.106908 0.396924
0.00682956 0.00231193 0.00288256 0.543067 0.318882 0.126027
0.00481927 0.931319 0.0436358 0.00593764 0.00407955 0.0102084
0.00036077 0.000511282 0.00235646 0.0156447 0.00171427 0.979412
0.00350722 0.00578091 0.0126452 0.132138 0.0379947 0.807934
0.00529656 0.00859175 0.0081431 0.527323 0.309228 0.141417
0.525257 0.0550814 0.103165 0.0448919 0.00911355 0.262491
0.0535422 0.309596 0.554746 0.0130717 0.0104366 0.0586076
0.973553 0.0049386 0.00888868 0.00488297 0.000952843 0.00678436
0.00459462 0.00572415 0.00610659 0.43711 0.481034 0.0654314
0.00735694 0.010211 0.0204047 0.168858 0.0629938 0.730175
0.0093689 0.230995 0.693079 0.00888263 0.00616459 0.0515096
0.000271908 0.00059634 0.996071 0.000600994 0.000248336 0.00221191
0.0124704 0.947589 0.0293604 0.00435763 0.00337228 0.00285047
0.120029 0.158729 0.662704 0.0165051 0.0117168 0.0303163
0.00952657 0.00297763 0.00578294 0.543369 0.113767 0.324577
0.00352764 0.00595457 0.00992965 0.161945 0.0575396 0.761104
0.0147055 0.0109376 0.0114854 0.482937 0.143349 0.336585
0.0204011 0.00950635 0.00915182 0.6008 0.282472 0.0776688
0.0173822 0.0127402 0.00905546 0.600009 0.234529 0.126285
0.0126803 0.0103961 0.0117348 0.532908 0.191432 0.240849
0.000851261 0.000875158 0.00215445 0.0665325 0.00884541 0.920741
0.983207 0.00387296 0.00514919 0.00495585 0.00124073 0.00157446
0.673272 0.118756 0.154768 0.0308191 0.0147471 0.00763772
0.00454531 0.0042884 0.00359768 0.466607 0.45751 0.063452
0.013049 0.00399945 0.00552778 0.516796 0.119119 0.341509
0.991043 0.00197071 0.00219497 0.00320664 0.000974731 0.000610009
0.0114582 0.00541286 0.00601949 0.528304 0.121997 0.326808
0.991765 0.000774612 0.00480309 0.00172725 0.000536735 0.000392727
0.0271331 0.00920953 0.0119715 0.507878 0.311658 0.13215
0.000457259 0.000322899 0.00113088 0.0256255 0.0025801 0.969883
0.984444 0.00343074 0.00394259 0.00516201 0.00139754 0.00162262
0.00635108 0.0287577 0.94395 0.00452511 0.00262712 0.0137895
0.00699835 0.00228346 0.00252182 0.564109 0.334932 0.0891551
0.00767589 0.00657301 0.00411264 0.452655 0.494091 0.0348928
0.0974143 0.458178 0.39073 0.0179788 0.0116296 0.0240699
0.0114271 0.00833988 0.00742965 0.55388 0.146508 0.272416
0.992355 0.000892459 0.0037876 0.00183021 0.000524256 0.000610753
0.0109289 0.0119873 0.0126971 0.431127 0.164744 0.368515
0.06309 0.0585934 0.423614 0.0223072 0.00858038 0.423815
0.192582 0.443037 0.275909 0.0238964 0.0145636 0.0500117
0.00774202 0.00455068 0.00428289 0.571336 0.306426 0.105662
0.00278596 0.00857267 0.966311 0.00350741 0.00177655 0.0170468
0.00285379 0.000957587 0.00118879 0.511093 0.465515 0.0183918
0.927595 0.010111 0.0415866 0.0110593 0.0041133 0.00553449
0.492974 0.0060352 0.155713 0.0364778 0.00446446 0.304336
0.827784 0.000261726 0.167295 0.00293329 0.000792092 0.000934279
0.0164322 0.00974883 0.842436 0.0198995 0.0038344 0.107649
0.0334574 0.00950772 0.0191152 0.516763 0.284028 0.137128
0.279526 0.562726 0.116615 0.018786 0.0107564 0.0115909
0.990636 0.00239271 0.00254339 0.00290181 0.000749596 0.000776781
0.929698 0.0159659 0.0237796 0.014385 0.00424024 0.0119316
0.267338 0.588785 0.102831 0.0185713 0.00960423 0.0128698
0.0125184 0.00455299 0.00551252 0.607317 0.248488 0.121612
0.0219875 0.0086988 0.0127783 0.393248 0.135354 0.427933
0.0113327 0.950473 0.0273267 0.00440073 0.00336499 0.00310227
0.0247824 0.0131165 0.0165328 0.420819 0.138645 0.386104
0.00529286 0.0048407 0.00815234 0.316685 0.0528694 0.61216
0.00674892 0.00487728 0.004163 0.53881 0.287699 0.157701
0.0261703 0.00995149 0.942521 0.00826068 0.00349968 0.00959698
0.0174331 0.0146375 0.0131909 0.638774 0.20939 0.106575
0.0579987 0.805117 0.106562 0.0109709 0.00831191 0.0110398
0.974365 0.00851602 0.00711643 0.00595178 0.00178449 0.00226633
9.62118e-05 0.000116168 0.996776 0.000280926 0.000117157 0.00261336
0.0150163 0.0102189 0.0154774 0.249 0.0410566 0.669231
0.00259215 0.00289194 0.00347782 0.495104 0.431339 0.0645955
0.0075617 0.00652018 0.007049 0.404833 0.529114 0.0449214
0.000426324 0.000691768 0.00328433 0.0190869 0.0029847 0.973526
0.0796696 0.145863 0.27391 0.0407741 0.0111628 0.448621
0.00740091 0.00749537 0.00729328 0.465741 0.282545 0.229524
0.482334 0.00210397 0.497031 0.0103566 0.00302144 0.00515238
0.00699408 0.00394382 0.00610042 0.244293 0.0378507 0.700818
0.0183356 0.0168583 0.0137084 0.508745 0.127878 0.314475
0.0221712 0.727814 0.182866 0.0232262 0.0248707 0.0190519
0.000786401 0.00100702 0.00464587 0.0176162 0.00233936 0.973605
0.000669094 0.000425723 0.00123983 0.0499319 0.00502953 0.942704
0.987973 0.00015983 0.00773576 0.002506 0.000430692 0.00119496
0.0074369 0.00979341 0.0102974 0.522013 0.208928 0.241531
0.00244928 0.00231514 0.00558199 0.0963126 0.01165 0.881691
0.00314817 0.00298893 0.00286908 0.406065 0.568835 0.0160942
0.0119276 0.0120425 0.0129458 0.511321 0.225637 0.226126
0.390494 0.414589 0.136652 0.0256635 0.0166291 0.0159718
0.00172503 0.00986215 0.981079 0.00265801 0.00132279 0.0033535
0.000619047 0.000678264 0.00177049 0.0319479 0.00308134 0.961903
0.00294259 0.00197044 0.00357451 0.317463 0.080143 0.593906
0.0483432 0.0880441 0.797321 0.0124686 0.00667884 0.0471439
0.0122814 0.00785678 0.00816808 0.51511 0.312034 0.144549
0.00770215 0.0048193 0.00404193 0.422765 0.538158 0.0225135
0.0331018 0.00455161 0.0086398 0.515256 0.413041 0.0254097
0.0121049 0.859287 0.112301 0.00584594 0.00510634 0.00535454
0.989541 0.00282367 0.00248927 0.003289 0.000785231 0.00107206
0.0545954 0.812671 0.0885434 0.0153167 0.00930576 0.0195676
0.0240043 0.014184 0.0128977 0.528153 0.335331 0.0854297
0.0059837 0.00444342 0.00735267 0.214899 0.033114 0.734207
0.00477786 0.00117134 0.0052647 0.0243531 0.00163477 0.962798
0.00792595 0.00797995 0.00760077 0.589677 0.294835 0.0919821
0.0229984 0.0120345 0.0180277 0.455768 0.112955 0.378217
0.0116308 0.659014 0.268024 0.015304 0.014931 0.0310966
0.0330336 0.0242811 0.0237774 0.394949 0.209685 0.314274
0.369641 0.00754422 0.139788 0.01723 0.00264611 0.463151
0.0627796 0.289903 0.582443 0.0194347 0.0130522 0.0323881
0.140057 0.0801412 0.695271 0.0228487 0.00886406 0.0528181
0.585389 0.137989 0.241563 0.0174977 0.0096248 0.00793661
0.00148745 0.00147056 0.00597416 0.0294706 0.00465097 0.956946
0.0074361 0.0067516 0.00930066 0.398615 0.0747838 0.503113
0.0109916 0.00505632 0.00792676 0.46336 0.0832583 0.429407
0.934087 0.0178837 0.0170406 0.0115737 0.00235317 0.0170618
0.000380928 0.000672052 0.00495152 0.012938 0.00287418 0.978183
0.802627 0.052174 0.0879034 0.0323188 0.0173431 0.00763394
0.00682616 0.0118871 0.0143175 0.416382 0.231997 0.318589
0.000992877 0.00106896 0.00261042 0.0382416 0.0033182 0.953768
0.00231712 0.0133044 0.972338 0.00317305 0.00166225 0.00720481
