0.998331 0.000522432 0.000385449 0.000629369 9.64814e-05 3.50456e-05
0.000257338 0.00017208 0.000151725 0.245759 0.752057 0.00160312
0.00108776 0.00285118 0.994188 0.00023743 0.00069883 0.000936753
9.6475e-05 0.000131278 0.00043188 0.018051 0.00155438 0.979735
0.00126969 0.00233177 0.993269 0.00159923 0.00126795 0.000262661
0.000163581 7.05446e-05 6.82156e-05 0.972708 0.00540241 0.0215875
7.81205e-06 1.18623e-05 1.39181e-05 0.000465375 0.999479 2.2444e-05
0.0116258 0.981019 0.00268576 0.00419445 0.000353853 0.0001212
0.0279455 0.323668 0.464596 0.000976763 0.160377 0.0224371
2.45438e-05 4.05708e-05 5.28888e-05 0.00912627 0.990403 0.000352738
0.000387788 0.000161838 0.000167839 0.849912 0.148822 0.000547826
5.28789e-07 9.07499e-07 1.09345e-06 1.18477e-05 0.999984 1.73719e-06
0.000540731 0.000309235 0.00167582 0.0793626 0.047507 0.870605
0.000236585 4.88754e-05 3.06069e-05 0.998243 0.00126795 0.000172723
0.0764038 0.0028942 0.914404 0.000993208 0.00291333 0.00239182
0.000596208 0.99764 0.0013093 0.000158977 0.000170306 0.000125693
0.000113914 0.000111007 0.000252516 0.583697 0.0025582 0.413267
7.0191e-05 7.48403e-06 2.94405e-06 0.999525 0.000379361 1.51378e-05
0.00177968 0.00545717 0.98802 0.000773697 0.00348737 0.000482413
4.51503e-05 5.89964e-06 5.13692e-06 0.999712 0.000205407 2.66369e-05
0.00276031 0.992816 0.00245676 0.00111523 0.000682976 0.000169023
0.998238 0.000118639 0.00125355 0.000139339 4.85747e-05 0.0002017
0.000392738 0.000152003 0.000217978 0.970379 0.00363844 0.0252202
0.992489 0.00309419 0.000950385 0.00290962 0.000523718 3.34665e-05
0.00191746 0.000217895 0.0117911 0.000112345 0.982537 0.003424
1.06917e-06 2.50338e-06 2.81264e-06 0.000366001 0.999616 1.14287e-05
9.622e-05 2.1044e-05 7.73653e-06 0.999312 0.00055039 1.3156e-05
0.000170646 7.05218e-05 2.75573e-05 0.0884214 0.911259 5.07707e-05
0.00452873 0.00349586 0.983362 0.000421457 0.00791414 0.000277612
0.99862 0.000455713 0.000326602 0.000514806 2.38726e-05 5.87718e-05
0.000839639 0.00511386 0.991639 0.000407876 0.00156335 0.000436051
0.0039117 0.94509 0.0463168 0.00209952 0.00200485 0.000577075
4.68299e-05 4.59419e-05 0.000146166 0.450221 0.000748234 0.548792
0.00019833 0.996874 0.00142013 6.0426e-05 0.00136717 8.01287e-05
0.996948 0.000345735 0.000564082 0.00045193 0.00167032 2.0316e-05
0.000300533 0.00128125 0.00289521 0.0243263 0.0670991 0.904098
0.00110728 0.000620399 0.00172267 0.291443 0.649473 0.055634
0.998378 0.000331466 0.000327858 0.000561281 4.98527e-06 0.000396317
0.0023603 0.948166 0.00466713 0.00126553 0.042756 0.000784615
0.00200775 0.000452275 0.000434884 0.865513 0.130528 0.00106456
0.0014133 0.00886275 0.986294 0.000677357 0.00199739 0.000755299
9.74952e-05 0.000100028 0.000296094 0.00483298 0.000274084 0.994399
0.000517968 0.000432787 0.000835764 0.0564621 0.00656599 0.935185
1.35311e-05 2.2631e-05 2.89067e-05 0.00657549 0.993273 8.60833e-05
0.999503 3.21042e-05 0.000333293 0.000102671 1.19524e-05 1.71614e-05
0.00194183 0.00168016 0.00370011 0.136658 0.583952 0.272068
9.36866e-07 7.39772e-07 1.61697e-06 2.37373e-05 0.999972 1.26785e-06
0.0280017 0.138858 0.79797 0.0248926 0.0016707 0.00860726
0.0733744 0.912947 0.00882571 0.00153917 0.00258808 0.000725224
0.000323236 0.000245814 0.000167855 0.955525 0.0213872 0.0223513
0.000977937 0.000277296 0.000154033 0.548005 0.45029 0.000295705
0.0015389 0.011594 0.983252 0.000680819 0.00154695 0.00138768
0.994143 0.00292753 0.00164503 0.000786226 0.000211953 0.000286196
0.992774 0.00048802 0.00333184 0.00325725 3.37619e-05 0.000114761
0.011243 0.982397 0.00322149 0.00259372 0.00035859 0.000185867
0.00170967 0.994177 0.00187764 0.00158879 0.00045152 0.000195484
0.938425 0.00224833 0.00497623 0.0029738 0.0512994 7.73577e-05
0.999542 2.84242e-05 0.000323379 6.60068e-05 3.04676e-05 9.85199e-06
0.0229247 0.000742489 0.952436 0.000664564 0.0231544 7.79731e-05
0.999466 6.2771e-05 0.000190932 0.000244496 2.17754e-05 1.38696e-05
0.000248954 8.40941e-05 0.000373689 0.925 0.0676879 0.0066056
0.334972 0.253374 0.0328028 0.0129743 0.365364 0.000513636
0.000466345 0.000339337 0.998304 0.000149348 0.000372254 0.000368271
0.967643 0.00429767 0.0137553 0.000467386 0.000243388 0.0135927
0.000111888 0.000105846 0.000333705 0.361472 0.635587 0.00238917
0.00299668 0.0337595 0.955809 0.00319489 0.00323369 0.0010061
0.000435558 0.000409403 0.00118544 0.673077 0.164065 0.160828
0.999631 6.11166e-05 0.000152938 0.000112802 2.7768e-05 1.39156e-05
0.000395482 0.000782726 0.00102074 0.178773 0.0883682 0.730659
0.0052558 0.210163 0.740059 0.0017067 0.0413934 0.00142188
0.203322 0.00310803 0.354398 0.0146601 0.424089 0.000422961
0.00394506 0.991935 0.000649686 0.00333774 9.78265e-05 3.41443e-05
0.0198892 0.964788 0.0110944 0.00121866 0.00105888 0.00195041
0.000932565 0.000457276 0.000252746 0.772154 0.225634 0.000569355
1.82258e-06 2.20494e-06 2.86809e-06 4.31865e-05 0.999949 8.18088e-07
6.76358e-07 1.09667e-06 3.09399e-06 0.000165027 0.999828 2.06663e-06
0.00118088 0.994534 0.00330959 0.000404685 0.000326548 0.000244888
5.41561e-06 1.00499e-05 5.38332e-05 0.000649228 5.44798e-05 0.999227
0.991357 0.000257206 0.000623443 0.000361454 0.00738967 1.17079e-05
0.00166788 0.00177488 0.0046513 0.313399 0.174552 0.503955
0.000261485 0.000127341 0.00130563 0.721971 0.00847666 0.267858
3.86358e-05 8.26714e-05 7.47955e-05 0.00213402 0.996288 0.00138196
0.00023146 8.14697e-05 9.33935e-05 0.939847 0.0595834 0.000162991
0.329346 0.620413 0.0172696 0.0267694 0.00571751 0.000484321
0.000386711 0.000244105 0.000555662 0.0288884 0.968563 0.00136167
0.0442733 0.269627 0.662706 0.00315739 0.00630865 0.0139281
0.000284636 0.997465 0.00182921 0.000133222 0.000160155 0.00012735
0.00535566 0.988131 0.00439811 0.000252621 0.00158869 0.000273906
6.53368e-06 5.91811e-06 7.01223e-06 0.00205425 0.997917 8.80905e-06
0.00878352 0.984626 0.00378326 0.00202229 0.000423191 0.000361713
5.23867e-05 4.26111e-05 0.000426843 0.00221684 4.72961e-05 0.997214
1.19806e-05 3.02597e-06 4.56084e-06 0.999425 0.000406627 0.000148955
0.00198247 0.984896 0.00947495 0.000593506 0.000641064 0.00241201
5.58149e-06 4.1462e-06 4.2675e-06 8.6517e-05 0.999895 4.75533e-06
0.0840558 0.860181 0.0434761 0.00664359 0.0031078 0.00253526
0.000408558 0.000195812 0.000173078 0.928723 0.0689554 0.00154437
6.87312e-05 4.78512e-05 5.23909e-05 0.00889539 0.990868 6.76452e-05
9.45251e-05 7.17839e-05 6.67273e-05 0.989071 0.00864726 0.0020487
0.996825 0.00115245 0.000849465 0.000847556 0.000248218 7.78781e-05
0.000264707 0.000521826 0.000473259 0.0504929 0.929 0.0192472
0.00037137 0.00022014 0.00011368 0.21929 0.779795 0.000209829
0.000367317 0.000313457 0.000313447 0.225942 0.00120777 0.771856
0.000164357 5.09027e-05 0.000219574 0.950305 0.0455898 0.00367063
0.000380596 0.000155872 0.000213281 0.679935 0.317877 0.00143849
0.000192227 8.73602e-05 2.97166e-05 0.997843 0.00170643 0.000141701
0.000127882 0.000309409 0.998816 0.000134196 0.000486134 0.000126633
7.08293e-05 1.75354e-05 3.14228e-06 0.99975 0.00012811 3.04647e-05
0.00176343 0.000170114 6.44656e-05 0.997214 0.000620355 0.000167704
1.49182e-05 0.999662 0.000258645 1.49718e-05 3.31215e-05 1.66633e-05
0.00800087 0.959024 0.0251148 0.00300946 0.00380663 0.00104401
0.000451033 0.00641042 0.990296 0.000405103 0.00202035 0.000417543
0.0285446 0.956089 0.00369128 0.0112441 0.000267279 0.000163584
0.00871845 0.933539 0.049602 0.00609845 0.00135701 0.000685454
6.67616e-07 5.76598e-07 1.21399e-06 9.85549e-06 0.999986 1.74698e-06
0.00405981 0.00113808 0.00296922 0.228501 0.752249 0.0110824
0.000563146 9.17559e-05 7.44838e-05 0.984003 0.0149562 0.000311442
0.998091 0.000665544 0.000650077 0.000443018 3.83414e-05 0.000111893
0.101607 0.141147 0.729776 0.00702503 0.0178243 0.00262143
0.0208098 0.860328 0.110525 0.00223434 0.00405734 0.00204565
0.984335 2.77119e-05 0.014693 0.000693057 1.55287e-05 0.000236185
0.000598865 0.00019151 0.000141485 0.907921 0.0904773 0.000670086
3.85257e-06 1.08813e-05 2.32026e-05 0.000271841 0.999623 6.75678e-05
0.000123569 0.999072 0.000581256 7.16493e-05 0.000111787 3.92049e-05
5.05753e-07 1.21167e-06 1.6741e-06 5.65649e-06 0.99999 1.2049e-06
0.00270323 0.00351131 0.990039 0.000761312 0.00181323 0.00117248
0.000612978 0.000390133 0.000549367 0.541577 0.00576994 0.451101
0.998324 0.000436901 0.000320018 0.000490056 0.000422876 6.04558e-06
0.00292644 0.00115732 0.0011185 0.831062 0.100205 0.063531
1.26304e-05 2.14194e-05 0.000236365 0.000249801 0.000108861 0.999371
0.127304 0.301776 0.0129482 0.556976 0.000169278 0.000826629
0.004723 0.986896 0.00176962 0.00143948 0.00512305 4.86268e-05
0.430623 0.000386629 0.560214 0.000540413 0.00800849 0.000227594
0.0829695 0.88451 0.00210325 0.0300756 0.000268301 7.27046e-05
2.70393e-05 3.33053e-05 0.000188107 0.013729 0.00050228 0.98552
2.29531e-05 1.40334e-05 5.67468e-05 0.00446737 0.995306 0.000133114
2.86256e-05 2.0689e-05 0.00017891 0.000596712 0.000117946 0.999057
0.000163434 9.7615e-05 0.000136915 0.862687 0.136615 0.000299715
6.97297e-05 0.000120562 0.000260257 0.0368514 0.000752201 0.961946
0.00254076 0.000406681 0.000647683 0.78634 0.209044 0.00102015
0.000183537 0.000108283 9.04655e-05 0.551638 0.447844 0.000135463
0.0186109 0.972877 0.00524265 0.00233439 0.000647373 0.000287313
0.000582541 0.000273771 9.88653e-05 0.894239 0.103341 0.00146475
0.000418174 0.000264453 0.000349054 0.159059 0.833193 0.00671626
0.00158468 0.0403317 0.927857 0.000769344 0.028871 0.000586744
0.000802348 0.000382866 0.000283846 0.849505 0.148182 0.000843784
0.000830113 0.000798896 0.99697 0.00022977 0.000887482 0.000283524
0.00102109 0.949801 0.0444201 0.000335344 0.00141576 0.00300693
0.00387498 0.982895 0.000203909 0.0129881 1.71455e-05 2.09281e-05
0.998166 0.000569794 0.000153585 0.00105227 3.40809e-05 2.41269e-05
0.00070044 0.000336489 9.91901e-05 0.985663 0.0116207 0.00158037
0.00633238 0.393475 0.589674 0.00197034 0.00330692 0.00524059
0.00380176 0.0044986 0.988784 0.000514234 0.00147554 0.00092617
4.78856e-06 1.34257e-05 6.88607e-05 0.0013244 0.000159764 0.998429
2.34777e-05 5.38609e-06 4.04747e-06 0.99946 0.00044633 6.06745e-05
0.00060363 0.0529899 0.937107 0.000497542 0.00783078 0.000971307
0.00067714 0.000228781 0.00016176 0.904693 0.0925976 0.00164164
4.9109e-05 4.81474e-05 3.04003e-05 0.0298585 0.969909 0.000105279
0.000442253 0.000143694 0.000147028 0.969834 0.00412717 0.0253055
0.00188764 0.994426 0.00232845 0.000486965 0.000567861 0.000303272
0.00147273 0.000954333 0.00334417 0.247575 0.0151689 0.731485
0.0462036 0.273804 0.583852 0.00322192 0.0907455 0.0021725
0.998289 0.000676756 0.000177544 0.000811536 1.50559e-05 3.0416e-05
0.00125077 0.000140627 5.65669e-05 0.996564 0.000530987 0.00145682
1.76047e-05 5.64758e-05 0.000757049 0.00343638 0.00276628 0.992966
0.036762 0.639724 0.292546 0.00877169 0.0198712 0.00232494
0.250449 0.67512 0.0282912 0.0439081 0.00121845 0.00101258
0.00052154 0.000971406 0.00212898 0.271356 0.0548782 0.670143
0.0167988 0.0969648 0.832971 0.0261981 0.0245517 0.00251564
0.999569 6.45108e-05 8.61243e-05 0.000266019 8.1811e-06 6.07325e-06
0.00141749 0.000279305 0.000203332 0.951508 0.0459485 0.000643585
0.00694762 0.98081 0.00835864 0.00163476 0.00174018 0.000508588
0.0372206 0.9406 0.00865424 0.0121905 0.00109726 0.000237457
0.000787768 0.00190826 0.00476639 0.141413 0.124997 0.726128
4.89532e-08 1.02931e-07 3.00912e-07 5.97949e-07 0.999998 5.0875e-07
0.971137 0.000382459 0.0169215 0.00253968 0.00894829 7.06507e-05
5.75982e-05 0.000232388 0.00069099 0.0107291 0.000394281 0.987896
0.0774418 0.897479 0.0179888 0.00156441 0.00424717 0.00127849
1.15374e-06 1.69544e-06 2.36646e-06 0.000119763 0.999872 3.31002e-06
0.000258778 0.000142881 9.85646e-05 0.980076 0.0183614 0.00106195
0.000471526 0.00029178 0.000834903 0.0376693 0.00159373 0.959139
0.000472922 0.000259514 0.00020048 0.633693 0.36435 0.00102319
1.84432e-05 2.62904e-05 6.22002e-05 0.00362685 0.995965 0.000300937
1.25369e-06 1.50132e-06 3.27518e-06 6.72431e-05 0.999922 4.92931e-06
0.000174047 0.000231375 0.000633133 0.162171 0.00297324 0.833817
0.00604656 0.988539 0.00308879 0.00176352 0.000328901 0.000232856
0.988333 0.000116983 0.0105151 0.000511218 0.000401753 0.000121719
0.000126654 2.45566e-05 2.48694e-05 0.998 0.00153039 0.00029356
0.00670412 0.0669711 0.908011 0.0105721 0.0054889 0.0022528
0.995179 0.000178515 0.00408285 0.000200638 0.000273915 8.51085e-05
0.00212629 0.00145938 0.994259 0.000392148 0.00068897 0.00107459
0.000289863 0.00109449 0.996487 8.55399e-05 0.00176456 0.000278965
6.60411e-05 1.04428e-05 4.36867e-06 0.99965 0.000236509 3.28709e-05
8.95995e-06 5.29817e-06 4.10723e-06 0.000237532 0.999729 1.49265e-05
0.998277 0.000591473 0.000412654 0.000334027 0.000359596 2.53197e-05
0.753479 0.0104285 0.173748 0.00429472 0.000734773 0.0573148
1.57705e-05 5.26208e-06 5.94767e-06 0.998586 0.00132264 6.44762e-05
8.74966e-06 6.85692e-06 1.06857e-05 0.994472 0.000301928 0.00519962
0.00131947 0.000287916 0.000258513 0.976416 0.00113887 0.0205794
0.000249577 0.000518078 0.00113515 0.0454624 0.0332944 0.91934
0.000119863 8.77895e-05 0.000164768 0.0200481 0.979344 0.000235277
0.000597217 0.995874 0.00284615 0.000218072 0.000269501 0.000195123
4.56132e-07 1.44526e-06 7.02114e-06 2.77876e-05 0.99993 3.3585e-05
0.0165066 0.0202 0.949624 0.00138349 0.0109733 0.00131306
0.0398717 0.000384014 0.950026 0.00056102 0.00908721 6.98409e-05
2.77329e-06 2.10729e-06 4.3238e-06 0.000335479 0.999653 2.23147e-06
0.000498483 0.00133162 0.0109116 0.280931 0.190455 0.515872
0.0366371 0.929425 0.00104058 0.0324269 0.000442975 2.70847e-05
2.52836e-06 8.5697e-07 1.87612e-06 2.88442e-05 0.999965 5.22009e-07
0.000208201 0.000331405 0.961825 0.0260218 0.000156294 0.0114573
0.108329 0.855787 0.00216302 0.0333695 0.000280142 7.10977e-05
0.0061892 0.939369 0.0106428 0.000642328 0.0423942 0.000761935
0.00954171 0.947613 0.0152593 0.000848963 0.0255735 0.00116389
8.44557e-05 1.36456e-05 9.48024e-06 0.999079 0.000699697 0.000114065
0.000119137 0.000104718 0.000106469 0.0166053 0.981304 0.00176052
0.000119429 4.82554e-05 2.50814e-05 0.960862 0.0388095 0.000135237
0.000565674 0.997914 0.00104266 0.000249452 0.000197857 3.0739e-05
0.99944 4.47506e-05 0.000229836 4.50657e-05 0.000230342 9.5945e-06
0.0305967 0.955275 0.00489978 0.00852241 0.00050109 0.000205366
0.00963609 0.973068 0.0139582 0.00108578 0.00108258 0.00116953
0.00075784 0.000593932 0.00163293 0.0963376 0.00569003 0.894988
0.997132 0.000887405 0.0014363 0.000267601 0.000160925 0.000115416
1.57967e-06 3.69598e-06 4.08656e-06 5.80086e-05 0.99991 2.29387e-05
0.000158535 0.000128809 0.000534228 0.0926726 0.00574781 0.900758
7.58076e-08 1.94888e-07 4.10084e-07 9.90139e-07 0.999998 6.20875e-07
0.000140936 0.000426353 0.99861 6.83141e-05 0.000570283 0.00018419
0.000122608 3.841e-05 1.3092e-05 0.998276 0.00140148 0.000148284
0.998879 6.26172e-05 0.000373424 0.000185366 2.4689e-06 0.00049731
0.422032 0.204736 0.000982631 0.372073 0.000154613 2.15076e-05
1.03578e-05 4.27012e-06 6.76423e-06 7.41739e-05 0.999898 6.24585e-06
0.00023797 0.000758216 0.997927 9.14278e-05 0.00069781 0.000287363
0.000200128 0.997837 0.000746096 0.000837445 5.75704e-05 0.00032172
1.97449e-06 6.2388e-06 5.06523e-06 0.000202056 0.999775 1.00418e-05
0.99972 2.66483e-05 0.0001596 6.00167e-05 8.6215e-06 2.49659e-05
0.00031813 1.64214e-05 0.999361 1.77716e-05 5.3924e-05 0.000233292
0.993398 0.000378328 0.00535173 0.000297138 0.000451979 0.000122522
2.95315e-07 7.8568e-07 2.73783e-06 9.95524e-05 0.999884 1.24244e-05
0.00128811 0.000789591 0.00117801 0.734564 0.140808 0.121373
0.000456292 8.83768e-05 0.000126528 0.0898033 0.909385 0.000140379
0.998835 0.000232998 0.000148696 0.000748804 2.53023e-05 9.58277e-06
0.000165693 0.000117141 0.000468373 0.929329 0.0430857 0.0268344
0.996668 0.00104304 0.0017388 0.000179262 0.000121141 0.000249332
0.000374371 0.000320955 0.994009 0.00439478 0.000131012 0.000770143
0.00942958 0.00036661 0.987905 0.000588133 0.00144001 0.000270852
0.999675 2.18342e-05 0.000204406 5.05583e-05 1.02154e-05 3.79684e-05
0.00106877 0.997302 0.0010554 0.000330185 0.000137474 0.00010627
0.000402102 0.000293225 0.00015032 0.954293 0.0419305 0.00293118
0.000263801 4.04079e-05 2.38483e-05 0.996255 0.00325836 0.000158712
9.94645e-06 1.59594e-05 1.3572e-05 0.000343988 0.999596 2.01249e-05
0.00425465 0.98974 0.00171138 0.00389553 0.00022491 0.000173287
0.0200121 0.957642 0.0108363 0.00235253 0.00775883 0.00139784
2.19779e-05 1.77462e-05 2.39019e-05 0.0286142 0.97126 6.2139e-05
2.03846e-06 7.4433e-06 9.56744e-06 0.000128854 0.999793 5.87397e-05
0.000146453 0.000216938 0.000265333 0.00927964 0.989813 0.000278298
3.21013e-06 2.17357e-06 8.19892e-06 0.000178827 0.999804 4.05978e-06
0.112187 0.0294109 0.844379 0.00239884 0.00657275 0.00505155
1.41181e-05 6.61466e-05 0.000692639 0.00551857 0.000809105 0.992899
0.000315661 0.00011662 0.000117435 0.136761 0.862602 8.70567e-05
2.2469e-05 6.2299e-05 0.000540488 0.00423861 0.000710509 0.994426
0.126327 0.836715 0.0269915 0.00183723 0.00664611 0.00148319
0.00296828 0.00157127 0.991718 0.000548184 0.00247715 0.000717134
1.57357e-05 0.983056 0.00317701 2.29864e-05 0.013638 9.04517e-05
0.996852 0.000307872 0.00191571 0.000227469 4.34342e-05 0.000653866
0.0017411 0.995208 0.00151865 0.00105046 0.000392488 8.92039e-05
0.0389216 0.90233 0.00900776 0.00672991 0.0427346 0.000276194
0.00140175 0.00179876 0.00704375 0.0625754 0.462715 0.464465
5.4385e-05 2.80136e-05 2.19959e-05 0.994806 0.00486479 0.000224698
0.99618 4.28747e-05 0.00334939 0.00032439 1.34456e-05 8.97217e-05
4.13208e-05 0.00013443 0.000887639 0.0344122 0.0166242 0.9479
0.000551507 0.997818 0.00113906 0.000236631 0.000169631 8.56411e-05
6.85971e-06 4.19154e-05 0.000136671 0.00225258 0.000190626 0.997371
0.00279702 0.993379 0.00191493 0.00165207 0.000143538 0.00011298
0.998483 0.000240245 0.00092809 0.00010678 0.000180194 6.18848e-05
0.998177 0.000236382 0.00101195 0.000136285 0.000387349 5.07796e-05
2.04334e-05 6.98537e-06 5.72483e-06 0.99965 0.000170958 0.000146075
0.0350232 0.948952 0.00898688 0.00127324 0.00516429 0.000600188
0.0151149 0.956984 0.0177356 0.000561573 0.00883888 0.000764924
1.96867e-05 3.0772e-05 0.000110168 0.0373207 5.39713e-05 0.962465
0.00134927 0.000198361 0.000162811 0.159181 0.8389 0.000208215
0.996676 0.0008254 0.00193375 0.000179943 0.000168899 0.000215822
0.0108941 0.971465 0.013975 0.000530661 0.00250701 0.000627795
4.96099e-05 2.75324e-05 1.49393e-05 0.0685292 0.931357 2.16368e-05
0.00161407 0.00192374 0.000967551 0.821188 0.117702 0.0566052
0.999143 0.000318247 0.000137041 0.000264647 0.000132437 5.01915e-06
0.000480337 7.64907e-05 7.14121e-05 0.98405 0.0149958 0.000326214
0.00106184 0.000646339 0.00137832 0.710742 0.262607 0.0235635
2.13559e-06 3.70405e-06 6.86199e-06 0.000186372 0.99978 2.10653e-05
0.998944 4.97483e-05 0.000761785 0.00018785 2.06371e-05 3.55678e-05
0.00195598 0.00116176 0.00285365 0.163515 0.0921318 0.738382
0.000188002 0.000172017 0.000201432 0.157578 0.824217 0.0176433
9.81867e-06 2.21583e-05 2.41176e-05 0.00140586 0.998456 8.16414e-05
0.026717 0.960605 0.0043005 0.00780428 0.000388686 0.000185046
0.00265432 0.000301969 0.000187108 0.985882 0.0106145 0.000360604
0.000928273 0.000765499 0.00254822 0.389345 0.0237136 0.582699
5.85601e-05 8.34687e-05 6.75233e-05 0.00932756 0.989991 0.000472325
9.37592e-05 0.997975 0.000829514 8.66642e-05 0.00092299 9.21447e-05
0.0184885 0.00222965 0.00154962 0.723001 0.253746 0.000985756
0.0133455 0.966317 0.00824709 0.0111388 0.000656235 0.000295511
0.615471 0.285882 0.000464175 0.0979717 0.000188157 2.30267e-05
0.998951 0.000381066 0.000263631 0.000227255 0.000166714 1.05205e-05
3.46185e-05 6.92143e-05 0.00016578 0.00639431 0.992415 0.000921325
0.977049 0.000717841 0.0191468 0.00137162 0.00145605 0.000258637
0.999686 2.79448e-05 6.28627e-05 0.000195806 2.22143e-05 5.64283e-06
0.000751026 0.000199278 0.000115394 0.977365 0.020845 0.000723774
4.49331e-06 6.49002e-06 4.99482e-06 0.000464097 0.999501 1.84997e-05
0.997133 6.41574e-05 0.00185073 6.69394e-05 0.00086757 1.77333e-05
0.92631 0.00179813 0.00873134 0.00258066 0.0598802 0.000699357
0.000586562 0.000213784 0.000184856 0.864606 0.133429 0.000980124
0.0016694 0.000360811 0.000756075 0.252693 0.741499 0.00302185
0.00101209 0.000488367 0.000526233 0.892241 0.016418 0.0893145
0.00519566 0.988989 0.000626721 0.00507342 7.50599e-05 3.98687e-05
0.000757697 0.000964015 0.00109313 0.574411 0.385724 0.0370504
0.982003 0.00175714 0.0089131 0.000502983 0.00669359 0.000130171
1.22451e-06 6.87458e-07 1.5128e-06 1.71028e-05 0.999979 5.68561e-07
0.00481063 0.989548 0.00170419 0.00355782 0.000197946 0.000181503
0.0002952 0.000170882 0.000297664 0.102878 0.000936089 0.895422
0.00455708 0.000148244 0.994019 7.95034e-05 0.000215756 0.00098048
0.0104454 0.982159 0.00287576 0.0040395 0.000331442 0.000148445
0.965748 0.00059279 0.00293813 0.00057756 0.0301078 3.61655e-05
4.53833e-06 2.03481e-05 0.000125597 0.000750909 0.000372873 0.998726
0.998774 0.00012288 0.000924104 7.35784e-05 8.17331e-05 2.37132e-05
4.77032e-05 8.52195e-06 4.86867e-06 0.999705 0.000201697 3.1781e-05
0.000302002 0.000181136 0.000180217 0.772429 0.226543 0.000364288
0.0308236 0.917104 0.000881294 0.0509156 0.000249399 2.61778e-05
0.994132 0.000379848 0.00361174 0.00016813 6.64591e-05 0.00164228
0.998847 0.000325412 0.000503254 0.000142485 0.000129438 5.22541e-05
0.0058813 0.0688298 0.842042 0.000955756 0.0811815 0.00110974
0.00157078 0.923912 0.0663 0.000446349 0.00542549 0.00234583
0.0342596 0.465385 0.00913842 0.489743 0.000131962 0.0013418
0.999429 3.52626e-05 0.000306436 3.57138e-05 0.000181246 1.24249e-05
5.45665e-05 1.49184e-05 3.21059e-06 0.999685 9.09271e-05 0.000151201
1.05726e-07 3.22936e-07 4.04007e-07 1.27389e-06 0.999997 3.70905e-07
6.38958e-05 0.000133904 0.00139241 0.0604569 0.0181404 0.919813
0.000592563 0.000340316 0.00024629 0.521462 0.475653 0.00170561
0.000469159 0.000326814 0.000266273 0.640699 0.356962 0.0012762
9.67113e-06 2.18865e-06 2.76554e-06 0.999156 7.13019e-07 0.000828912
0.00241295 0.000935339 0.000571864 0.477223 0.506747 0.0121099
0.000404936 0.997672 0.00150258 0.000143258 0.000139022 0.000137817
0.00317612 0.990662 0.0042995 0.000173371 0.0014235 0.000265742
3.06701e-05 8.05782e-05 0.000150034 0.0376968 0.000193329 0.961848
0.999505 3.33126e-05 0.000325117 5.80812e-05 6.74309e-05 1.11503e-05
0.000762334 0.000338915 0.000111435 0.481801 0.516617 0.00036953
0.0274939 0.95878 0.00964974 0.00120191 0.00227563 0.000598894
0.0514676 0.850164 0.000237346 0.0980917 1.47351e-05 2.42941e-05
0.00244106 0.941075 0.0518446 0.00177332 0.00240255 0.000463856
9.30115e-05 2.29854e-05 1.505e-05 0.998012 0.00172204 0.00013494
5.66732e-05 3.71953e-05 0.000192729 0.0127226 8.25125e-05 0.986908
0.000164745 0.000496233 0.998424 0.000152299 0.000624159 0.00013819
9.14339e-05 0.000168077 0.00267811 0.0758345 0.0194144 0.901813
0.000439067 6.86497e-05 8.08276e-05 0.997086 0.00159441 0.000730644
1.1753e-05 2.04462e-05 1.35589e-05 0.000306101 0.999632 1.56258e-05
0.00130844 0.0676019 0.914575 0.000788954 0.0150866 0.000638934
0.000156503 0.000152633 0.000783734 0.53283 0.00133026 0.464747
0.0132753 0.127204 0.844861 0.00402609 0.00411066 0.0065232
7.92913e-05 2.17577e-05 8.06075e-05 0.986628 0.0121388 0.00105149
0.00028564 1.08806e-05 5.60872e-06 0.999516 0.000179869 2.03106e-06
0.000163485 0.000435185 0.000576149 0.0776566 0.00477507 0.916393
0.00225511 0.00257576 0.98279 0.0100064 0.000645898 0.00172673
0.989083 0.000327801 0.00018258 0.00960929 1.59574e-06 0.000795587
0.00265134 0.993732 0.00215701 0.00107608 0.00022427 0.000159537
0.00044068 0.996283 0.00255672 0.000152887 0.00031347 0.00025364
2.34358e-06 4.77404e-06 3.23078e-05 0.000484895 1.83383e-05 0.999457
0.00465536 0.00128948 0.990233 0.00258297 0.000533667 0.000705315
0.0943369 0.720536 0.102787 0.0601504 0.0019107 0.0202785
0.000184012 5.36924e-05 8.71714e-05 0.00177104 0.997799 0.000105059
0.997826 0.000273948 0.00105374 0.000228445 2.77835e-05 0.000589521
0.000557871 0.909844 0.0854034 0.000473715 0.00272601 0.000995482
7.77581e-05 0.000250699 0.998432 0.000705761 0.000103031 0.000430854
2.58004e-05 1.16486e-05 4.16061e-05 0.00384407 0.996015 6.21747e-05
0.998843 3.08202e-05 0.00091611 0.000173312 2.30931e-05 1.3702e-05
0.876249 0.00267485 0.115251 0.00164856 0.00294669 0.00123042
0.000168856 0.000124662 0.000319399 0.591014 0.00188034 0.406493
0.0378639 0.000478814 0.00234419 0.855744 3.93976e-05 0.103529
1.5942e-05 4.4369e-05 2.46809e-05 0.00631986 0.99343 0.000165501
0.000902507 0.00015482 0.000264283 0.0446869 0.953169 0.000822832
0.000360717 0.00055745 0.000859443 0.165587 0.00187671 0.830759
0.994996 0.000599934 0.0036333 0.000335091 0.000355596 7.95772e-05
0.999504 7.41842e-05 0.000243914 0.000130371 2.32878e-05 2.42255e-05
0.997008 0.000801992 0.000257166 0.00180681 0.000113332 1.26326e-05
0.000140773 0.502299 0.0164139 5.96462e-05 0.480889 0.000197848
0.999281 8.6633e-05 0.000433468 0.000114084 6.94374e-05 1.48509e-05
0.0176422 0.974985 0.00375917 0.00245968 0.000888208 0.00026574
0.000404179 0.000523514 0.000657464 0.0286575 0.958568 0.011189
0.878903 0.00196017 0.0226046 0.00290103 0.0933494 0.000281431
9.6635e-06 6.89194e-06 5.2946e-06 0.000336849 0.999631 1.02975e-05
0.0124772 0.234997 0.669248 0.00166699 0.0797604 0.00185022
0.000285838 6.87075e-05 0.000305915 0.875867 0.122247 0.00122562
0.0365075 0.0660876 0.00394733 0.892945 2.51199e-05 0.000486966
0.0260739 0.92732 0.0222092 0.00236914 0.0197427 0.0022856
0.00215994 0.000503293 0.000713791 0.219031 0.775817 0.00177549
0.000629823 0.99809 0.000887266 0.000179546 0.00012892 8.40649e-05
0.000286411 0.000245844 0.000139785 0.846633 0.150204 0.00249034
0.00022319 4.13143e-05 0.998808 8.97917e-06 0.000703037 0.000215744
0.000252801 2.68499e-05 4.55109e-05 0.991861 5.30404e-06 0.00780816
0.000135278 9.85891e-05 0.000251866 0.0585552 0.936877 0.00408179
0.000225804 9.32457e-05 9.54415e-05 0.948748 0.0499085 0.000929383
0.00028774 0.00147202 0.996626 0.000457065 0.000926049 0.000230787
0.999378 6.12728e-05 0.000135849 0.000354275 2.20046e-06 6.83335e-05
0.000359098 0.0118158 0.983368 0.000345161 0.00363626 0.000475323
3.44598e-05 2.21709e-05 7.22507e-05 0.0450069 0.954584 0.000280033
0.00493567 0.912418 0.0672374 0.00141757 0.0122759 0.00171536
0.00010428 6.13646e-05 3.94713e-05 0.995474 0.00332371 0.000997508
2.36039e-05 7.57435e-06 1.2119e-05 0.0242107 0.97573 1.62726e-05
0.000224118 0.994163 0.00483737 0.000119482 0.000318741 0.000337659
2.48641e-05 2.63052e-05 3.2355e-05 0.00272801 0.997051 0.000137465
0.000142171 9.12958e-05 7.65305e-05 0.817193 0.182209 0.000287933
0.000170114 0.000327396 0.9986 5.66463e-05 0.000623069 0.000222466
0.0179989 0.0458241 0.907613 0.0017787 0.0253786 0.00140668
0.000451507 0.000218977 0.000184098 0.95542 0.0405509 0.00317468
0.000241356 0.00158931 0.994799 0.00158581 0.000624463 0.00115989
9.90223e-05 2.34318e-05 1.22326e-05 0.997111 0.00242989 0.000324385
0.000116784 1.03392e-05 0.00013875 0.996938 0.00267012 0.000125679
0.989932 0.00363644 0.00385991 0.000703724 0.00170454 0.000163009
0.000736861 0.000299948 7.83439e-05 0.9142 0.0842971 0.000387646
0.00259464 0.00872367 0.984633 0.000704634 0.0024862 0.000857938
0.000476719 0.000149982 0.000289617 0.340096 0.00137435 0.657613
0.000128885 4.41575e-05 0.000184644 0.986318 0.00886021 0.00446436
0.000144852 7.63518e-05 0.000302579 0.173443 0.82413 0.00190342
0.000184879 0.000129081 0.0001866 0.0115612 0.986898 0.00104017
0.997004 0.000332467 0.0001365 0.00242726 3.70873e-06 9.62441e-05
0.0121582 0.961053 0.0190862 0.00143655 0.00424584 0.00202021
0.000677653 0.00552873 0.99056 0.000462773 0.00223066 0.000540314
0.000171887 5.52569e-05 2.62362e-05 0.996662 0.00273544 0.000349005
6.52581e-07 5.49128e-07 8.56717e-07 8.27376e-06 0.999988 1.23662e-06
0.893857 0.00155342 0.101616 0.000664918 0.00197966 0.000328889
0.0147006 0.96115 0.0196314 0.00173955 0.00162242 0.00115578
0.997489 0.000553873 0.00157578 0.000141 9.72288e-05 0.000142652
0.000342712 0.00121175 0.00446757 0.0248388 0.0175214 0.951618
0.170564 0.510339 0.271764 0.00277633 0.0256971 0.0188603
0.000459807 0.000536354 0.00134978 0.0332885 0.00165363 0.962712
0.000188518 0.000159079 0.000103105 0.992462 0.00493457 0.00215237
8.36759e-05 8.26128e-05 0.000403137 0.0174408 0.00387527 0.978114
0.000591692 0.998003 0.000876255 0.000247921 0.000244131 3.69999e-05
0.000124302 7.26832e-05 0.000109607 0.960119 0.0044885 0.0350857
0.000361818 5.15201e-05 1.61147e-05 0.99824 0.00129777 3.26388e-05
0.000173295 2.93531e-05 1.86711e-05 0.993375 0.0063282 7.52463e-05
0.00324647 0.993544 0.00188053 0.000973549 0.000264473 9.09851e-05
1.13433e-05 2.53601e-05 1.82163e-05 0.000780442 0.999132 3.25326e-05
0.997664 0.00105387 0.000729881 0.000384534 4.30895e-05 0.000125045
6.16883e-05 3.49795e-05 3.91551e-05 0.0296667 0.970084 0.00011309
3.73016e-05 7.59414e-05 4.33384e-05 0.0104427 0.989137 0.000263917
0.000381729 0.00019704 0.998642 0.000129948 0.000496766 0.000152665
6.79139e-05 0.000129314 0.00027669 0.00292954 0.987165 0.00943176
0.000178678 8.43785e-05 0.000111851 0.364519 0.632985 0.00212082
0.000213241 4.88159e-05 5.34987e-05 0.996308 0.00157249 0.00180418
0.000866114 0.000327813 0.000231777 0.943395 0.052103 0.00307638
0.00197313 0.117859 0.864689 0.0013506 0.0133063 0.000821225
0.91626 0.00513049 0.0737683 0.00108854 0.00342412 0.000328441
0.0646078 0.867525 0.0553465 0.00610495 0.00225898 0.00415679
0.763099 0.182941 0.00176667 0.0477573 0.00439248 4.37639e-05
0.998787 9.72516e-05 0.000822103 0.000222589 1.66702e-05 5.44932e-05
0.000101565 8.27571e-05 9.394e-05 0.0170724 0.982223 0.000426484
0.830539 0.000341584 0.0449177 0.00189362 0.122239 6.86966e-05
0.00218873 0.0362893 0.949692 0.000614218 0.00900768 0.00220829
0.0490095 0.00821607 0.926314 0.00177502 0.0124768 0.0022088
0.998814 0.000116864 0.000482334 0.00032913 0.000254703 3.51141e-06
1.09801e-05 2.31199e-05 6.58332e-05 0.0168414 4.90626e-05 0.98301
0.000434657 0.000115892 9.32266e-05 0.794792 0.204474 8.92641e-05
0.0115488 0.0307133 0.94894 0.00126982 0.00340496 0.00412335
1.62222e-06 3.96668e-06 4.58682e-06 0.00023848 0.999724 2.70997e-05
0.0786387 0.904748 0.00516639 0.00421074 0.00695388 0.000282379
0.997926 0.000217503 0.00154425 0.000153917 0.000128784 2.89752e-05
9.03902e-05 0.000248207 0.976459 0.0149458 8.53503e-05 0.00817101
0.0277711 0.933231 0.0299592 0.00314914 0.00269044 0.00319886
0.999624 2.34147e-05 6.64638e-05 0.000200622 8.27129e-05 2.4897e-06
6.24614e-05 7.05597e-05 0.000577291 0.695339 0.0693541 0.234597
7.04355e-05 3.20563e-05 0.000118976 0.0680248 0.930968 0.000785512
0.000346734 1.83639e-05 1.39751e-05 0.998906 0.000699561 1.53325e-05
0.000385431 0.00112279 0.996865 0.000874258 0.000482492 0.000270395
0.000113799 7.18256e-05 6.85965e-05 0.995232 0.00316181 0.00135214
0.000224563 8.83451e-05 0.000545855 0.0151105 0.00104585 0.982985
1.48334e-07 2.70553e-07 3.36191e-07 9.15188e-06 0.99999 1.69358e-07
0.995669 0.00227014 0.000538784 0.00136165 5.00832e-05 0.000110628
0.999557 2.62556e-05 0.000247222 5.97313e-05 0.000103729 5.62947e-06
0.00277342 0.000221755 0.0002194 0.942573 0.0539285 0.000283385
0.0025254 0.990464 0.00508969 0.0013045 0.000403121 0.000213424
0.000366786 0.00052658 0.00172936 0.110802 0.0116509 0.874924
0.00500756 0.711232 0.262575 0.00108727 0.015552 0.00454591
1.09463e-05 1.74176e-05 1.67707e-05 0.00233914 0.997575 4.04104e-05
0.0326496 0.87671 0.0628871 0.0171016 0.00799451 0.0026572
0.00147195 0.996692 0.00118151 0.000349574 0.000182764 0.000122433
0.079564 0.0309216 0.788636 0.0945996 0.00179539 0.00448351
0.00654126 0.945051 0.0425408 0.00395887 0.00136473 0.000542748
0.00280355 0.927677 0.0630812 0.00047178 0.00369396 0.0022728
0.000124198 7.57434e-05 5.82854e-05 0.011582 0.988039 0.000120455
0.000653299 0.000465825 0.000289729 0.412606 0.585848 0.000137368
0.000114945 3.22541e-05 8.49537e-05 0.976518 0.0215307 0.00171947
0.00615694 0.11262 0.844077 0.0152872 0.0206831 0.00117523
0.000415737 0.000167398 0.998717 0.00013691 0.000433764 0.000129706
0.950671 0.000656672 0.0468624 0.000395641 0.00126278 0.000151351
0.000171167 0.0002216 0.999182 4.76678e-05 0.000222493 0.000155441
5.9469e-05 1.88761e-05 1.27502e-05 0.99854 0.00111807 0.000250822
0.000445751 0.000305145 0.000191907 0.12781 0.866966 0.00428024
0.00237164 0.000935885 0.994993 0.000175141 0.000661692 0.000862858
1.30145e-05 1.45612e-05 1.03809e-05 0.000920046 0.99903 1.232e-05
2.40949e-06 2.95829e-06 6.08595e-06 6.5294e-05 0.999918 5.04482e-06
0.00012309 0.98449 0.014146 0.000122488 0.000702758 0.000415078
1.44132e-05 2.56963e-05 4.5467e-05 0.00209143 0.997773 4.99743e-05
2.78718e-05 3.54702e-05 4.93858e-05 0.0169121 0.982818 0.000157728
6.64095e-05 0.994521 0.00441104 7.48224e-05 0.000751787 0.000175134
0.0430065 0.910222 0.0386706 0.00361639 0.00183062 0.0026541
8.86585e-05 6.29599e-05 0.000102447 0.244668 0.754607 0.000470499
0.000532962 0.00395311 0.986107 0.000306781 0.00848205 0.000618002
8.48234e-05 3.72879e-05 2.23171e-05 0.997777 0.0013718 0.000706953
0.21561 0.372783 0.384856 0.0146595 0.00829949 0.00379179
0.00111734 0.388076 0.0320101 0.000349581 0.57801 0.000437169
9.91164e-05 0.000105456 0.000154741 0.0190152 0.979744 0.000881004
0.999652 1.47808e-05 0.000117484 0.000121598 8.60378e-05 8.19262e-06
6.22984e-05 9.91589e-05 0.000191249 0.0134494 0.00347125 0.982727
1.096e-05 2.12658e-05 0.000162131 0.000777432 7.34044e-05 0.998955
0.0249187 0.536992 0.0642368 0.237258 0.00099767 0.135597
1.89972e-06 3.57888e-06 8.17084e-06 0.000122987 0.999766 9.76862e-05
0.000362416 0.000243538 0.000421365 0.16848 0.00317623 0.827317
0.0214586 0.965708 0.00721735 0.00374961 0.00113977 0.000726815
2.71175e-07 8.73128e-07 1.83893e-06 3.31796e-05 0.999954 1.02523e-05
0.000892301 0.000293954 0.997538 0.000256718 0.000647228 0.00037189
0.00031743 0.000127379 0.000122685 0.919828 0.0793618 0.000242453
0.000804847 0.00036682 0.000182104 0.478852 0.518981 0.000813428
1.78065e-05 1.60335e-06 0.999945 3.19544e-06 1.58747e-05 1.61346e-05
6.52018e-07 1.36981e-06 1.35331e-06 2.33095e-05 0.999969 4.41285e-06
0.00143192 0.00127193 0.000628536 0.855423 0.0639893 0.0772554
4.51739e-05 9.79872e-05 0.000689485 0.00555072 0.00385496 0.989762
0.977599 0.00428472 0.00344812 0.0130281 7.18582e-05 0.00156852
0.0195832 0.950216 0.0225465 0.00176228 0.00425882 0.00163315
0.0786397 0.266226 0.609527 0.0373688 0.00292529 0.00531369
0.000610433 0.996265 0.00216542 0.000297696 0.000609807 5.16807e-05
0.000651289 0.990846 0.00714597 0.000217798 0.00042148 0.000717179
0.0028008 0.19012 0.782922 0.000954946 0.0206851 0.00251764
0.00678871 0.00012637 0.992261 0.000290545 0.000232351 0.000301445
0.000127984 1.79702e-05 7.51612e-06 0.998454 0.00137462 1.77472e-05
0.000356921 0.000192022 0.000108392 0.971843 0.0251248 0.00237442
0.00798568 0.164669 0.764762 0.00187449 0.0591133 0.00159548
1.78723e-06 7.13397e-06 4.83824e-05 0.000538399 3.04462e-05 0.999374
0.968261 9.23089e-05 0.0305574 0.000722419 5.22084e-05 0.000314599
0.000642288 0.000402631 0.000383547 0.842186 0.148227 0.0081587
1.73742e-05 5.02805e-05 4.867e-05 0.00803249 0.991573 0.000278598
5.69134e-06 1.8499e-05 0.000180988 0.000781599 5.57362e-05 0.998958
2.85492e-05 9.55491e-05 0.999556 6.36665e-05 0.000213674 4.27802e-05
0.0010189 0.000256535 0.000144485 0.506419 0.491753 0.000408452
2.84468e-05 5.37648e-06 2.64248e-06 0.999714 0.000246194 3.44862e-06
0.174566 0.120275 0.678274 0.00348713 0.00582194 0.0175762
0.000136756 9.19862e-05 0.000155007 0.146827 0.852618 0.000171367
0.022615 0.0261085 0.920533 0.00142937 0.0285882 0.000725694
0.000363049 0.000132279 0.000149626 0.867606 0.131086 0.000663858
0.996369 0.00085708 0.00122679 0.00131028 3.80032e-05 0.000198325
0.000265641 0.000114198 0.999123 0.000106066 0.000198382 0.000192969
0.0133591 0.974441 0.00228521 0.00181193 0.00800955 9.28909e-05
0.00500995 0.986303 0.00626595 0.000309806 0.00180419 0.000307513
0.00771577 0.634657 0.286708 0.00243601 0.0639574 0.00452569
9.00078e-05 0.00139723 0.994218 5.74898e-05 0.00407149 0.000165775
1.30501e-07 1.0582e-07 2.48404e-07 2.56696e-06 0.999997 2.14348e-07
1.27441e-05 1.71786e-05 9.71271e-06 0.00211943 0.997799 4.19209e-05
0.000934538 0.000240532 0.000210922 0.938443 0.0570112 0.00316002
1.68019e-06 1.70119e-06 1.7186e-06 0.000228848 0.999762 4.4275e-06
4.91543e-05 0.99755 0.000783006 5.11506e-05 0.001471 9.60129e-05
2.82965e-06 7.38943e-06 4.97912e-05 0.000513766 2.60626e-05 0.9994
0.00113244 0.00155725 0.000665825 0.808023 0.178284 0.0103375
1.35837e-05 2.22868e-05 4.95229e-05 0.0132237 0.986226 0.00046435
0.995724 0.00180762 0.000644542 0.00162531 0.000168716 2.98666e-05
0.0672897 0.86643 0.0532975 0.00677896 0.0025983 0.00360519
0.999251 0.000239314 0.000201293 0.000253454 1.57965e-05 3.90127e-05
1.7051e-07 3.3701e-07 8.19403e-07 1.88827e-05 0.999978 2.02681e-06
0.000138277 0.000392344 0.00169916 0.114131 0.0305246 0.853115
0.00023404 0.979538 0.0188113 0.000201923 0.000584562 0.000629967
8.50754e-05 0.000181631 0.999097 3.19972e-05 0.000501699 0.000102233
0.000472294 0.998504 0.000708484 0.000125739 0.000118949 7.09877e-05
0.01731 0.544263 0.391974 0.00105734 0.0309637 0.0144325
3.11421e-05 1.07122e-05 6.47076e-06 0.998181 0.00171251 5.80051e-05
0.00139177 0.00109965 0.00100231 0.34647 0.614156 0.0358802
0.000225653 8.1077e-05 4.43335e-05 0.994173 0.00424658 0.00122975
0.000442777 0.000127108 0.000265473 0.277499 0.721306 0.000359583
0.000396743 0.000199048 6.66339e-05 0.222396 0.776846 9.52382e-05
0.000291618 0.000116966 0.000172112 0.981841 0.0159574 0.0016207
0.000100973 9.53182e-05 0.000225631 0.0212204 0.000663662 0.977694
0.998852 0.000303952 0.000184924 0.000346971 0.000301358 1.12311e-05
0.444443 0.153377 0.174948 0.00564473 0.220545 0.00104257
4.52075e-06 8.92564e-06 1.01782e-05 0.000295192 0.999634 4.72105e-05
2.61267e-05 9.46486e-06 7.26613e-06 0.99806 0.00180322 9.42221e-05
0.998868 0.000297879 0.000167342 0.000602764 4.78168e-05 1.61463e-05
0.000113047 3.49348e-05 4.47179e-05 0.993964 0.00328433 0.00255873
0.998379 9.4193e-05 0.000724763 5.92322e-05 0.000721066 2.20545e-05
0.000320423 8.92295e-05 0.000373397 0.963593 0.0273471 0.00827675
0.000242977 0.000207963 0.000534576 0.0378292 0.000738277 0.960447
0.997404 0.000981227 0.000832494 0.000505074 8.5707e-05 0.000191306
0.00249785 0.327362 0.641525 0.000916372 0.0245698 0.00312895
6.65255e-05 5.20318e-05 4.4643e-05 0.0329283 0.966654 0.000254407
8.32045e-07 2.28916e-06 2.92982e-06 1.74537e-05 0.999975 1.74433e-06
0.0838291 0.800599 0.0964364 0.0112297 0.00480441 0.00310106
0.000459875 0.000225564 0.000131191 0.949414 0.0473232 0.00244629
0.99701 0.000149802 0.00229285 0.000130938 0.000370831 4.58813e-05
8.12989e-05 6.7314e-05 5.885e-05 0.0291566 0.970461 0.000174885
0.00609097 0.975098 0.00585357 0.01231 0.000260705 0.000386634
0.0980098 0.875022 0.0135497 0.00908671 0.00292726 0.00140485
6.26283e-05 0.000108626 0.000122272 0.013249 0.984984 0.0014733
0.00468051 0.0255838 0.95921 0.000667074 0.00833065 0.00152771
2.42923e-06 4.74037e-06 6.6065e-06 0.000595152 0.999376 1.46481e-05
0.991846 0.000576636 0.00628782 0.000493873 0.000644829 0.000150555
0.985969 0.000235735 0.00809846 0.00239049 0.00320268 0.000103354
0.996962 9.82927e-05 0.00259537 8.48596e-05 0.000243356 1.65415e-05
0.00113844 0.0111811 0.973705 0.00742526 0.00152047 0.00502998
0.00695736 0.000836013 0.000833557 0.525357 0.464993 0.00102334
0.000729864 0.995076 0.00342332 0.0003896 0.000237682 0.000143089
0.997547 0.000954224 0.00087332 0.000388681 4.05831e-05 0.000196176
0.996857 0.000454449 0.000341937 0.000502289 0.00183492 9.45648e-06
0.00642959 0.980968 0.00708642 0.00064771 0.00417991 0.000688658
0.00103734 0.00050829 0.000672754 0.363456 0.624442 0.00988274
0.00631586 0.00127871 0.00113882 0.442799 0.539494 0.0089734
0.000360302 0.998663 0.000660166 0.000157633 0.000104725 5.40531e-05
0.000243182 4.56388e-05 1.62993e-05 0.998043 0.00157698 7.49248e-05
0.000387757 0.000452812 0.00063808 0.343724 0.651289 0.00350807
2.89049e-05 3.86628e-05 4.84952e-05 0.00833306 0.990966 0.00058488
0.00214441 0.000975107 0.99232 0.000618691 0.00346193 0.000480306
