score: 0.8259377011719157
Duration: 80.64801955223083
timestamps: [12.815506935119629, 15.211124181747437, 23.797122955322266, 32.914286613464355, 41.640570878982544, 53.54357028007507, 66.97715020179749, 80.64801955223083]
nauc_scores: [0.7285523920781225, 0.8785047120756442, 0.9244156959560299, 0.9090401987133561, 0.9398100238503577, 0.9547557526695221, 0.9446934350098468, 0.9329446708445319]
accuracy: [0.28245266267745867, 0.4945906329501139, 0.6332616636311099, 0.6681381141020738, 0.7514322415475077, 0.8048031495143702, 0.7840163590181425, 0.7830914397410944]
