score: 0.23847282327547825
Duration: 276.9988102912903
