score: 0.45410272821883524
Duration: 298.73365211486816
