score: 0.5439737736528678
Duration: 296.96811985969543
timestamps: [58.49863886833191, 74.19193434715271, 90.61731839179993, 108.22600865364075, 126.85639953613281, 148.51428771018982, 170.11313724517822, 192.82974219322205, 216.46444606781006, 241.63691186904907, 268.4530394077301, 296.96811985969543]
nauc_scores: [0.7482643330750982, 0.8381876069773042, 0.8754984888012398, 0.882524272745052, 0.8964585656164104, 0.9014650750900124, 0.9088721165415063, 0.9040587829765452, 0.9222086529527751, 0.9125062932850212, 0.9124876309258527, 0.9174009958583462]
accuracy: [-0.00039449269255164285, 0.0013850472358778565, 0.002373153108516138, 0.0024870982609049375, 0.002850216317991276, 0.003430672590609534, 0.0032479790299676657, 0.0035364176851007687, 0.004108571756902168, 0.004302347020148108, 0.004300376936606823, 0.004301483314302346]
