ingestion_duration: 304.8042051792145
ingestion_success: 1
end_time: 1566070791.8939607
