ingestion_duration: 307.6385462284088
ingestion_success: 1
end_time: 1565994535.0944452
