score: 0.018969782845347595
Duration: 307.35517406463623
