score: 0.6870291630606876
Duration: 304.55103397369385
